35 87
22 17
15 23
14 10
22 25
23 25
25 14
13 19
22 18
24 19
15 9
17 21
9 11
25 19
9 19
18 22
17 8
13 8
19 11
22 14
22 24
19 9
22 11
18 18
18 15
22 9
8 24
26 21
11 20
21 17
10 21
16 23
12 18
18 23
26 16
20 16
18 14
20 22
20 26
11 12
12 11
9 20
26 9
24 18
22 8
26 12
26 10
13 9
8 23
26 17
19 25
17 25
22 22
10 25
12 13
14 8
16 8
23 8
23 14
25 21
10 26
15 26
26 20
18 21
23 13
21 21
13 21
14 23
12 19
15 24
8 22
18 16
25 25
13 23
14 17
9 10
21 19
18 8
20 20
24 10
19 26
22 19
13 10
10 20
15 15
14 25
14 21
24 25
