55 168
35 15
38 16
36 16
26 16
33 25
26 14
24 21
23 20
26 31
18 20
17 24
31 17
30 29
32 18
19 40
24 38
31 23
24 27
30 28
27 20
32 29
40 32
37 20
28 24
34 35
34 34
14 32
18 23
16 16
30 32
27 22
38 35
41 32
13 34
36 30
41 26
31 22
26 36
25 18
14 16
18 14
26 26
23 13
13 39
38 30
26 39
29 22
38 14
39 24
41 13
23 26
27 25
25 17
25 27
20 33
21 31
33 39
41 24
15 21
15 14
22 31
36 25
36 28
25 31
20 37
29 36
25 24
30 23
39 35
13 32
33 32
39 27
21 36
17 18
34 15
32 17
13 33
22 19
33 24
17 21
29 41
28 13
38 13
26 18
31 28
21 41
36 13
17 31
28 36
30 20
28 20
23 23
17 27
28 14
15 19
13 22
17 40
15 34
19 28
28 33
18 16
24 16
16 20
15 26
17 29
40 41
34 23
19 34
25 23
28 25
13 26
34 26
33 18
15 23
38 20
31 18
39 31
34 25
37 34
28 40
35 31
31 25
27 23
40 18
35 40
32 39
31 32
16 39
29 15
13 13
21 21
26 32
34 19
31 19
36 35
30 14
14 22
26 15
22 24
35 26
22 17
30 30
37 21
36 33
23 25
28 19
33 28
40 16
36 21
26 35
27 38
19 41
35 34
34 13
32 35
37 33
35 27
13 15
30 38
27 32
32 26
24 17
39 38
39 29
23 28
30 16
39 13
22 34
