49 184
18 34
29 14
27 19
30 33
25 33
22 19
34 30
29 16
31 15
35 16
21 21
17 17
17 14
34 25
19 34
34 33
24 28
31 12
15 19
13 26
34 36
24 15
15 29
24 18
20 18
23 28
28 31
13 36
26 21
27 31
32 20
17 36
18 26
35 35
20 19
30 28
25 13
30 36
22 22
35 32
30 25
33 33
25 18
26 16
26 17
21 26
33 27
16 14
25 23
15 24
19 32
29 15
34 23
30 30
20 23
13 23
24 29
35 36
26 14
26 31
12 12
16 36
33 34
18 18
15 12
28 13
24 22
23 34
23 22
24 16
29 32
27 16
23 17
16 31
23 31
35 30
25 14
26 25
27 15
14 14
17 30
12 14
21 31
25 15
33 19
16 23
31 30
27 17
26 15
31 26
34 18
22 27
35 14
31 25
32 31
36 27
29 33
35 24
19 14
16 15
18 22
21 15
28 33
25 22
22 28
34 24
13 29
28 23
27 29
17 18
16 17
18 19
29 34
28 25
16 21
18 15
16 30
32 14
29 24
26 36
14 36
33 25
36 23
25 35
32 32
33 13
20 28
24 14
34 17
25 34
35 13
21 36
35 29
25 17
34 15
16 26
17 25
12 23
34 22
24 17
20 21
33 36
13 22
17 22
24 31
15 36
33 17
14 23
22 36
28 12
14 19
21 34
15 20
13 30
35 28
17 26
36 22
16 22
15 16
31 36
12 21
32 13
29 13
14 24
31 16
15 15
19 33
22 23
20 33
12 18
33 30
33 24
12 26
25 25
28 35
26 19
12 16
33 14
32 12
14 28
27 33
35 22
15 33
17 19
