53 178
27 25
26 33
33 30
29 22
37 33
36 16
20 36
15 21
27 29
29 34
25 36
15 19
19 13
30 39
21 38
30 21
35 16
36 37
16 21
23 29
20 29
16 38
21 32
22 30
19 29
39 30
34 14
21 28
17 27
25 23
33 19
33 20
22 33
26 13
24 27
32 14
35 26
20 31
18 14
17 16
37 28
29 13
25 13
28 21
22 36
13 27
21 23
16 30
32 17
21 36
21 18
33 32
15 35
34 13
28 39
32 28
17 38
33 26
16 36
29 23
22 34
36 36
19 39
13 39
23 19
19 37
27 30
27 21
23 20
21 30
14 30
15 29
18 18
26 14
39 18
36 31
20 26
30 35
22 26
29 39
26 29
15 20
35 29
25 16
34 24
33 33
32 30
38 24
38 34
27 22
36 21
15 22
22 15
30 13
20 21
36 26
31 34
24 39
24 26
20 24
14 25
31 31
31 33
16 28
19 19
24 23
24 37
36 19
30 37
18 24
20 15
28 29
36 30
34 37
25 38
34 34
21 20
13 15
39 29
13 13
14 19
16 29
31 17
31 19
27 33
14 20
30 26
31 29
13 16
37 17
17 15
19 36
32 24
27 31
15 14
14 24
23 26
24 24
16 15
30 22
28 19
30 29
15 27
23 16
13 38
17 39
28 13
35 30
23 33
19 35
29 17
34 36
39 28
20 37
18 39
21 17
26 37
32 18
19 31
30 31
18 30
33 36
35 13
34 30
23 22
20 39
37 24
39 25
24 18
34 20
17 14
17 29
14 38
16 13
15 16
17 13
33 25
14 26
