37 107
10 22
13 16
14 25
13 9
15 16
21 19
23 18
23 11
27 22
17 19
19 9
13 23
23 23
9 11
23 17
10 27
24 11
16 15
25 10
26 27
9 16
23 16
11 27
11 15
20 16
24 12
18 18
14 26
17 22
26 26
18 24
21 9
27 10
19 22
11 26
16 27
14 16
16 12
19 27
18 23
26 10
12 13
16 19
21 23
13 22
19 13
11 22
23 10
14 9
24 16
15 21
26 11
13 13
22 14
22 21
12 24
27 21
26 19
24 23
15 9
16 20
23 21
18 22
26 20
24 22
19 18
12 15
11 23
27 27
20 12
26 15
12 10
26 16
9 25
14 20
10 17
14 22
27 20
25 15
11 18
12 23
21 15
17 10
21 14
16 23
26 13
15 27
20 14
25 17
13 18
22 17
14 13
15 24
13 17
23 19
24 10
9 14
19 20
21 24
17 21
27 25
14 15
10 16
10 10
22 15
27 14
11 10
