47 156
11 20
31 26
34 25
15 23
21 30
27 27
17 18
19 13
34 31
33 24
11 34
11 13
20 28
28 13
11 15
34 28
12 12
30 22
35 32
24 31
25 16
32 28
17 35
23 16
18 14
30 21
17 19
31 35
26 11
26 25
14 18
31 24
29 34
15 20
28 15
32 16
16 14
22 14
34 13
25 34
33 33
11 16
28 28
26 29
12 22
20 11
19 14
18 28
12 31
27 20
14 14
20 29
11 21
32 21
14 11
22 11
32 29
35 22
29 17
34 12
23 13
16 28
30 35
11 14
20 20
31 13
13 27
24 19
19 18
35 11
24 12
14 26
28 29
31 18
32 12
32 32
16 18
21 15
29 22
34 19
31 16
13 21
27 22
35 28
15 16
13 23
33 16
28 34
21 25
19 19
19 15
31 32
19 17
17 30
12 24
30 25
30 18
21 34
31 33
18 30
25 15
22 15
17 21
15 28
29 33
29 31
18 16
12 17
17 33
17 32
27 15
31 34
24 22
33 31
26 13
24 13
11 19
15 15
11 32
27 30
23 34
11 23
16 31
26 28
18 19
14 19
32 17
14 16
17 13
29 11
32 23
14 35
20 22
29 24
22 30
22 32
18 21
31 27
28 20
27 31
24 15
12 20
15 21
19 23
22 18
20 14
25 35
24 21
17 27
15 24
30 24
30 17
26 32
26 14
15 18
27 33
