59 256
33 19
33 29
23 27
18 33
22 18
17 21
16 30
29 21
14 38
21 42
19 25
34 37
42 21
31 22
40 34
24 15
19 23
28 23
31 21
42 14
43 43
41 35
40 20
22 17
34 26
31 24
23 28
36 28
39 26
37 20
27 22
44 16
16 40
24 27
28 17
43 35
36 44
40 16
18 36
29 28
35 21
22 40
30 39
23 34
31 15
14 31
19 30
36 32
42 31
17 15
19 35
39 37
22 22
24 19
29 44
17 14
21 41
44 25
24 42
28 21
44 34
21 35
22 21
38 29
32 18
29 26
35 15
22 35
23 26
14 36
40 22
15 26
30 34
25 38
15 42
16 37
28 40
17 31
40 38
33 22
27 26
19 19
20 32
41 37
25 35
17 35
35 19
33 24
15 17
18 16
14 34
14 20
14 16
36 21
25 44
41 27
35 24
33 38
19 42
25 43
44 38
31 36
29 39
19 17
21 14
14 41
32 41
44 31
43 26
21 15
29 17
31 14
35 33
14 22
27 17
41 29
39 30
20 21
15 25
43 16
23 24
39 27
41 16
40 41
22 15
30 16
36 36
26 24
16 38
25 28
35 38
15 15
43 41
25 16
41 31
28 33
26 34
24 36
44 29
32 34
28 38
34 22
34 32
34 43
41 19
19 27
43 20
27 43
30 21
23 41
30 42
31 37
19 43
27 36
30 19
20 41
22 28
28 22
18 23
31 30
43 28
41 33
28 41
38 30
16 16
25 27
40 42
44 40
19 16
34 28
40 36
18 30
30 17
34 33
36 19
31 20
30 28
16 21
19 39
29 19
27 40
43 22
19 40
40 23
29 18
28 24
20 38
30 40
28 27
38 15
22 37
33 18
37 43
26 30
24 21
37 23
38 42
34 27
19 41
14 42
35 28
23 31
19 20
44 33
18 25
30 26
30 41
28 20
27 23
27 18
41 22
40 43
20 42
33 31
25 29
20 40
14 19
32 27
41 14
31 39
14 32
35 16
40 17
29 24
30 27
36 30
17 20
22 41
40 25
16 31
15 35
40 37
32 31
24 35
31 27
29 22
35 36
14 15
28 19
27 42
17 44
30 24
36 31
39 32
37 31
16 26
25 23
29 30
43 25
25 34
27 19
18 39
37 38
26 39
37 18
33 41
