41 85
21 23
29 23
10 12
15 12
14 22
30 20
15 15
19 11
23 25
25 26
26 11
22 12
20 11
14 11
23 30
19 25
13 19
25 21
24 18
10 26
16 17
25 19
17 15
24 16
14 27
10 30
28 14
18 11
17 19
22 21
14 20
19 26
10 13
11 11
25 28
23 14
16 12
28 30
23 11
13 18
19 17
23 19
22 26
30 11
29 14
22 24
22 11
17 29
27 19
19 28
12 12
10 10
16 13
17 10
18 13
21 14
11 22
13 11
27 11
16 18
26 13
30 24
25 11
22 10
18 15
12 14
29 30
11 26
17 28
13 23
22 14
15 26
19 14
22 25
23 12
29 17
27 10
30 23
19 12
26 25
10 24
17 13
27 14
27 22
25 16
