53 145
21 19
31 23
20 31
30 21
21 25
16 25
30 23
26 33
15 24
27 26
32 29
39 23
31 34
19 31
24 38
31 32
38 26
36 35
39 33
36 15
36 20
35 26
15 22
29 25
17 33
18 30
25 14
16 14
33 33
26 19
29 39
33 21
16 20
18 27
33 24
23 28
35 32
14 38
27 35
25 15
27 22
23 22
39 13
26 23
31 35
28 36
37 14
22 36
38 35
24 17
30 32
22 28
32 23
23 36
22 17
14 39
37 37
22 22
32 21
24 32
17 20
27 21
35 36
31 22
27 32
30 35
38 36
25 32
14 31
38 34
34 13
28 17
29 30
20 20
37 35
13 32
33 31
29 38
18 31
25 13
29 35
31 20
27 39
34 14
30 37
29 31
24 25
32 13
37 39
28 31
24 19
39 15
15 15
16 16
34 28
29 29
39 34
33 18
34 21
32 30
32 24
37 21
17 23
18 28
34 22
28 32
18 35
21 36
13 16
15 17
35 29
18 18
19 23
38 15
23 27
17 36
34 33
31 14
27 31
26 18
14 14
19 30
26 28
24 34
35 25
32 28
16 29
20 32
36 18
27 19
17 17
27 30
33 28
16 26
25 22
38 32
24 30
33 13
26 38
26 15
13 33
23 23
16 35
28 13
26 36
