47 147
32 32
12 19
26 35
16 28
22 18
27 11
11 25
32 22
16 35
23 23
23 34
15 29
34 29
11 19
18 14
17 29
28 29
17 20
31 29
31 12
25 30
35 27
32 24
12 22
22 21
14 11
34 13
34 22
14 30
27 18
13 17
15 25
17 17
15 33
30 24
28 34
21 13
14 20
12 33
28 11
24 18
29 23
35 18
25 18
13 29
16 23
23 13
33 30
26 27
12 26
16 20
22 28
20 12
33 23
27 14
31 26
25 29
23 33
26 34
13 11
35 21
25 15
30 14
21 14
29 28
28 12
14 26
24 19
33 25
13 22
19 19
23 21
15 28
13 23
29 13
17 25
35 28
27 23
33 27
30 22
33 18
21 19
14 18
17 35
25 14
24 17
11 22
14 33
29 29
26 13
35 20
14 31
21 34
35 33
15 31
22 29
30 23
19 12
24 26
16 14
15 34
18 31
35 23
17 22
11 13
26 19
32 12
20 31
24 30
11 12
13 19
21 15
29 11
26 16
23 20
34 18
28 30
16 25
21 32
34 21
32 14
29 17
29 24
12 12
16 21
34 33
24 31
21 27
17 11
24 22
11 20
17 15
21 22
22 15
17 27
15 19
31 33
29 15
21 11
22 27
27 16
23 12
27 12
14 25
26 14
25 12
31 31
