37 110
26 14
12 16
10 20
15 27
15 12
13 26
22 11
11 26
9 20
12 22
18 21
25 15
24 26
19 13
11 27
16 18
26 18
21 26
19 26
16 21
9 19
16 22
10 17
15 26
11 17
24 10
21 9
26 19
10 27
21 19
26 11
18 15
21 23
11 24
22 20
18 23
23 22
27 11
9 16
16 24
23 27
23 14
14 10
17 14
17 9
26 20
23 13
16 20
9 27
21 18
11 18
23 25
16 10
27 17
16 17
25 21
16 12
14 14
22 25
13 9
20 15
14 25
18 10
21 27
14 11
18 13
24 13
17 19
10 10
27 16
25 20
12 18
17 24
23 20
20 17
19 11
20 21
10 22
24 21
9 10
20 12
27 23
23 17
23 15
26 24
26 16
27 14
23 9
14 22
19 20
21 21
13 20
25 11
20 9
23 24
10 9
25 14
11 11
21 24
16 26
22 22
18 12
15 13
22 15
12 25
21 12
18 16
19 14
25 16
13 22
