51 138
21 26
18 23
30 15
33 19
19 16
24 20
26 23
21 12
28 31
31 38
25 34
28 13
14 13
15 22
27 16
34 33
18 22
38 28
24 26
34 37
13 38
24 23
34 16
16 29
22 31
25 15
24 30
14 22
33 38
33 26
12 33
18 12
23 18
32 15
18 36
17 38
31 15
29 15
29 16
26 34
22 33
20 29
24 22
38 14
12 37
35 27
32 32
35 36
33 36
19 14
12 16
38 25
38 20
25 12
37 30
33 15
25 36
26 35
14 25
20 26
20 28
30 26
26 32
18 31
14 12
36 15
15 31
13 14
35 31
23 23
13 35
33 22
33 30
33 16
19 15
34 15
26 15
37 38
27 28
25 29
14 30
31 36
15 34
23 21
36 35
24 12
31 34
32 17
16 30
18 15
18 35
16 18
29 14
17 24
32 31
32 23
34 31
31 27
37 31
14 33
27 38
31 26
38 12
14 36
37 20
30 23
36 26
19 17
17 36
17 19
27 34
21 36
35 12
26 30
23 15
15 37
20 38
32 27
36 36
26 29
25 19
36 22
23 34
16 15
25 33
37 19
22 25
29 28
30 35
25 21
33 27
14 29
13 18
27 33
36 25
35 24
32 38
24 29
