61 243
25 23
36 45
19 18
22 40
21 23
20 19
32 20
39 22
31 31
28 25
29 20
31 33
40 30
35 25
20 28
33 40
19 33
34 23
15 28
30 20
21 41
32 33
38 15
41 17
34 27
24 29
36 40
27 29
16 42
36 15
32 29
39 33
21 39
31 40
18 31
17 18
42 27
45 16
39 19
43 22
16 22
32 35
38 29
36 27
35 16
24 38
43 28
17 24
31 38
37 42
29 42
19 26
18 23
38 34
29 45
22 20
41 31
31 22
22 35
18 45
36 36
26 36
37 28
43 38
28 27
27 35
26 25
22 41
27 19
31 29
15 21
33 42
27 45
17 40
19 24
34 35
20 32
37 35
35 17
40 23
32 31
42 37
15 20
34 45
26 23
45 24
39 43
35 19
20 23
31 30
37 31
25 40
41 33
23 27
34 29
21 21
21 29
23 22
40 38
28 45
41 20
18 43
26 26
41 19
33 25
23 40
23 17
17 41
26 15
42 42
39 34
20 40
24 17
20 21
24 20
19 42
40 24
41 40
19 29
27 33
24 43
28 36
30 39
35 26
20 24
34 16
29 24
25 20
21 26
45 41
31 21
41 15
38 44
43 29
45 32
28 32
21 24
16 34
29 16
38 20
39 24
40 35
15 41
38 38
37 34
45 37
17 32
17 35
43 42
42 18
32 26
35 30
31 42
23 25
27 32
19 41
41 37
17 39
37 17
22 27
32 19
44 35
27 22
33 39
45 35
24 32
40 18
39 35
27 42
15 25
43 26
22 43
42 34
20 20
26 18
16 18
30 31
18 16
17 19
41 35
16 30
27 23
37 20
20 31
21 34
42 22
38 39
28 15
15 43
22 37
33 22
35 21
38 16
18 32
20 36
16 32
39 23
29 25
39 16
40 32
40 31
33 29
25 45
18 28
44 20
36 26
45 18
36 44
18 21
20 16
35 15
37 25
28 21
43 39
42 21
20 25
32 34
31 37
43 18
17 37
21 36
38 42
33 19
17 38
32 15
42 28
16 26
24 21
45 36
23 30
29 34
18 27
36 19
31 26
24 23
25 15
45 42
24 42
43 33
15 39
38 30
38 37
34 26
