39 103
14 13
25 29
22 25
28 24
16 14
15 23
27 15
20 20
27 14
20 19
21 27
18 21
20 24
9 23
15 10
23 16
26 22
14 20
24 23
21 9
11 25
21 19
11 18
23 28
28 15
29 20
28 21
16 24
11 28
16 12
28 17
21 15
9 27
16 17
23 22
15 22
20 26
28 9
22 18
22 17
25 25
11 22
29 13
29 10
22 9
20 21
14 15
15 19
23 17
26 15
22 13
18 9
9 19
12 18
28 18
22 29
10 16
17 18
21 11
29 12
14 26
28 28
29 19
26 20
13 20
20 27
14 14
23 9
26 29
22 20
9 14
28 25
25 23
17 16
14 24
26 11
29 15
20 10
21 16
11 16
25 24
16 22
10 13
28 27
14 9
28 13
11 13
9 26
24 13
13 11
26 12
10 18
22 14
27 29
29 25
27 17
14 28
15 20
9 9
16 19
21 25
21 20
10 27
