55 164
40 20
29 17
24 38
25 25
31 19
25 17
34 13
24 24
27 39
19 13
28 23
13 23
32 18
17 31
15 38
17 13
31 15
24 16
34 26
36 34
35 33
14 19
27 35
33 24
13 17
30 23
16 18
29 23
33 16
31 20
36 26
41 35
26 40
17 22
32 35
21 15
37 17
36 36
15 19
17 40
41 32
18 18
41 36
19 27
14 28
13 20
35 13
14 16
38 13
37 19
19 14
14 32
27 33
23 40
29 33
31 14
37 22
36 19
17 26
17 20
38 27
24 26
36 25
17 29
30 16
15 39
37 26
25 16
23 41
21 14
15 41
21 18
35 25
24 17
23 25
29 31
33 21
20 23
17 24
25 36
32 29
34 25
34 27
37 33
16 26
40 40
39 15
21 17
15 30
16 30
34 20
20 31
25 27
26 32
17 21
33 27
31 28
34 38
14 41
25 22
30 13
36 30
27 27
40 27
20 30
29 27
17 41
13 29
25 20
21 39
38 20
34 28
29 35
38 33
22 35
22 13
34 37
21 24
21 40
23 20
18 21
37 40
35 14
17 35
38 39
37 13
29 19
29 37
36 27
23 14
31 38
39 17
39 37
28 31
14 37
16 24
22 14
36 24
37 29
19 21
29 21
32 36
24 27
40 28
34 19
27 17
23 24
13 38
26 17
24 25
30 21
30 20
14 21
28 18
18 33
40 14
21 31
30 34
29 38
19 41
32 28
15 31
26 23
29 14
