43 102
15 24
27 17
32 28
31 27
22 18
24 22
29 31
25 31
18 26
23 21
25 11
10 31
17 10
13 16
27 32
17 19
11 26
30 14
26 15
30 25
22 16
14 31
25 26
21 13
30 30
31 19
21 21
12 28
26 13
10 30
14 26
18 15
14 11
16 18
25 24
30 10
16 22
18 30
21 28
12 18
27 20
24 23
31 12
30 32
19 28
10 15
20 31
30 16
32 14
27 11
21 17
32 30
28 10
14 32
32 18
12 32
14 22
20 17
17 28
26 28
15 32
22 23
17 29
29 12
29 17
24 29
12 31
32 15
16 24
12 15
10 29
31 16
25 12
25 32
23 27
21 22
19 25
28 19
20 20
15 14
18 18
31 11
13 27
16 10
13 17
24 25
10 14
32 29
28 31
32 17
23 20
13 21
28 11
13 13
15 20
22 31
29 29
23 24
32 12
25 18
20 32
20 19
