59 91
38 26
32 18
21 26
42 41
44 42
20 29
28 15
33 27
41 27
44 27
15 23
41 41
22 15
41 33
38 15
34 42
44 23
42 42
33 19
28 39
31 16
39 27
32 39
42 25
21 19
19 31
20 34
29 26
24 29
25 30
21 43
15 16
24 33
23 29
20 32
29 42
21 16
21 18
37 39
38 32
35 37
30 16
25 33
25 42
23 18
25 25
34 31
43 37
43 42
25 27
37 16
20 40
19 34
20 19
31 42
16 32
36 23
43 35
25 31
29 38
31 38
27 42
40 34
34 36
15 34
24 26
35 14
19 39
36 15
23 19
44 34
24 28
44 17
33 43
42 37
33 22
43 17
18 34
18 22
25 38
26 31
18 35
29 35
30 22
37 31
15 17
14 32
20 20
22 24
31 36
34 34
