47 83
29 19
22 18
26 22
24 14
33 14
17 24
26 21
14 26
26 26
16 33
22 14
30 32
27 34
32 21
31 12
27 22
34 14
27 24
16 16
22 29
27 31
12 11
24 25
32 29
25 22
21 20
29 21
31 35
27 16
16 19
15 15
28 22
12 35
30 29
32 27
26 35
14 14
30 18
18 16
22 13
16 15
33 19
31 20
35 12
33 34
16 31
21 22
11 28
14 11
20 17
30 30
30 20
25 32
28 25
11 13
14 30
18 20
15 26
18 22
29 23
17 33
24 32
21 25
24 11
12 15
20 19
17 18
34 25
20 26
30 34
13 21
29 16
16 22
20 30
35 33
18 30
20 14
21 29
26 20
15 22
23 26
22 17
20 15
