43 128
15 19
13 23
23 28
17 15
28 29
18 21
32 21
20 19
15 11
32 18
25 32
22 19
21 21
17 26
23 20
14 11
10 27
31 30
30 11
28 20
24 31
19 10
32 20
22 17
13 31
19 30
23 16
27 32
24 12
21 20
15 31
18 15
29 27
31 29
17 16
26 30
13 29
26 28
21 28
15 29
19 23
19 16
11 24
23 13
30 30
27 27
25 27
17 24
12 23
16 25
28 23
26 18
19 19
17 18
26 29
14 26
31 14
14 15
13 19
32 27
25 22
18 28
14 25
11 23
30 21
22 28
22 24
16 32
17 21
25 16
17 14
30 28
28 21
23 30
26 19
31 19
30 10
30 13
32 30
20 23
21 13
26 31
30 24
17 13
19 11
16 15
22 15
14 17
23 24
16 30
28 30
18 27
31 15
21 29
22 11
22 27
31 16
31 10
12 13
12 22
16 13
12 25
15 12
18 22
29 22
31 22
26 13
32 11
11 26
13 13
14 22
31 12
24 13
23 27
18 13
15 17
11 22
25 25
23 17
15 20
27 15
24 11
18 19
20 32
29 21
10 22
30 29
27 11
