57 205
20 24
37 28
37 40
23 39
25 42
19 25
37 38
31 16
42 34
26 31
35 34
21 25
41 14
35 38
31 40
32 27
18 27
28 22
35 20
16 38
30 23
41 29
25 34
31 15
14 33
16 16
20 19
30 35
16 32
27 26
29 22
31 19
15 25
35 31
23 28
35 28
28 19
34 38
18 15
24 22
38 21
18 31
40 17
42 24
41 16
16 20
31 42
31 18
24 39
38 30
32 37
17 38
26 38
38 20
16 42
14 24
32 21
16 22
35 36
32 33
17 26
22 29
35 41
16 27
39 29
37 41
39 42
36 35
37 23
29 38
23 32
17 28
22 39
20 17
22 37
42 38
31 24
28 38
37 36
32 40
24 25
36 17
41 36
36 31
14 26
39 32
34 21
23 36
28 15
26 34
26 36
28 36
18 18
28 33
30 14
41 41
41 15
17 30
39 20
28 35
35 17
14 36
34 33
18 35
15 42
21 39
14 22
27 18
35 39
22 27
41 31
28 14
17 19
23 30
25 16
25 40
20 20
34 23
33 40
27 24
18 34
32 42
37 27
26 29
31 25
19 30
38 29
41 28
19 41
24 32
24 34
17 15
31 28
34 22
38 37
17 18
33 16
33 36
33 19
26 40
38 36
36 38
41 17
27 35
29 19
19 20
39 34
24 35
33 34
20 40
26 25
29 15
34 28
36 39
27 28
27 34
29 18
28 16
33 41
30 29
41 37
42 26
39 28
35 15
26 28
38 32
20 41
29 35
28 39
30 36
21 20
33 30
14 40
30 18
39 23
29 42
16 17
42 18
32 36
27 21
35 27
39 24
34 20
32 34
34 40
21 24
27 40
30 27
23 14
16 40
21 42
29 36
42 15
29 41
32 31
15 36
39 25
23 24
36 19
22 24
23 21
33 32
36 30
30 33
39 36
