51 183
16 31
14 12
17 27
22 22
34 18
27 14
24 38
13 25
33 37
36 12
12 19
33 35
21 13
16 36
32 21
36 32
25 12
16 26
23 23
28 35
35 29
32 16
29 26
26 33
34 34
38 28
36 16
28 24
19 36
17 18
15 24
36 31
34 19
26 32
37 21
35 24
37 26
25 35
12 18
20 26
15 18
35 22
31 31
30 29
33 22
33 12
16 34
36 21
14 28
29 33
33 18
25 21
19 32
24 30
35 37
34 33
34 23
32 12
25 28
33 28
34 26
12 37
17 36
20 31
17 35
19 25
28 37
24 33
28 38
32 18
29 12
13 26
13 14
12 23
22 29
19 13
24 31
31 26
27 34
12 20
27 19
19 26
16 33
34 25
31 16
31 38
16 19
36 15
21 30
29 13
13 29
38 30
26 34
37 38
26 28
12 16
37 17
33 29
13 12
23 22
37 16
12 33
27 24
16 38
15 21
24 14
18 23
30 28
36 23
24 13
29 35
38 27
22 27
31 30
17 34
36 22
26 21
33 30
28 17
13 17
30 21
12 32
14 21
15 33
31 21
34 31
18 21
13 27
32 26
24 36
23 30
14 33
38 25
33 31
13 31
34 15
16 28
27 37
22 28
20 33
35 20
28 22
22 32
17 23
18 30
29 36
26 12
36 34
22 30
36 17
21 19
17 25
21 12
37 14
24 25
12 28
14 13
21 15
33 38
14 24
19 30
28 32
30 20
21 18
19 19
15 15
35 18
16 12
15 30
34 35
22 37
27 27
28 34
32 29
13 15
34 30
23 17
15 37
14 14
26 31
27 25
13 19
19 15
