53 86
20 31
26 34
37 23
18 33
22 32
21 31
15 37
39 35
38 33
38 20
16 13
31 29
34 28
13 32
27 39
23 22
26 15
20 23
33 32
22 34
34 21
35 21
36 39
30 39
33 14
20 17
39 17
26 26
15 31
31 18
13 13
15 15
23 32
17 23
31 17
38 32
34 29
26 31
21 23
29 28
24 39
24 20
33 29
17 22
16 19
34 14
34 34
33 16
23 24
35 20
31 39
35 25
39 27
31 20
24 30
31 35
27 38
38 38
15 36
22 14
18 38
17 30
19 37
18 16
19 29
34 13
24 32
33 27
21 15
22 24
36 27
24 24
19 39
29 24
15 23
35 23
21 18
14 35
39 26
25 21
25 33
18 36
20 37
34 37
18 20
29 17
