61 307
39 16
39 34
36 36
17 16
26 45
35 38
15 16
17 23
44 28
19 16
39 37
23 23
23 27
25 38
41 41
22 28
43 41
20 18
20 30
44 40
45 35
33 22
20 44
40 16
30 30
27 44
38 36
36 42
36 40
42 22
36 18
33 28
16 22
31 18
18 40
23 29
40 31
33 23
16 34
31 40
36 43
22 43
35 40
23 15
40 32
37 25
18 25
42 35
21 40
23 20
43 28
40 23
34 19
26 29
29 24
41 45
33 37
26 28
34 39
28 24
28 42
28 45
24 16
36 39
22 16
41 24
35 34
39 25
28 20
23 40
25 29
23 37
25 19
33 21
22 39
39 44
27 17
35 41
21 39
22 19
35 15
45 25
30 31
29 16
23 28
45 18
31 39
23 44
20 28
40 19
29 22
28 36
18 44
20 43
21 37
17 27
34 36
33 18
43 22
45 42
33 31
29 31
34 35
38 33
17 36
30 38
27 18
15 21
34 30
43 25
40 42
38 37
37 31
38 40
36 26
15 30
23 17
22 20
19 21
18 21
24 38
28 21
27 31
28 27
35 32
37 41
34 43
29 20
40 33
44 36
45 26
29 43
32 39
44 39
26 34
45 39
26 30
36 27
28 18
17 34
32 33
20 45
43 18
39 33
42 15
32 20
43 30
36 31
25 23
35 16
26 33
32 35
31 15
16 44
20 41
21 44
30 37
21 36
42 25
45 38
39 28
40 30
24 30
16 40
20 20
39 26
44 16
24 43
22 38
15 22
15 20
17 17
26 20
25 17
19 23
17 37
35 35
22 30
28 41
17 31
17 35
41 32
18 32
39 22
23 24
30 42
34 26
21 28
31 23
18 35
36 28
36 45
18 18
36 23
38 29
43 42
45 36
28 38
27 20
32 41
15 39
42 43
31 31
22 27
35 43
18 17
30 36
38 43
43 27
31 29
20 39
42 23
34 37
37 27
44 24
23 38
24 23
15 24
23 39
16 26
44 38
23 16
27 27
39 38
25 41
42 33
30 16
45 23
30 20
27 24
26 37
26 36
44 15
35 25
21 30
33 16
28 26
39 43
31 22
41 44
43 43
22 45
16 20
45 32
15 42
36 32
37 22
32 18
18 23
32 15
45 43
35 21
43 44
26 26
35 28
33 43
21 17
17 32
45 37
23 30
24 39
21 34
38 20
26 32
40 17
30 28
29 17
27 34
37 23
43 36
27 40
33 30
34 33
44 37
24 27
16 24
38 24
19 32
32 19
40 41
37 37
22 33
26 44
38 16
43 40
43 29
32 25
18 45
39 29
21 18
33 26
43 45
20 31
15 17
43 23
31 28
36 25
24 34
17 20
25 16
21 24
20 33
33 36
32 30
26 38
29 40
37 20
