41 121
10 25
15 23
29 13
21 28
27 17
21 11
28 16
11 16
24 30
26 10
29 14
19 26
17 28
13 17
16 28
25 10
18 30
17 25
22 16
30 27
28 18
12 10
12 30
24 20
12 21
22 26
25 13
28 15
23 24
16 18
28 14
16 23
17 10
25 20
14 22
16 10
16 13
23 15
25 14
15 24
19 24
27 28
22 18
26 15
21 25
25 12
13 20
13 21
11 29
30 23
16 26
12 12
18 12
11 23
16 27
21 24
28 12
28 21
27 21
25 22
21 16
13 12
15 27
25 29
20 27
16 29
30 29
27 14
30 14
27 16
14 29
25 23
29 27
26 18
27 26
29 23
11 13
30 17
24 15
15 15
20 11
21 23
14 24
15 22
24 24
16 30
11 24
18 15
30 16
29 16
18 22
14 19
29 24
27 25
17 29
19 28
14 25
20 13
28 29
11 28
24 26
23 25
24 12
27 13
24 10
29 20
12 22
23 23
17 20
23 13
11 21
22 25
14 17
10 12
24 21
10 26
13 30
19 18
19 16
29 19
14 28
