49 171
35 18
31 12
17 26
22 28
33 20
34 17
35 34
14 33
29 35
31 21
16 21
23 29
16 15
31 29
22 16
32 26
17 22
22 27
23 23
21 36
27 33
20 28
15 18
13 34
15 14
28 22
35 24
15 21
18 27
27 15
32 21
12 12
32 12
12 30
23 21
32 29
34 34
21 25
28 34
15 33
33 16
29 25
26 32
25 12
17 24
18 26
34 24
21 15
32 35
24 31
19 20
26 19
26 16
17 34
34 16
12 29
30 22
36 14
18 24
27 21
16 13
16 23
26 17
19 17
21 33
12 17
15 25
12 26
12 14
12 13
27 30
36 26
31 31
23 13
26 23
34 26
29 23
21 22
27 17
26 29
28 15
18 17
22 36
13 36
18 16
22 18
36 33
19 27
35 15
19 35
19 33
20 25
16 33
30 18
13 29
35 23
16 28
20 29
36 29
22 14
17 31
21 18
19 15
25 34
33 18
32 30
31 25
18 30
18 25
12 15
14 31
18 32
21 30
19 21
32 20
12 36
34 36
31 15
13 12
32 13
32 34
14 19
32 15
24 13
22 15
36 12
32 36
23 20
26 14
12 25
18 23
32 19
17 25
23 34
32 24
26 21
24 26
24 23
36 36
21 24
26 27
33 27
12 27
29 31
33 24
17 12
12 28
14 24
32 23
29 19
35 14
30 15
13 18
34 35
27 22
21 26
35 21
17 23
28 20
36 28
19 32
18 28
33 33
26 15
24 21
18 22
32 27
16 32
26 35
24 15
18 15
