37 110
23 26
14 19
11 21
23 21
27 26
9 13
22 21
25 27
20 13
11 16
10 26
27 10
26 22
20 25
25 17
14 18
14 23
23 18
14 10
27 12
20 22
19 16
12 16
24 12
27 17
21 10
23 10
9 19
16 24
23 17
11 23
20 20
13 16
15 20
20 15
14 12
16 15
14 27
22 24
25 14
14 26
13 27
14 15
15 17
22 16
19 13
27 20
19 24
11 25
19 12
12 13
19 18
14 22
20 16
15 16
13 15
20 26
15 9
13 17
18 25
25 11
15 27
11 24
26 24
19 11
16 25
20 24
15 10
16 21
25 26
19 21
22 14
21 9
18 12
12 24
13 23
26 10
24 14
11 22
22 25
25 20
22 22
11 12
24 15
26 9
21 22
18 10
14 14
25 10
21 12
26 13
26 15
15 13
19 15
12 26
24 27
18 11
21 27
24 9
26 11
17 22
20 17
27 15
10 11
21 23
23 19
9 15
26 27
12 9
18 13
