41 83
13 15
24 27
28 16
12 17
24 24
21 19
11 14
21 20
16 25
18 14
28 17
26 24
11 26
28 22
24 28
12 23
14 11
19 12
29 25
20 18
26 27
16 30
14 20
26 29
16 10
15 24
24 16
25 20
29 12
16 22
15 14
18 25
28 19
19 26
10 21
29 14
17 12
30 12
26 20
23 10
30 18
24 14
19 11
10 22
10 11
12 28
13 10
30 28
29 10
21 14
23 30
21 12
10 17
30 14
20 17
12 30
23 14
18 23
17 20
28 29
16 29
11 20
20 11
17 13
12 25
12 13
25 16
10 13
27 18
28 28
11 28
28 18
23 28
29 26
26 17
25 18
23 22
22 13
14 21
10 18
18 10
12 21
10 10
