51 130
12 28
26 24
16 34
21 19
28 35
28 22
16 23
33 35
34 37
37 33
36 24
19 22
34 33
25 27
34 19
12 34
25 30
36 17
27 17
37 14
28 23
17 20
16 32
16 37
38 32
17 17
21 36
22 31
29 18
37 19
37 35
22 27
20 38
21 13
18 14
30 12
31 17
23 25
15 33
22 23
31 21
21 27
15 28
18 23
24 23
37 29
22 38
17 25
32 18
14 23
28 21
12 27
15 35
36 22
19 21
34 38
29 34
29 15
28 28
30 26
33 38
29 16
18 17
32 14
16 31
13 31
17 26
26 15
20 12
37 22
14 13
14 29
23 20
25 28
17 29
14 16
30 38
27 18
36 14
23 17
32 12
35 23
29 25
29 36
23 19
12 24
24 31
14 26
20 16
22 24
31 19
37 21
20 25
17 34
27 20
17 14
25 22
26 25
33 12
25 20
26 16
15 22
19 18
23 32
24 33
38 19
26 20
20 22
18 25
34 12
28 37
19 19
27 28
33 23
18 34
27 27
20 14
22 29
19 17
12 23
15 38
13 23
38 18
24 35
13 29
37 20
37 25
36 33
17 30
35 36
