53 108
32 17
14 18
27 33
18 25
24 37
23 22
14 33
30 28
19 20
13 13
25 33
36 22
27 36
28 34
22 13
19 31
24 32
36 23
28 17
24 21
15 34
26 34
29 18
17 29
22 29
15 32
29 23
37 39
35 36
35 23
14 29
33 32
36 15
23 18
13 32
23 39
22 17
25 25
37 18
36 32
14 32
33 29
20 35
24 20
39 24
33 23
23 15
15 19
20 13
14 34
24 22
22 30
15 33
27 22
32 34
19 17
19 32
18 16
35 21
25 29
20 18
34 19
22 31
29 19
26 20
38 18
14 25
19 26
19 13
25 36
19 24
16 33
25 15
16 35
19 14
25 34
21 19
34 35
33 17
39 19
21 31
19 29
34 17
32 31
30 19
32 21
17 35
38 39
19 16
14 26
22 20
22 18
37 35
23 34
31 33
39 13
25 28
30 15
34 34
37 37
37 33
18 31
30 14
26 17
29 20
14 24
18 24
27 35
