43 85
29 31
11 27
17 23
16 22
31 16
10 29
20 11
13 31
30 20
22 13
26 21
23 15
27 13
13 11
15 13
10 10
32 31
11 30
17 21
13 14
20 31
25 30
25 27
22 21
31 22
17 32
23 13
19 24
30 23
26 23
12 15
11 21
24 22
16 25
18 25
11 14
32 13
21 18
16 18
10 26
15 12
21 14
17 13
32 18
26 27
17 30
31 31
30 13
23 21
16 27
27 17
24 21
11 25
27 16
25 26
18 20
26 22
20 23
27 24
20 25
23 25
11 31
29 28
11 18
22 19
18 15
13 20
20 13
22 15
13 12
13 25
19 28
27 32
29 14
27 15
32 15
14 12
13 19
23 29
15 14
18 10
18 27
20 26
22 10
28 14
