49 100
22 20
34 13
29 15
28 26
15 27
34 26
17 25
32 22
30 12
21 25
24 35
13 14
19 27
19 23
15 19
23 27
32 18
14 22
21 20
22 29
32 34
35 29
22 17
22 25
25 29
15 18
17 13
32 29
21 13
35 34
32 35
33 25
18 21
12 14
23 32
25 27
13 20
14 20
21 33
26 15
31 26
30 35
16 32
23 34
36 21
15 36
24 14
27 27
32 12
31 27
16 25
20 33
19 30
30 15
35 30
14 31
34 29
25 18
30 23
17 16
29 26
21 24
28 19
17 12
27 32
29 31
14 14
27 26
24 20
30 22
19 35
27 19
20 26
15 34
25 20
28 13
32 33
16 12
27 24
26 32
12 18
29 35
27 23
30 34
29 29
22 28
34 19
23 20
18 15
25 12
30 16
14 25
17 15
20 35
27 33
16 14
13 12
25 14
12 31
15 22
