57 268
40 30
39 16
36 28
30 14
16 30
28 14
37 39
32 41
38 21
20 27
15 41
25 28
27 40
15 37
31 32
27 25
14 24
37 34
14 31
25 41
26 42
39 14
35 36
20 33
23 32
19 23
27 29
24 21
38 31
37 37
25 37
22 32
27 22
19 25
24 38
28 16
14 35
26 28
26 38
38 17
38 40
16 33
18 39
23 19
30 31
34 31
30 36
18 37
42 23
42 16
39 22
37 42
30 26
38 35
38 15
38 42
36 25
42 21
17 42
34 40
26 36
25 42
30 17
35 29
19 31
40 32
38 26
40 28
23 30
18 34
40 23
22 22
21 14
17 34
30 42
20 28
41 37
22 25
24 34
26 31
35 24
34 15
32 22
22 36
37 24
17 29
24 30
20 19
34 27
37 16
21 16
16 39
29 32
28 42
27 32
34 35
23 28
18 36
42 19
26 24
42 36
17 41
33 27
33 14
26 34
25 39
27 15
23 22
30 41
29 23
20 38
35 26
15 39
17 14
35 37
39 36
24 24
20 36
25 34
33 41
41 22
36 14
28 20
21 24
41 38
18 29
17 22
32 24
41 20
32 33
36 20
15 29
23 31
22 21
19 19
26 20
31 30
24 20
16 38
24 23
18 32
25 18
22 37
28 34
25 36
16 25
26 15
36 40
20 25
39 28
33 39
37 20
35 41
21 30
19 30
18 23
39 19
14 17
23 17
29 28
14 40
35 14
40 40
21 41
40 35
37 36
22 14
42 15
36 42
42 25
32 18
25 20
25 27
39 27
31 39
36 37
29 17
14 38
18 16
27 18
22 18
31 33
16 29
27 30
34 20
35 27
29 33
29 18
38 23
16 36
20 26
39 33
39 24
20 31
32 19
32 29
37 17
22 41
25 19
42 29
17 36
19 35
33 24
25 33
40 15
31 22
32 16
35 31
16 41
38 22
16 17
32 21
19 32
28 31
14 39
40 19
15 35
38 38
39 38
37 25
23 21
15 34
14 28
24 25
29 26
18 17
23 23
28 41
20 22
19 15
16 14
15 40
36 19
14 16
14 18
24 39
21 26
21 35
39 35
28 33
21 42
18 41
28 23
22 16
19 40
33 15
30 37
21 18
34 24
17 35
22 24
21 19
14 26
25 14
38 24
19 42
35 23
15 28
16 31
36 15
35 30
41 19
18 15
15 38
20 30
40 18
23 37
24 29
