37 101
13 10
25 14
9 13
11 21
11 10
9 26
14 18
15 27
24 23
21 18
16 22
10 24
11 20
12 26
13 22
19 12
26 12
24 17
22 24
24 12
17 24
26 19
15 9
13 17
20 15
11 12
15 18
12 16
12 18
16 9
26 16
17 23
16 15
27 14
22 11
14 12
9 14
27 21
20 22
25 18
15 22
13 27
26 24
15 25
25 23
22 27
27 11
20 21
14 9
14 11
10 19
22 12
25 11
24 16
19 22
18 14
17 10
10 25
10 27
21 13
20 20
15 11
18 10
26 27
20 27
27 26
19 9
16 17
21 26
14 15
15 16
14 14
15 14
26 13
26 26
11 17
27 23
26 11
17 15
24 27
16 12
18 15
21 25
24 21
22 14
12 21
14 25
11 9
13 24
10 18
12 12
14 13
18 19
9 12
20 25
21 19
21 20
24 10
13 19
17 27
26 23
