43 106
28 10
21 14
27 13
16 10
25 22
19 28
29 29
10 26
28 14
29 24
21 25
29 21
16 24
19 31
31 20
17 16
31 26
15 26
32 23
31 30
31 27
19 29
23 17
29 32
20 10
16 11
22 19
17 15
22 21
13 26
26 14
16 31
26 31
13 15
32 15
27 17
12 11
19 10
23 25
18 29
32 24
17 23
12 21
11 22
14 23
16 18
15 24
19 24
24 26
11 13
27 12
18 23
27 29
27 20
10 32
13 13
26 30
12 22
12 23
23 18
23 10
24 11
28 28
32 12
23 16
21 24
17 29
18 19
27 18
21 26
30 28
25 29
20 26
16 23
14 18
20 18
27 19
32 20
27 31
21 16
14 20
32 10
31 23
30 25
23 11
19 19
13 28
21 19
15 17
28 13
10 12
10 17
17 22
29 16
25 10
19 14
15 11
18 21
18 16
17 32
25 32
16 22
32 27
22 11
21 11
30 24
