57 111
15 15
33 19
41 29
37 36
22 22
18 32
23 30
36 37
21 20
27 33
34 16
39 29
41 21
36 19
26 27
32 20
42 35
16 26
37 32
26 17
23 20
30 31
36 24
36 16
26 18
41 28
35 26
29 33
29 17
17 30
30 32
23 42
29 38
42 23
18 23
39 34
39 27
38 27
25 17
26 20
36 26
24 17
25 27
21 40
17 32
19 14
36 14
14 38
39 23
23 28
27 35
24 20
33 22
28 30
39 25
23 17
17 26
23 41
28 15
21 14
30 36
39 21
21 37
21 36
34 21
35 31
26 28
28 26
19 24
35 17
21 30
23 25
37 33
20 17
35 33
22 36
18 21
22 29
23 27
16 39
20 26
21 18
39 35
29 15
35 30
30 28
37 34
41 39
42 31
26 39
17 23
25 36
32 38
16 23
21 38
42 14
17 35
37 27
35 28
14 16
21 24
24 24
39 16
42 39
34 27
42 41
17 20
33 21
42 36
29 40
29 31
