49 185
29 12
23 35
21 36
16 29
17 15
19 21
18 30
25 16
23 23
13 19
22 25
25 15
31 25
32 17
30 12
33 26
15 15
12 19
19 12
31 13
13 21
22 36
31 27
19 17
23 24
29 15
32 22
12 14
16 25
23 22
31 28
25 35
27 19
16 18
27 22
19 16
22 14
13 29
19 33
25 32
22 20
19 32
16 32
18 26
19 31
23 19
29 27
20 35
13 35
31 29
13 26
18 31
12 27
18 29
36 21
19 27
15 20
21 27
30 32
20 15
36 29
12 34
14 23
14 20
16 33
34 32
36 34
28 24
21 31
30 29
24 25
29 32
18 34
33 20
21 16
15 34
31 30
32 18
27 18
18 27
14 31
21 20
26 17
22 23
20 16
23 21
13 25
35 28
25 18
34 36
15 31
35 22
20 28
21 12
31 34
27 32
26 19
15 22
36 36
20 34
24 26
19 15
21 30
17 20
15 36
17 18
28 33
13 30
22 27
12 15
16 23
19 20
34 19
32 20
14 13
14 33
31 15
17 24
31 18
12 22
32 36
23 16
15 17
18 16
29 31
27 30
23 20
18 32
15 16
28 22
28 31
35 18
23 18
15 19
29 20
13 33
13 28
17 35
31 23
26 18
16 17
25 23
14 36
16 30
26 22
22 12
31 12
17 14
16 13
30 33
12 30
30 22
30 14
12 12
12 31
24 27
33 16
28 14
34 35
26 20
36 24
27 34
33 28
33 19
12 28
34 34
27 21
21 34
14 34
33 18
24 24
12 26
24 34
35 33
32 19
14 30
31 31
31 22
17 23
12 25
12 32
28 12
31 19
15 12
28 27
