43 152
22 29
24 27
20 22
27 20
14 21
21 23
19 25
29 26
13 17
16 19
31 30
25 18
15 28
23 21
15 13
18 30
31 11
13 12
14 19
24 25
17 32
19 32
29 24
23 18
13 30
15 23
23 30
19 14
20 28
28 13
29 20
32 22
23 14
31 18
14 29
20 20
15 29
30 26
26 31
16 31
14 23
27 17
13 15
11 32
24 28
15 15
30 24
22 25
16 21
11 26
11 18
11 14
10 24
27 30
11 28
25 24
16 28
12 32
12 20
23 13
19 30
21 24
18 18
25 22
31 13
15 21
16 30
15 30
26 18
11 13
26 11
10 22
20 12
10 23
17 18
29 16
30 15
14 17
17 14
21 13
20 13
21 10
22 28
17 22
17 29
19 20
25 25
27 32
24 14
13 13
32 25
21 30
30 14
14 10
21 17
20 25
18 17
16 23
20 21
25 20
28 25
21 25
13 16
32 18
31 23
13 28
31 16
12 26
19 23
18 23
16 20
15 10
16 16
23 10
10 16
28 24
21 31
11 21
28 11
15 27
31 21
25 14
25 23
15 17
22 17
12 18
30 23
31 14
11 19
26 16
19 28
16 24
18 16
27 11
28 14
11 29
17 17
28 20
14 24
31 24
32 10
21 20
17 26
18 27
32 29
12 27
12 28
21 12
23 31
28 32
32 27
13 19
