61 242
17 34
32 33
41 15
32 24
31 25
15 26
32 20
31 20
44 31
16 29
29 20
38 28
36 42
18 45
34 18
15 22
24 37
22 17
42 25
28 40
21 40
24 21
42 36
32 37
18 24
42 37
25 28
45 34
29 28
30 37
15 19
35 44
44 24
32 45
15 27
18 38
17 39
37 31
31 30
32 42
40 26
28 29
24 40
44 34
24 24
19 29
28 43
31 38
34 17
16 26
28 45
23 44
45 21
29 39
15 37
25 23
21 27
38 16
45 40
42 40
39 43
29 22
25 21
29 25
40 19
22 30
43 17
15 21
29 23
34 19
36 22
42 20
25 16
35 38
21 38
20 38
15 39
36 31
27 30
34 25
24 39
18 43
17 20
41 23
34 20
22 28
43 31
24 17
33 32
33 23
29 34
42 41
22 15
26 26
28 28
18 36
16 28
41 21
24 33
27 17
19 17
36 15
16 24
38 23
33 21
16 35
18 28
17 40
26 33
35 19
20 18
39 27
39 16
20 42
23 18
18 20
23 24
28 16
38 17
27 44
40 42
31 28
30 27
34 16
27 31
43 40
19 21
30 42
43 16
41 20
38 32
36 20
20 32
25 27
28 37
22 44
41 17
18 18
37 23
30 45
23 29
23 27
39 26
16 44
37 24
27 28
15 32
26 44
15 24
19 44
27 42
32 17
30 28
35 32
40 24
38 15
25 44
25 31
27 29
27 34
42 34
23 16
22 42
45 15
39 25
38 34
16 45
21 32
17 43
24 45
30 19
26 34
17 23
42 30
23 20
37 32
33 43
41 28
21 35
37 18
35 45
27 36
41 32
34 32
39 42
21 21
44 21
32 18
32 31
42 23
28 24
41 31
36 32
37 40
43 38
24 23
17 32
16 37
42 38
28 31
28 25
35 27
27 21
26 27
27 27
40 27
16 16
36 43
19 43
38 18
35 16
30 35
41 19
39 23
16 15
21 20
31 44
25 33
38 40
26 19
26 22
28 18
32 30
45 28
40 29
43 22
20 40
19 28
44 42
31 23
18 44
17 36
22 20
39 31
24 44
34 43
36 26
36 25
34 42
17 17
40 30
29 37
