59 103
23 39
32 16
18 44
30 28
32 32
19 29
30 37
41 26
15 23
19 16
26 31
34 18
20 32
16 31
24 15
15 30
17 19
16 28
17 38
16 25
21 34
17 36
28 44
35 33
26 30
22 23
41 33
38 32
43 42
41 22
39 36
40 43
30 15
39 25
36 37
15 36
21 36
33 20
30 35
39 41
21 40
41 39
41 32
19 43
40 42
31 26
25 36
27 34
20 23
18 20
44 39
43 17
34 16
36 29
25 41
26 23
35 21
28 19
27 28
25 35
15 19
33 22
23 40
38 25
16 27
28 35
14 22
23 19
33 30
23 32
36 23
25 24
37 42
17 26
28 33
33 16
21 26
35 18
24 22
14 42
17 39
23 21
41 28
39 27
36 30
41 35
43 44
42 38
41 16
31 33
14 15
33 43
21 15
32 22
32 36
23 37
15 37
22 44
27 16
20 43
41 30
18 16
25 17
