47 106
19 32
29 18
14 35
17 16
19 23
33 24
35 20
14 15
23 20
17 21
18 30
12 14
21 22
35 35
24 35
28 16
29 15
15 25
12 27
16 31
27 31
32 34
16 18
16 24
31 31
31 29
19 16
13 35
24 17
16 19
25 32
35 32
23 24
15 17
20 12
14 11
22 31
27 24
18 23
17 20
27 29
27 30
33 26
32 29
22 35
29 13
24 28
23 16
20 29
32 15
31 20
15 19
15 22
33 22
25 35
29 14
26 23
13 23
11 18
22 33
19 29
21 35
13 24
24 34
31 24
29 31
34 22
35 31
13 12
11 25
12 30
32 24
20 22
22 15
13 27
18 25
17 26
23 25
28 17
21 33
13 14
18 18
25 22
25 26
17 32
34 14
17 35
22 13
13 15
12 34
33 20
19 24
29 23
26 31
33 25
34 11
32 31
20 21
19 27
33 28
20 30
19 18
28 24
16 15
26 33
30 24
