51 110
34 22
29 18
34 32
16 21
15 17
23 22
12 25
12 23
36 35
29 16
29 32
19 25
36 16
37 17
19 16
13 23
32 38
32 36
28 14
24 20
24 24
18 20
24 36
15 38
22 17
29 35
36 38
28 38
33 27
24 23
21 21
19 23
35 29
15 12
32 13
25 23
34 12
27 22
27 18
21 32
14 21
35 24
30 37
13 24
33 24
33 20
21 33
22 23
15 33
35 25
30 33
23 28
33 28
34 38
31 22
24 26
37 29
21 26
26 33
26 31
23 34
28 37
36 30
38 18
27 25
12 37
34 19
12 33
27 16
34 30
34 35
35 34
24 31
17 38
15 15
18 22
31 12
22 31
27 21
32 22
20 20
18 28
25 25
37 21
30 36
18 17
18 36
27 15
31 24
19 24
29 25
24 22
21 25
13 29
37 22
25 31
17 37
21 28
18 19
15 37
30 25
31 28
28 31
37 30
28 33
13 17
24 28
35 20
20 24
34 16
