57 112
19 26
16 22
18 21
38 42
39 35
33 15
31 23
20 14
26 33
19 23
15 18
28 25
28 37
35 24
30 32
20 17
20 24
28 29
22 33
24 37
23 25
40 16
28 42
41 36
39 41
27 38
17 15
24 22
41 14
26 18
39 37
27 22
15 26
19 20
42 17
17 25
21 35
29 15
18 42
16 15
17 41
15 20
23 18
21 17
22 41
17 22
16 26
41 19
26 42
19 18
34 35
23 26
19 38
30 17
29 20
25 22
40 17
24 35
19 15
38 37
30 33
32 31
14 35
29 37
21 29
16 21
27 41
19 39
42 41
42 19
31 35
22 16
36 14
20 26
18 20
32 34
15 30
35 17
35 30
42 29
16 14
34 31
28 16
30 40
38 39
34 15
41 20
18 32
24 34
27 24
32 26
26 23
40 15
21 39
37 33
38 33
21 14
38 22
42 24
21 27
34 18
16 39
39 36
26 21
23 32
33 35
16 33
35 26
36 25
35 15
33 42
24 27
