49 170
34 32
20 14
20 21
31 25
35 31
29 13
14 26
26 26
35 32
22 19
17 26
29 30
27 13
21 31
35 30
14 18
12 24
20 15
28 31
13 21
19 15
26 14
35 34
31 22
21 21
23 21
24 12
18 16
20 33
25 13
20 19
23 31
14 22
33 24
12 30
15 36
25 29
27 23
16 33
25 30
16 18
12 35
13 17
16 14
31 15
36 30
22 29
22 31
15 27
32 25
21 19
21 17
26 27
32 31
26 23
20 30
12 26
25 33
21 33
16 12
21 35
16 20
35 21
29 34
21 12
16 32
28 17
30 22
13 28
31 36
24 26
15 17
13 35
27 24
19 30
21 25
15 19
23 33
16 22
33 33
16 31
34 31
29 23
15 13
29 21
26 34
26 32
30 34
13 18
29 32
12 20
28 25
36 34
13 19
27 27
23 22
14 30
30 19
19 18
22 24
15 26
14 25
27 29
16 27
22 25
35 15
27 15
22 21
12 15
14 15
22 30
26 15
32 34
21 32
36 17
32 19
15 30
18 22
30 20
26 35
33 15
15 25
27 25
20 31
22 22
28 34
19 22
19 19
18 32
30 26
25 23
19 12
24 16
15 14
12 25
17 21
16 17
36 20
36 13
30 21
28 24
29 26
35 16
14 12
27 34
19 20
16 35
30 12
32 28
20 13
15 33
17 16
17 17
34 21
35 20
23 27
24 27
13 32
25 22
15 35
36 33
26 31
36 14
35 12
16 30
30 16
16 24
18 26
33 12
33 20
