51 208
12 29
20 21
32 29
21 18
30 24
16 19
24 38
22 34
13 20
22 27
21 36
15 22
32 21
37 24
38 30
36 35
26 20
27 12
26 34
22 36
16 27
29 21
23 31
20 28
31 24
22 38
17 19
33 19
27 29
17 37
22 33
28 27
22 17
15 17
25 26
22 18
16 18
28 25
17 30
34 28
19 38
38 33
36 13
14 28
35 33
12 25
34 25
32 28
26 19
24 37
13 16
13 13
31 25
33 22
27 13
33 38
20 27
37 34
15 21
23 33
14 14
20 23
19 18
32 34
27 27
38 17
19 37
27 34
35 28
19 24
21 23
30 35
20 20
34 33
13 28
23 29
22 26
19 14
21 24
18 16
12 26
37 37
29 26
37 32
38 14
23 19
20 15
16 34
30 31
38 29
30 30
36 32
13 26
21 32
37 25
28 15
18 20
31 23
12 32
13 33
35 35
28 34
27 35
23 20
12 12
31 38
30 33
35 13
25 24
26 16
14 35
31 14
29 35
17 32
31 22
35 34
33 34
24 27
19 12
33 20
21 28
29 25
32 23
20 30
28 33
16 22
15 31
32 33
31 19
29 18
34 13
33 25
36 33
25 14
33 33
31 18
31 32
13 24
29 29
28 35
15 35
30 18
25 25
16 29
36 27
13 23
29 12
22 12
20 24
33 37
31 34
33 24
14 27
35 15
21 27
14 25
19 36
22 30
37 28
14 33
25 32
30 22
26 21
37 17
22 29
36 25
32 18
13 17
23 14
25 28
29 32
21 22
20 35
38 32
29 15
18 38
38 13
23 13
18 37
14 15
35 18
12 16
14 23
12 35
22 15
17 20
20 34
19 22
13 34
28 38
32 12
12 37
12 20
28 13
17 28
36 12
21 29
34 15
14 19
35 37
36 29
23 12
12 24
23 18
24 22
25 30
16 24
14 18
