61 114
17 24
34 21
17 21
19 41
15 31
43 23
21 28
17 35
40 43
17 29
24 36
36 36
45 43
22 19
43 38
22 23
21 21
16 45
16 26
18 15
43 28
36 34
40 19
25 18
44 27
39 21
34 31
33 24
23 19
25 38
32 22
33 41
31 32
38 16
21 18
26 17
25 42
29 32
28 38
40 23
25 16
23 38
29 19
41 17
27 27
26 29
24 26
40 40
44 28
15 24
22 44
37 45
20 43
43 27
41 20
33 28
31 33
21 38
34 39
19 39
28 36
30 15
19 18
44 17
27 20
27 32
35 21
35 37
26 16
44 40
24 45
32 39
21 35
16 21
16 22
33 25
20 18
38 19
18 16
42 33
15 25
34 15
28 37
41 16
38 28
43 29
24 35
21 33
23 40
37 29
33 22
31 22
15 26
32 29
32 31
17 27
39 19
20 30
35 38
35 26
32 45
22 18
39 41
33 29
32 33
16 20
34 20
41 30
19 45
36 38
44 18
18 36
24 24
45 44
