35 89
8 18
8 16
23 11
14 18
11 24
23 13
18 22
18 8
13 21
16 13
22 23
21 19
12 11
20 22
14 8
15 16
16 9
11 14
22 13
18 14
8 17
16 10
11 23
25 10
25 14
17 16
26 22
20 16
13 23
25 26
24 20
21 9
17 22
25 23
20 18
20 21
23 8
13 25
21 23
25 11
10 24
21 22
15 21
16 23
8 14
9 15
16 16
19 8
26 24
18 17
14 16
26 14
21 13
10 10
25 21
19 19
24 8
9 19
22 15
26 21
11 15
10 20
11 10
24 17
25 9
16 15
23 17
20 11
15 19
14 10
24 25
11 16
26 11
17 15
12 14
26 13
13 12
13 11
13 9
18 20
9 22
23 16
23 14
16 26
21 18
10 18
23 9
11 9
18 26
