51 202
23 23
20 13
15 12
15 33
28 33
35 20
37 30
13 24
36 18
34 32
17 26
31 36
19 13
12 27
36 28
38 12
29 35
31 18
19 25
37 28
33 36
16 29
12 26
14 19
19 19
16 26
19 36
38 25
27 37
31 32
18 24
28 21
15 14
20 15
15 29
17 37
13 16
14 24
29 27
24 26
16 16
14 27
33 33
18 15
33 14
37 14
23 16
30 15
14 35
31 28
26 28
23 36
30 37
16 31
24 28
26 23
34 34
37 15
19 26
12 24
17 17
26 38
18 23
20 19
37 32
21 26
31 34
28 37
24 17
28 31
23 25
13 38
18 30
22 14
22 30
36 22
17 31
26 16
24 15
28 27
27 14
15 37
33 26
31 16
29 24
26 35
20 26
14 33
14 34
30 12
12 36
14 26
37 34
17 25
24 25
20 34
22 23
31 25
13 22
26 17
16 32
23 20
35 38
16 25
19 35
26 34
22 33
38 20
23 15
20 22
28 19
38 29
16 35
12 31
17 32
37 31
22 28
30 36
34 15
24 38
20 37
22 31
36 20
28 34
37 16
12 38
32 35
35 36
22 37
19 18
12 22
28 13
32 19
18 25
29 29
13 37
21 12
35 14
25 32
32 32
26 29
34 22
27 25
19 29
23 30
24 14
16 22
38 23
35 33
17 38
37 38
16 18
24 24
29 13
29 15
23 13
36 30
34 35
18 20
14 18
37 29
34 33
24 16
12 35
21 13
18 29
17 27
37 22
16 24
29 37
21 35
29 22
14 15
20 32
31 17
27 20
25 25
23 38
22 35
28 26
38 14
24 27
35 21
21 18
27 15
25 23
16 20
24 32
20 21
22 21
25 30
18 37
28 23
20 23
31 23
29 17
14 22
34 28
34 29
29 21
33 17
28 32
