51 180
35 31
38 28
13 16
16 16
33 22
31 33
23 20
32 34
13 14
19 29
32 12
25 28
37 27
23 24
24 20
35 16
18 26
25 13
14 21
35 25
16 30
25 26
30 13
14 34
19 20
20 12
35 36
28 35
30 15
37 23
22 14
24 18
22 36
31 24
19 18
34 36
34 25
30 26
15 14
17 21
29 33
23 22
35 28
36 29
34 30
36 20
26 35
16 32
22 20
26 15
26 16
13 24
29 24
14 30
32 27
38 20
18 32
38 29
14 32
17 25
31 25
12 31
23 32
34 26
14 19
18 36
25 25
28 14
22 27
18 29
12 32
31 20
35 27
38 19
19 15
27 17
34 20
20 27
38 22
19 22
36 32
32 17
30 22
15 37
12 34
38 12
37 32
30 28
25 18
33 19
21 16
20 36
16 19
19 23
22 12
30 23
32 25
38 33
31 21
26 38
25 20
12 12
34 13
13 20
21 37
16 34
15 21
22 25
19 17
29 21
28 15
37 30
12 24
38 16
24 23
37 38
30 34
15 30
31 30
23 12
12 19
23 34
28 27
26 22
12 25
19 27
37 14
16 23
27 37
20 17
37 13
26 26
32 38
22 29
24 37
37 17
22 35
14 25
12 36
30 19
23 35
31 31
27 34
12 17
36 26
15 26
20 18
17 20
23 23
30 21
15 27
31 12
34 23
20 34
21 29
34 17
28 13
28 36
19 14
27 24
38 15
21 25
21 20
12 27
17 27
36 13
28 12
24 13
20 23
37 21
30 20
12 26
21 35
37 20
14 12
31 32
34 14
12 15
21 34
25 34
