51 106
36 22
14 31
38 29
14 33
30 23
34 18
31 25
38 31
30 21
26 16
19 14
37 36
32 22
29 16
25 35
20 24
34 25
21 16
28 21
22 32
13 24
28 23
31 37
24 20
20 25
33 32
18 24
26 36
30 18
19 12
16 28
30 28
35 29
38 34
30 19
20 17
19 36
16 29
18 15
14 32
16 17
19 22
12 17
22 24
27 30
34 22
36 17
37 15
15 15
15 27
19 35
25 18
20 32
22 22
18 29
36 36
24 19
14 13
25 15
35 31
18 21
23 14
36 12
26 34
13 29
34 37
33 35
26 37
21 15
22 38
18 28
26 17
35 35
12 31
14 12
25 14
25 23
25 34
32 16
23 23
13 38
21 27
16 21
28 15
30 24
22 15
36 20
35 22
20 34
38 20
26 29
24 33
27 32
35 14
38 23
12 15
35 16
34 28
14 14
19 28
23 16
18 22
25 25
28 31
24 24
15 18
