37 113
19 10
11 22
24 25
19 25
16 22
22 16
15 22
22 12
23 22
16 19
24 23
25 12
21 14
15 9
18 11
22 9
9 27
17 10
20 19
26 20
16 12
13 23
24 27
10 14
18 24
17 18
20 22
18 26
24 18
23 19
14 14
20 12
11 9
27 14
10 12
20 20
14 26
12 21
26 19
13 9
9 17
19 16
20 11
21 11
20 25
16 18
24 21
9 26
24 13
10 13
11 26
26 27
19 17
15 12
25 24
26 22
17 14
26 9
23 25
11 18
18 12
17 27
14 27
14 19
12 12
18 19
21 24
13 16
17 19
13 14
19 12
23 12
26 18
26 12
17 15
22 13
12 23
14 16
21 10
25 14
13 15
21 26
9 11
23 13
13 10
13 13
17 16
17 9
14 21
12 19
20 18
14 11
20 16
24 17
24 9
27 23
11 12
14 23
27 16
14 22
24 24
21 20
22 27
10 17
26 24
23 26
19 27
25 9
11 25
17 20
26 16
11 10
26 13
