45 135
16 15
22 32
22 19
21 17
22 11
32 29
20 32
28 15
27 16
29 24
17 33
25 23
30 19
21 14
18 26
14 14
18 15
18 12
22 27
30 26
26 19
15 28
25 16
32 20
30 29
28 23
13 24
16 28
11 28
18 31
17 21
22 26
15 12
11 23
31 21
23 19
25 31
25 19
31 12
13 18
24 32
20 18
29 22
27 24
27 20
17 25
32 31
24 20
29 20
33 11
23 11
29 30
20 11
27 11
27 26
27 12
27 27
15 15
29 17
12 31
18 32
32 21
16 32
26 21
22 18
19 23
12 18
15 19
20 14
14 20
27 28
26 31
24 16
32 25
14 28
19 17
26 26
22 31
23 20
12 20
31 27
15 27
29 33
33 22
21 21
30 30
11 11
15 29
25 13
30 27
19 11
33 14
27 33
17 20
18 25
20 23
15 20
23 27
20 30
21 19
24 33
14 16
31 20
28 11
12 17
11 18
13 14
28 32
28 18
12 13
16 22
32 11
23 12
31 22
16 19
25 33
12 26
22 22
11 22
24 14
24 25
22 23
19 25
19 20
19 21
12 21
21 22
28 31
28 22
29 25
18 20
32 33
25 15
18 14
14 32
