57 167
26 35
35 27
26 15
32 20
17 36
36 39
36 18
26 24
35 15
32 16
33 32
26 38
15 29
32 19
28 19
26 26
19 35
17 32
33 30
24 41
38 42
20 28
36 25
15 20
38 31
39 30
23 37
31 27
27 42
27 40
15 35
27 24
39 41
19 20
25 31
24 36
20 40
37 39
39 15
38 24
37 28
27 38
25 26
27 34
18 36
33 27
32 15
25 41
25 22
38 41
31 25
17 25
28 15
15 21
14 21
19 28
26 30
31 31
37 30
31 23
42 23
37 21
36 35
34 24
18 29
25 40
17 24
39 19
41 39
27 25
40 37
30 30
41 14
33 23
41 42
28 22
32 41
16 23
39 20
26 40
16 29
28 24
16 20
23 21
26 31
29 31
29 22
42 33
17 15
38 16
29 16
21 16
31 36
33 26
34 23
32 27
40 16
34 19
26 23
38 14
18 31
23 30
40 29
22 39
16 37
31 20
42 41
19 25
22 33
22 34
42 17
15 19
22 31
41 25
30 33
39 31
35 41
30 27
35 35
35 40
16 39
19 38
21 30
22 24
32 39
31 22
24 15
41 32
15 37
21 34
15 36
37 29
33 14
40 36
15 41
23 32
38 37
20 31
17 29
14 41
19 18
17 42
39 32
22 28
27 32
32 42
22 38
23 16
42 15
17 19
35 25
35 38
24 32
42 28
16 28
28 37
42 19
37 36
29 35
27 29
42 20
40 28
27 20
41 30
18 21
21 23
14 20
