57 149
42 27
27 19
32 38
29 32
38 26
42 33
36 25
15 36
24 37
17 26
39 19
39 34
18 40
22 20
30 22
21 26
16 41
19 19
37 17
33 14
20 21
25 24
35 21
30 35
17 21
30 28
27 22
23 31
26 16
19 17
19 38
17 19
21 33
32 37
32 33
41 40
33 20
21 20
17 31
26 19
14 24
41 24
33 21
16 20
32 22
42 28
34 19
38 37
22 14
40 32
19 41
18 31
24 39
33 18
36 24
37 30
27 25
30 31
25 40
14 36
28 16
20 25
25 21
25 36
34 33
42 37
30 36
41 15
31 29
39 36
37 19
30 14
21 28
22 35
30 42
16 28
32 20
15 20
28 21
19 23
15 39
42 41
22 26
20 30
21 18
31 40
40 42
14 26
18 30
35 20
33 31
29 15
14 34
27 33
22 27
38 42
28 17
23 15
14 33
29 38
34 24
22 17
29 23
18 32
22 25
19 39
41 25
21 29
25 42
37 32
33 25
39 20
34 40
23 35
29 17
35 29
36 32
36 17
15 32
14 40
28 39
34 20
31 39
32 14
24 17
28 28
20 41
24 35
22 36
41 29
21 32
16 32
23 25
18 24
33 41
18 39
30 33
35 36
39 37
28 29
42 25
29 18
37 31
40 31
19 34
39 22
30 41
33 22
33 19
