57 207
30 30
29 34
21 31
33 37
15 15
29 33
18 40
23 28
27 20
40 20
40 28
29 20
42 19
27 14
30 38
18 37
39 35
15 23
15 18
24 38
23 29
42 24
24 28
37 35
27 27
36 40
33 33
16 17
22 23
19 41
20 14
30 34
39 14
19 36
18 20
23 37
32 18
31 27
21 25
26 16
42 38
29 28
20 40
21 17
21 37
32 31
37 37
38 20
36 36
18 18
36 38
32 33
18 39
19 25
22 33
37 34
38 24
38 17
34 33
42 34
26 37
28 19
23 24
17 27
14 14
16 30
28 16
34 14
16 24
19 24
16 35
16 20
26 38
28 29
30 16
15 41
17 40
33 14
36 18
36 41
15 40
28 28
38 26
39 25
42 22
17 31
30 15
35 28
38 31
24 22
34 25
37 28
27 34
14 38
41 18
21 26
33 17
27 32
21 22
23 33
30 17
20 30
23 15
30 25
31 33
17 15
41 34
15 42
22 36
21 19
30 14
32 34
29 24
26 41
16 15
39 24
35 26
24 30
29 17
31 31
32 20
19 27
36 21
19 31
21 34
22 25
17 42
17 24
26 25
33 22
35 20
33 40
39 34
27 33
35 19
34 27
31 19
17 23
21 21
22 17
23 21
20 21
42 17
31 34
28 36
20 25
28 34
39 19
27 29
36 29
23 14
42 30
32 30
42 26
40 15
30 39
32 29
30 19
15 25
26 20
41 35
38 34
14 34
23 42
23 27
39 15
16 26
36 30
18 22
22 24
29 15
41 31
38 33
42 27
31 30
15 24
25 42
39 18
17 14
20 24
40 25
18 24
25 19
17 38
31 36
28 38
18 42
41 16
18 41
18 19
38 35
34 29
20 39
24 14
17 17
19 23
39 20
37 23
14 32
26 17
31 23
33 35
33 38
16 23
40 39
20 34
15 14
