39 107
12 9
23 29
25 22
29 16
11 28
9 27
26 11
19 21
27 19
11 17
10 28
26 27
22 28
9 13
18 13
20 10
16 22
23 19
18 21
12 25
15 18
16 24
10 16
15 23
28 11
18 11
9 21
18 16
18 20
25 28
21 14
12 24
13 26
10 17
29 23
29 21
28 15
23 28
26 25
28 16
24 11
12 21
27 13
17 24
15 26
21 11
27 16
25 21
23 12
16 21
26 21
25 24
11 20
24 13
11 25
21 19
18 23
29 18
20 20
20 16
28 14
25 23
23 11
28 27
15 21
17 15
20 28
14 27
24 22
20 18
15 15
19 9
29 14
16 26
19 26
9 20
22 11
16 23
21 13
11 29
15 27
23 27
12 19
29 26
16 20
20 13
21 20
25 20
25 14
20 15
19 16
18 27
15 24
25 15
23 9
29 25
16 15
13 22
21 25
16 28
21 23
22 27
28 18
15 22
18 14
24 17
23 26
