53 120
23 36
13 35
36 23
20 27
30 13
26 35
17 30
26 30
16 23
36 16
22 39
27 16
26 14
33 17
38 31
14 31
20 34
32 17
28 28
37 34
26 19
37 27
15 13
26 23
25 29
13 30
20 39
36 32
18 16
29 33
32 22
19 16
13 37
28 36
23 38
16 33
19 25
18 30
17 15
30 38
20 24
29 18
32 24
32 30
19 15
13 28
24 29
14 15
28 31
25 39
30 32
30 19
30 30
36 25
13 13
17 21
21 25
24 13
38 36
28 30
33 19
33 13
26 26
18 23
36 26
24 16
39 35
34 28
31 19
17 29
32 26
38 29
23 32
17 36
29 16
14 22
28 22
13 38
20 17
22 29
39 36
21 24
35 19
20 36
34 21
23 19
23 28
22 17
13 32
37 22
15 17
22 30
38 39
36 28
29 27
21 22
29 32
30 37
32 19
36 18
18 19
17 39
39 20
36 21
24 23
21 33
38 23
17 20
39 17
27 35
13 18
29 24
20 38
23 16
15 31
27 19
31 37
33 18
36 17
28 32
