55 96
27 29
40 32
35 15
22 36
35 34
25 27
31 17
26 22
25 32
26 25
37 37
18 29
34 40
41 16
30 26
28 36
20 25
36 16
29 36
25 39
33 14
41 17
41 39
27 17
36 21
26 36
38 39
13 30
36 33
13 17
31 25
19 22
39 18
28 27
24 26
21 24
29 41
24 33
18 32
37 38
20 31
19 41
14 21
24 36
32 36
15 29
21 31
27 41
15 30
20 16
35 32
23 25
36 30
31 14
25 33
40 29
30 21
41 19
24 32
17 27
41 22
32 39
30 40
32 18
32 40
16 22
17 14
14 24
28 31
34 19
13 13
31 28
16 16
38 30
21 33
22 28
13 15
41 28
41 40
35 14
16 26
37 19
20 19
25 26
25 14
41 31
15 34
33 27
20 24
41 33
34 39
23 35
26 39
21 37
40 26
33 39
