51 175
25 34
31 15
19 21
34 16
12 38
18 13
14 12
37 24
22 30
33 28
31 23
34 24
13 32
20 19
13 35
37 19
18 18
21 21
19 32
22 36
28 35
15 22
31 31
16 37
14 19
32 38
12 27
32 35
31 21
37 30
22 32
30 37
22 24
29 37
25 28
27 34
14 28
32 34
27 29
19 35
17 37
33 19
35 28
35 15
16 17
18 33
35 37
38 26
37 32
20 22
14 16
25 17
32 13
13 25
31 20
19 29
34 38
21 26
38 36
14 36
26 28
38 35
15 29
17 38
25 23
28 38
19 16
12 23
17 22
27 28
24 29
20 15
38 29
13 20
28 27
22 34
22 38
35 32
25 14
31 14
37 37
21 25
38 17
14 38
30 12
35 13
23 35
17 13
34 32
38 21
38 19
24 32
19 27
29 24
31 27
30 17
12 15
28 32
35 33
13 30
13 38
29 16
24 27
12 20
30 20
12 33
27 15
25 26
38 27
24 38
37 21
25 12
17 20
20 28
25 33
16 33
32 24
17 25
33 24
19 20
37 16
31 33
13 36
23 12
20 20
38 12
16 13
31 34
36 30
37 29
13 15
35 14
24 23
28 34
15 21
38 38
26 36
25 37
31 25
21 14
36 25
20 31
25 36
12 32
29 22
13 21
16 19
17 29
30 27
16 29
23 16
32 12
33 23
27 17
38 25
18 28
35 19
30 28
17 36
28 13
17 30
28 17
27 13
15 26
24 26
31 32
36 21
33 36
24 25
14 21
12 30
18 31
36 33
15 24
33 32
