61 234
24 24
32 19
23 41
39 41
18 41
25 15
39 22
23 42
39 37
16 16
34 15
42 22
19 21
40 26
43 34
15 27
43 26
23 18
27 25
16 31
30 41
23 20
16 21
36 31
40 28
38 27
21 26
30 19
23 44
19 15
37 21
20 41
35 26
22 38
34 27
35 43
30 35
41 27
37 18
42 44
44 37
41 43
25 33
15 41
18 39
45 38
25 21
45 36
43 28
31 37
16 40
36 29
45 32
24 45
28 19
44 27
39 33
44 22
17 24
28 38
35 21
28 27
17 31
24 26
25 23
34 41
22 23
23 28
29 23
30 28
22 29
24 16
32 21
23 17
30 33
35 28
25 24
40 18
41 40
37 28
45 42
17 39
31 41
38 29
26 26
28 44
16 41
35 24
33 25
34 26
41 19
22 45
28 32
19 44
39 28
32 38
34 30
33 15
19 45
28 42
36 26
24 19
23 35
33 23
40 43
21 41
16 19
40 16
44 45
45 27
42 16
45 26
32 37
42 20
24 44
39 44
28 28
39 36
24 40
43 30
15 35
27 29
28 20
18 28
25 22
28 25
33 43
16 39
33 21
38 34
38 37
34 21
20 25
37 20
35 45
40 19
29 17
24 32
30 31
26 38
43 23
16 23
37 19
20 30
29 35
31 20
24 18
36 32
21 19
41 41
40 21
41 23
33 30
43 33
30 18
25 45
43 21
35 20
30 20
42 17
33 27
39 20
38 36
20 37
18 32
20 31
30 34
21 20
19 25
32 29
17 38
18 27
35 39
25 17
27 23
39 43
37 41
15 24
31 38
35 22
18 26
22 31
33 41
32 43
41 17
40 39
35 30
43 44
31 21
30 44
43 19
42 41
38 20
42 33
23 38
20 27
21 15
42 32
15 36
35 19
23 25
16 22
24 33
25 39
30 30
28 16
16 33
41 16
42 28
44 15
36 33
45 31
32 41
40 45
33 40
24 27
23 37
30 24
29 44
40 22
37 43
31 30
39 30
34 19
37 30
32 24
16 32
15 32
40 30
45 25
42 36
16 29
43 27
29 21
