47 163
14 21
25 27
12 14
30 22
30 21
15 24
23 12
11 14
17 29
27 11
28 27
21 11
25 12
34 13
11 28
16 35
34 32
34 35
28 11
12 28
33 35
28 12
20 19
16 32
14 17
14 14
26 32
17 32
26 34
32 29
34 22
17 21
19 26
25 22
19 22
30 20
30 16
31 16
15 25
28 17
18 16
15 12
12 23
13 20
32 16
14 23
20 22
20 13
23 26
29 29
28 34
25 31
24 22
26 17
27 12
31 18
35 20
21 24
14 25
14 35
27 25
16 30
14 12
15 29
18 25
23 35
19 31
12 27
17 35
12 17
12 18
22 11
16 26
32 24
31 28
20 16
16 28
35 17
26 19
18 12
11 16
14 30
17 17
29 18
31 21
22 16
20 17
19 35
18 19
13 32
17 26
14 19
35 30
32 26
26 23
30 31
22 24
19 17
35 21
21 35
23 34
22 12
12 29
24 21
27 22
13 12
34 26
22 30
13 23
26 24
30 15
14 31
13 19
12 22
20 14
27 29
25 29
21 22
17 24
24 25
13 33
23 27
35 29
21 30
12 19
15 11
28 28
22 28
17 12
27 33
17 20
16 16
33 11
15 18
32 32
17 27
30 23
30 30
21 16
14 16
24 26
12 34
25 19
19 27
35 35
34 34
32 33
16 18
33 17
25 33
22 32
14 18
16 23
30 14
17 15
30 25
33 14
23 20
33 33
28 31
35 25
13 14
13 26
