41 106
11 28
24 13
27 21
11 30
29 25
10 15
11 27
13 22
14 20
19 27
24 16
13 30
13 19
24 18
23 29
25 17
25 24
23 16
27 19
21 22
21 26
15 14
10 28
22 26
19 12
18 11
15 13
27 20
25 12
30 24
23 27
19 11
10 22
21 23
22 10
27 26
24 23
14 17
11 24
10 27
21 28
24 29
17 16
25 25
18 30
27 24
19 15
23 26
24 26
11 20
28 25
23 14
27 10
29 18
28 16
26 19
23 19
17 29
30 29
29 30
21 16
16 27
14 14
17 19
29 11
12 11
21 27
20 11
19 24
27 14
11 22
11 13
21 30
27 30
10 12
30 30
13 18
23 12
14 12
14 19
26 24
19 10
22 20
29 19
11 15
10 19
15 20
26 12
20 22
18 16
13 17
11 23
10 13
21 20
27 11
19 19
27 28
28 29
18 26
21 10
23 20
15 15
25 29
15 22
23 21
17 12
