47 140
28 31
28 30
26 23
12 22
11 14
23 24
14 14
17 14
29 13
19 35
16 29
25 29
15 31
21 14
26 29
21 26
20 33
31 23
14 30
33 22
31 30
22 13
34 19
20 25
12 34
27 18
29 25
25 35
25 24
26 21
21 29
30 11
20 29
33 31
20 21
22 31
24 29
27 27
28 19
13 29
35 29
19 33
34 35
16 12
17 17
15 29
26 12
15 20
11 13
17 29
22 12
29 28
18 22
34 15
29 17
20 26
20 22
25 16
29 31
26 28
24 11
20 20
11 26
35 21
25 17
12 28
35 12
24 25
28 18
13 17
24 34
31 20
29 24
32 34
27 33
18 30
17 18
21 18
24 14
24 19
18 12
15 15
14 24
34 16
24 16
20 16
31 32
35 34
14 16
17 26
32 31
20 32
15 16
25 31
21 31
16 27
26 27
13 14
31 26
14 22
25 20
14 27
16 31
32 20
25 22
12 35
24 21
25 13
31 34
21 21
33 12
23 12
21 35
20 14
15 23
18 35
13 23
31 25
20 13
16 25
33 26
27 12
27 26
11 23
29 22
30 17
12 16
28 11
19 20
12 26
24 12
29 33
13 30
30 18
25 12
32 35
15 12
14 34
17 28
32 24
