47 123
31 31
30 26
13 16
11 25
23 22
28 19
22 14
26 30
17 14
13 23
32 27
20 30
16 12
19 15
21 19
33 24
22 12
15 15
29 28
27 30
12 12
35 34
12 34
11 31
35 35
18 30
21 34
23 24
28 17
23 15
12 17
30 16
35 20
34 35
11 20
15 35
34 22
23 13
27 13
21 28
29 35
21 29
31 27
24 28
14 35
11 12
30 14
29 14
28 14
22 24
35 32
30 20
13 32
31 28
15 34
34 11
19 18
23 29
33 19
12 28
19 12
12 33
23 26
16 27
28 22
16 19
19 30
14 33
31 29
33 18
30 15
18 19
19 16
35 29
14 32
32 30
17 11
16 31
14 13
27 11
20 20
31 12
33 17
28 12
12 11
20 26
18 27
29 24
15 13
14 21
27 19
24 30
33 20
13 33
26 24
29 23
33 14
35 13
25 32
26 27
32 18
35 14
28 35
17 13
15 24
21 14
13 15
29 11
17 32
21 20
34 19
32 13
25 21
29 19
24 13
24 29
17 15
32 19
12 21
13 26
19 26
26 19
32 33
