53 85
34 38
16 29
17 30
26 26
26 19
27 35
23 25
36 20
15 14
13 32
32 18
39 38
23 18
17 37
28 17
23 14
36 21
26 22
27 21
34 26
13 38
21 36
21 14
22 27
33 35
29 30
34 33
32 15
13 26
30 28
34 34
24 13
39 21
32 32
14 24
36 39
35 16
26 32
25 17
29 29
33 14
27 25
18 33
19 35
27 32
33 15
19 18
33 18
19 36
18 35
19 33
19 15
20 32
31 37
22 14
14 18
17 28
26 23
24 16
33 31
24 29
16 28
19 27
22 23
28 26
30 34
25 18
29 21
22 24
37 23
30 25
31 27
23 23
15 29
39 15
38 26
24 31
20 16
14 37
17 35
34 31
24 18
26 38
27 17
35 13
