59 86
41 20
39 19
39 40
28 33
44 27
36 38
40 29
22 32
28 16
32 36
22 19
39 23
23 22
33 39
14 36
19 31
39 20
17 30
20 15
34 35
17 40
24 44
19 44
33 37
22 35
38 38
31 14
42 43
34 23
21 31
24 36
22 14
39 35
20 32
33 23
19 34
30 41
39 30
25 41
39 17
20 33
24 40
16 14
37 31
19 15
18 19
41 44
33 36
18 15
43 38
27 43
20 39
32 35
21 17
42 31
36 22
26 30
17 42
16 18
23 35
22 34
24 22
34 18
29 23
22 36
15 27
43 36
42 26
18 35
17 22
36 40
21 40
31 24
31 25
16 39
35 44
22 37
35 33
17 25
20 20
32 33
32 34
44 15
30 25
38 39
41 35
