53 98
36 32
23 30
24 13
35 39
37 14
33 36
30 16
14 31
20 21
25 30
39 21
39 31
13 24
15 16
28 21
27 28
35 15
18 25
15 28
15 15
19 31
31 18
28 39
25 18
17 34
22 30
26 32
33 39
24 22
38 17
24 14
36 38
38 18
32 15
24 34
29 28
13 35
37 16
19 19
15 19
36 36
16 25
35 37
19 34
39 39
21 23
26 30
23 37
38 15
23 32
17 19
28 14
22 14
30 32
22 19
17 28
39 36
13 22
20 14
29 33
17 31
32 17
16 21
18 29
15 32
26 25
25 33
36 37
22 37
14 38
18 37
14 34
33 19
13 32
16 13
22 28
31 33
31 32
25 37
33 37
31 28
22 36
20 16
35 36
15 14
26 14
32 28
37 31
22 13
39 23
16 26
14 19
15 36
16 17
27 27
23 15
33 23
16 19
