45 90
29 17
27 29
12 22
33 26
20 15
13 12
13 26
30 25
14 25
13 13
31 24
20 25
11 26
20 23
12 26
12 14
16 28
33 12
32 12
30 24
14 11
21 12
24 31
30 11
25 17
23 24
11 33
16 20
31 14
11 20
22 13
16 30
19 12
15 29
25 21
32 29
31 16
11 24
23 29
31 11
22 30
31 29
30 33
32 26
22 24
26 17
30 28
26 21
15 30
17 33
29 11
32 27
33 27
26 14
12 15
13 17
22 23
27 12
13 15
25 12
25 16
31 22
30 20
24 30
33 13
31 15
14 12
17 13
15 31
18 19
22 25
11 12
18 13
26 33
29 25
30 22
21 18
17 20
19 23
19 30
28 33
32 24
20 28
28 23
18 29
12 11
28 32
26 26
17 19
27 24
