33 88
16 20
13 20
9 11
11 19
11 14
15 11
15 24
18 22
18 13
10 10
9 13
11 16
8 10
18 17
13 22
24 8
11 15
13 19
16 10
10 24
9 21
8 11
12 9
18 21
8 13
12 24
14 17
11 10
15 9
24 10
11 20
12 13
20 12
24 9
16 11
15 23
22 17
14 12
19 23
20 24
23 14
14 13
16 8
14 10
19 8
18 9
10 12
16 15
19 17
22 16
21 23
20 22
21 9
9 15
22 11
17 12
19 14
22 19
13 12
22 14
14 8
12 16
22 10
21 17
10 19
11 22
13 11
12 15
17 22
22 24
21 18
13 8
16 14
15 17
14 11
13 18
18 18
23 15
23 24
15 18
12 11
12 12
9 12
19 18
19 9
18 24
11 23
20 21
