59 284
17 24
21 29
20 43
41 43
38 34
19 19
14 21
37 31
42 36
37 34
14 14
44 44
14 30
42 41
20 16
41 22
38 18
35 15
16 44
22 37
40 31
17 17
23 39
24 31
43 25
17 41
31 41
29 44
34 28
23 29
36 37
19 24
22 41
34 23
25 14
16 18
22 25
42 19
14 16
17 42
24 30
23 26
18 23
17 22
37 38
44 41
43 38
19 26
18 24
16 16
16 30
23 41
39 33
30 16
38 37
16 34
14 38
16 21
21 21
18 27
21 17
28 15
27 29
41 19
22 32
30 37
43 27
32 14
44 21
28 33
26 24
39 39
25 40
40 30
37 26
39 25
29 33
18 26
38 22
35 40
24 21
15 21
40 28
31 43
15 33
30 38
44 32
20 19
23 20
22 28
26 26
40 14
40 34
19 36
19 30
30 28
32 34
17 30
14 22
35 22
30 22
22 22
17 19
14 19
34 38
16 36
41 31
18 31
37 35
32 35
28 20
17 18
26 37
24 36
17 28
35 31
40 32
23 24
36 36
43 24
31 25
26 30
43 17
43 44
27 14
19 40
32 24
26 41
40 29
42 32
31 40
34 40
21 28
19 23
15 37
16 24
28 32
24 28
41 27
18 19
33 36
40 19
38 19
29 38
35 23
14 18
34 34
24 33
38 43
27 21
32 25
41 37
43 42
16 25
42 42
33 23
36 35
16 19
29 37
38 21
43 20
44 25
18 34
25 36
36 25
33 28
25 32
26 31
14 26
28 21
21 33
25 41
41 38
27 39
43 35
28 36
23 35
28 22
37 40
35 32
37 22
40 33
39 42
43 22
38 24
44 43
30 19
22 34
42 18
15 34
18 17
40 24
16 37
34 19
38 17
17 35
30 17
29 24
41 39
33 33
15 15
25 22
18 39
44 33
18 29
21 44
20 40
15 35
36 28
35 35
17 15
41 30
41 36
44 35
17 32
20 26
15 38
28 42
18 43
24 39
30 30
15 26
38 33
26 39
33 15
35 24
39 22
18 35
21 14
24 42
27 17
38 32
41 26
29 18
25 43
36 33
26 25
32 29
23 38
15 42
43 18
28 24
27 28
16 32
21 18
28 14
30 34
22 15
41 17
21 41
25 19
19 33
27 37
21 36
26 42
15 32
22 19
36 39
34 27
30 29
19 31
29 31
24 17
32 26
38 38
41 40
35 36
31 20
23 23
23 18
40 44
40 16
21 32
33 29
29 35
24 23
37 20
16 33
37 14
38 15
22 39
23 15
42 39
43 30
