49 143
34 19
17 30
18 33
27 28
35 23
20 19
18 32
16 16
20 22
35 28
29 21
19 13
14 36
25 28
34 29
24 28
23 23
34 24
35 35
29 14
33 16
13 28
20 36
31 12
13 12
31 13
17 25
29 26
32 13
24 18
15 29
30 25
14 34
34 15
20 34
17 22
20 20
35 36
31 14
36 12
26 28
25 25
24 14
35 17
14 13
32 34
16 26
29 15
34 25
13 13
15 21
29 16
12 32
26 26
22 28
36 24
33 26
16 21
36 23
36 25
12 17
27 33
27 17
30 26
16 14
36 28
30 18
32 30
29 34
31 30
29 32
14 29
15 26
27 34
35 31
30 29
30 19
26 22
26 13
19 20
26 29
29 25
20 17
31 24
16 19
21 30
31 29
15 34
25 13
26 15
34 21
29 12
28 35
17 29
15 16
12 22
30 31
15 22
36 16
24 20
14 35
30 13
28 26
24 27
33 35
32 27
17 24
29 33
33 20
25 22
35 13
18 36
31 31
19 19
18 25
22 16
26 18
33 33
25 14
35 19
17 13
22 30
27 23
21 13
25 20
15 32
28 33
23 19
24 12
29 23
26 35
16 29
22 13
20 16
15 19
13 21
13 17
28 18
28 15
33 17
17 36
12 30
14 18
