51 205
35 25
12 30
36 29
14 16
30 15
15 21
24 28
25 31
32 13
21 23
24 34
31 32
14 34
23 16
36 24
31 21
21 24
23 27
34 37
19 31
28 18
16 21
19 13
33 26
18 28
26 34
16 17
22 30
38 22
21 25
20 32
37 30
24 18
18 27
16 22
13 27
21 37
22 28
28 28
15 27
12 21
33 16
20 23
26 17
12 16
27 15
14 26
16 34
31 31
21 31
12 13
14 31
18 35
38 37
28 17
35 27
28 19
38 30
31 34
18 34
22 18
14 27
19 21
15 36
33 33
17 28
33 37
25 23
25 35
29 37
23 13
25 19
17 12
12 15
18 21
27 13
29 16
29 18
27 18
17 14
21 17
31 36
21 29
13 28
36 28
14 33
27 20
23 33
21 35
27 22
23 25
12 19
32 21
26 35
36 22
34 38
37 18
30 35
33 19
30 34
22 15
31 29
25 22
13 30
28 14
36 32
16 36
23 34
16 28
37 13
12 12
35 31
19 34
37 24
21 32
24 35
28 25
30 13
13 24
28 12
22 27
31 22
23 17
28 31
29 35
20 15
27 14
36 34
14 14
34 18
17 36
36 30
38 32
28 37
28 15
15 32
13 29
20 13
18 33
15 26
37 37
37 23
32 22
35 33
22 12
18 37
26 24
29 24
16 32
17 17
37 27
15 18
34 34
31 28
31 23
30 14
37 29
33 31
17 38
26 18
37 14
36 18
33 30
32 25
32 33
32 31
18 24
32 27
25 13
36 35
17 31
13 31
26 12
17 33
37 34
20 34
18 30
27 38
35 24
22 16
36 23
24 29
21 15
37 17
34 14
14 23
28 38
27 30
22 35
13 26
16 31
22 29
14 37
24 36
16 16
23 26
13 33
23 18
27 35
32 16
26 15
35 30
23 38
28 32
34 36
