39 92
13 26
14 17
29 11
26 25
15 17
12 15
17 15
19 29
23 22
21 21
23 10
20 25
27 17
14 20
9 26
13 24
19 9
12 26
27 9
27 29
14 23
24 18
10 18
10 12
19 22
18 24
24 19
18 26
20 9
29 19
21 15
25 20
21 25
28 12
16 19
19 17
28 14
15 9
24 14
17 13
10 20
18 13
17 17
17 11
28 11
11 28
28 15
22 19
10 28
27 24
26 14
29 15
28 13
22 13
27 10
14 12
15 21
29 23
25 29
28 10
10 14
9 21
26 29
25 23
18 27
29 9
28 17
28 9
21 11
9 18
13 13
25 15
19 24
13 19
9 29
16 11
17 20
10 27
10 16
13 29
29 24
16 22
24 9
12 28
11 25
29 26
27 26
10 11
26 24
10 29
21 10
20 12
