51 86
21 37
28 25
22 31
29 22
12 13
22 22
36 17
21 13
22 35
21 23
33 32
32 24
12 37
19 26
26 24
38 18
13 19
24 28
31 34
27 27
20 35
16 32
16 37
15 21
26 23
35 21
36 33
13 26
15 31
16 25
28 18
34 26
24 31
24 13
15 15
22 17
27 37
17 20
37 19
26 36
27 32
24 27
33 38
26 38
22 32
37 37
38 31
13 14
19 37
30 12
12 30
35 12
23 20
30 34
37 18
34 36
25 14
18 12
14 37
26 32
29 13
27 24
25 27
18 14
12 19
31 19
29 16
33 12
23 14
38 17
31 23
37 26
13 37
13 34
37 31
34 22
29 33
13 27
24 14
19 30
38 24
17 38
28 24
33 31
22 37
35 19
