33 89
21 21
18 13
18 21
24 24
23 13
10 18
21 8
18 11
20 11
21 20
19 11
9 23
14 18
23 23
8 8
11 14
12 10
16 11
18 12
8 17
16 20
13 14
20 16
12 20
23 21
21 17
8 12
14 13
20 21
22 22
12 17
23 11
22 11
17 17
14 10
20 17
23 12
10 19
10 17
19 17
10 13
21 10
19 16
11 15
19 18
19 19
8 22
17 23
16 10
12 12
20 15
15 12
13 18
10 9
20 9
15 9
18 19
22 14
13 12
9 11
22 8
13 15
9 16
22 17
15 23
22 16
19 9
24 9
16 8
20 14
11 12
16 17
10 16
15 20
13 8
8 24
8 13
14 17
18 10
18 20
11 24
18 14
11 9
14 19
12 18
18 24
14 14
12 23
17 12
