59 146
24 43
43 39
32 23
20 18
27 44
22 35
28 33
20 42
22 22
26 30
43 27
43 20
26 32
41 33
15 24
41 42
28 37
30 36
37 27
42 24
26 31
17 42
18 35
40 42
40 26
27 21
15 30
23 43
24 17
22 37
42 32
32 39
34 23
27 28
30 26
20 27
29 26
40 17
36 39
22 39
40 21
14 18
42 22
17 26
35 29
16 35
18 20
17 32
40 39
43 25
25 38
34 18
23 25
35 37
34 25
23 28
38 30
33 37
32 14
23 20
16 37
33 15
24 31
15 35
20 41
26 17
39 29
34 40
42 31
25 22
33 33
37 14
17 25
38 29
20 37
19 17
40 37
37 18
16 43
38 26
35 25
38 37
31 19
33 34
29 34
21 24
29 16
40 44
39 28
20 23
44 40
34 38
17 24
16 38
37 30
18 15
39 25
23 15
36 44
37 29
17 23
29 22
14 39
22 40
40 20
28 41
18 24
26 33
19 35
41 15
42 41
35 17
22 29
15 14
35 36
15 33
14 44
30 30
26 42
19 43
43 40
38 28
14 31
19 33
26 43
26 36
21 21
29 41
42 16
14 17
30 17
14 34
35 34
25 41
29 23
28 22
26 25
25 30
28 34
33 21
24 41
14 14
22 27
23 33
21 30
16 22
