61 271
43 43
39 29
25 38
30 17
37 16
18 44
20 15
32 33
38 45
38 33
26 28
20 20
33 22
39 21
15 23
15 25
19 23
16 15
20 42
27 31
18 17
20 16
42 34
21 23
23 23
21 27
27 40
39 32
15 40
17 21
30 35
40 26
29 31
22 20
40 29
17 31
36 31
17 33
38 42
25 21
41 24
35 21
33 25
40 38
45 17
18 25
27 36
33 16
42 36
38 21
32 34
24 26
35 28
18 45
40 15
23 17
17 19
41 20
36 40
23 22
37 25
16 41
36 17
27 22
18 22
26 38
19 22
35 29
15 24
32 30
24 27
43 25
44 20
42 20
19 15
16 31
41 27
22 16
41 35
37 21
45 33
27 26
41 31
30 27
42 39
25 32
45 16
26 19
29 38
26 40
41 39
17 28
22 31
28 26
22 45
15 34
25 25
29 41
22 39
22 26
39 43
16 22
16 30
43 42
21 19
29 28
27 30
19 37
24 31
39 45
39 22
25 41
44 26
18 42
18 29
28 42
35 23
24 41
20 21
44 27
35 34
39 38
39 25
26 33
26 20
16 44
35 19
18 35
42 44
43 36
20 26
27 20
25 40
31 31
24 35
21 20
27 25
43 19
34 20
21 18
39 27
31 44
21 31
44 37
40 39
25 28
42 38
34 21
23 31
30 25
39 34
18 26
28 16
38 31
29 24
26 42
43 34
17 17
39 23
42 32
25 43
45 34
17 27
35 15
35 26
38 16
36 22
28 36
17 34
43 15
43 32
27 28
24 25
19 35
33 38
21 35
39 41
21 42
43 21
23 28
31 40
24 21
32 42
32 15
33 45
28 31
29 40
30 31
37 19
34 19
19 30
34 45
23 43
29 26
40 36
33 23
45 45
38 40
19 27
29 33
31 41
33 43
43 20
36 29
26 36
34 24
19 24
29 23
23 33
35 40
42 23
28 33
35 17
27 45
33 41
43 41
31 36
28 15
42 35
19 34
44 44
35 27
23 41
21 43
30 19
17 22
45 30
17 18
15 43
30 41
24 44
22 17
33 37
25 45
42 18
30 45
21 17
22 18
41 40
32 32
43 26
45 26
35 39
38 20
31 42
40 20
31 22
34 43
43 40
30 30
25 18
44 16
26 35
24 23
18 15
45 24
30 15
24 37
27 19
15 29
35 36
24 36
28 39
19 17
15 35
31 26
16 37
41 21
42 30
45 31
33 39
