39 123
19 26
18 20
19 18
22 19
11 15
10 9
27 12
12 25
24 17
29 28
9 18
28 15
20 18
21 27
12 24
13 16
10 26
16 18
22 11
21 15
27 14
27 17
16 15
27 10
25 29
12 16
29 12
28 26
15 18
17 15
26 16
17 9
11 22
28 17
15 12
29 14
21 29
28 20
22 23
26 17
15 11
25 13
19 20
29 21
11 28
24 23
18 10
9 11
22 28
16 20
29 27
11 20
24 16
17 13
28 9
15 15
19 19
10 17
17 19
9 21
11 18
18 16
10 14
29 26
25 20
10 18
23 13
19 12
23 24
20 12
29 20
22 16
9 19
27 26
11 10
24 9
26 24
29 25
21 21
12 18
23 29
20 20
23 19
24 27
26 26
13 21
25 21
13 11
29 11
22 20
18 21
15 27
24 22
19 28
19 22
14 27
15 9
13 9
27 22
14 14
20 13
11 24
22 9
19 14
24 12
24 10
24 25
15 19
26 20
22 26
26 10
19 9
16 29
18 28
17 26
22 17
12 9
16 27
10 29
12 29
19 24
14 18
24 28
