39 120
22 19
15 23
15 12
24 21
23 20
11 16
25 13
13 16
22 17
12 20
26 14
26 13
26 23
27 25
20 19
29 25
23 25
11 27
19 17
9 21
21 9
24 20
27 10
14 11
14 21
14 10
16 25
19 23
24 17
10 22
13 11
14 9
12 29
23 12
24 15
18 29
17 16
28 15
29 24
28 21
12 21
25 12
26 10
23 10
15 27
29 17
11 25
21 14
15 26
22 13
17 18
29 18
11 20
20 21
24 26
29 29
25 11
29 9
18 22
13 10
28 28
19 14
17 28
20 15
11 28
9 16
16 11
15 14
15 17
27 24
17 17
21 20
21 10
12 14
17 29
27 26
14 14
14 12
16 22
22 15
15 21
12 19
27 23
13 12
18 12
28 13
14 22
12 9
20 16
14 23
19 20
24 29
26 24
18 13
14 16
17 25
23 19
11 14
16 18
9 13
28 18
28 10
29 19
14 24
18 28
24 16
26 12
24 10
17 27
25 27
18 19
20 18
29 14
26 17
12 23
26 20
28 20
20 20
19 11
17 23
