47 140
19 13
33 29
33 21
28 29
22 29
19 25
19 22
28 19
17 11
25 21
15 24
21 16
22 14
16 26
31 31
17 33
14 35
29 15
33 26
27 30
24 19
22 13
27 25
30 25
18 25
15 31
15 26
24 21
24 16
23 27
15 22
25 18
14 15
25 35
33 27
27 22
23 24
35 18
26 35
16 19
18 11
11 31
13 20
21 25
27 31
33 31
12 35
25 17
19 11
18 35
23 34
11 13
18 13
16 31
13 13
31 17
18 26
22 35
18 12
17 18
28 12
12 14
27 23
27 26
18 27
17 13
11 24
26 15
17 21
25 16
19 21
24 26
30 19
29 11
12 18
17 27
23 30
13 29
30 21
14 31
33 12
27 16
21 33
15 34
19 18
22 24
19 16
29 18
30 17
27 34
35 22
20 20
14 20
19 26
14 11
20 18
28 25
23 25
14 16
15 16
13 24
30 27
29 22
17 30
35 29
17 23
20 28
16 34
30 35
13 28
15 32
29 14
22 32
25 29
27 29
15 28
31 33
20 32
30 15
33 22
26 12
12 26
17 14
19 28
24 31
24 13
13 17
20 30
21 15
32 21
13 16
16 14
24 15
24 22
12 17
15 23
26 14
12 33
29 33
20 26
