61 199
42 35
16 22
32 43
20 28
32 35
36 26
23 29
20 27
36 27
31 34
36 30
45 18
40 17
25 28
29 40
28 26
41 15
27 34
20 32
19 25
18 23
26 38
16 42
24 28
18 45
17 24
15 38
27 39
20 33
37 25
18 44
16 41
40 43
45 31
28 23
39 35
29 31
25 38
28 32
27 30
17 40
37 22
17 27
40 37
40 25
40 31
27 18
20 35
34 43
31 41
29 39
33 45
15 36
26 28
45 40
36 28
21 33
25 43
21 37
22 18
27 19
34 38
40 41
20 22
26 17
33 23
39 21
33 18
22 24
23 30
37 33
27 22
45 25
28 24
33 28
21 34
40 15
31 15
42 32
36 43
29 38
37 35
16 32
26 36
39 41
26 15
16 36
37 36
25 26
43 22
29 28
28 19
39 40
42 27
43 40
36 17
32 15
43 38
29 37
42 43
22 29
43 27
24 25
27 38
45 22
26 33
24 21
22 41
40 19
15 21
27 35
16 45
38 19
16 34
30 15
19 40
27 24
25 27
19 42
29 19
16 38
38 21
42 30
15 34
20 42
29 25
36 40
32 44
36 41
23 39
38 20
45 17
31 24
36 24
42 23
40 42
38 42
25 39
31 29
20 38
45 28
41 26
38 23
25 24
35 45
40 44
38 18
45 33
19 16
37 45
34 20
22 37
36 15
16 21
17 25
39 33
32 36
43 18
22 39
15 18
37 32
23 43
37 21
32 34
31 38
26 24
17 32
22 21
32 26
44 22
38 22
32 30
35 18
42 34
44 34
36 33
20 20
44 36
21 36
42 21
41 40
28 29
15 15
38 31
38 30
27 41
22 36
15 25
41 33
25 42
35 24
33 20
29 21
43 31
18 30
34 21
17 30
32 23
19 38
