51 176
19 34
38 31
26 22
20 38
29 36
32 20
32 14
26 25
14 16
27 34
18 28
34 15
26 17
38 17
18 35
16 37
15 15
15 25
16 17
30 36
32 31
30 17
32 23
22 30
36 30
13 30
24 24
22 20
32 37
19 15
32 29
21 14
32 22
33 13
36 34
21 18
28 30
21 31
37 12
24 36
36 20
18 16
27 27
34 27
30 30
23 19
25 14
25 24
14 18
12 29
25 22
28 21
36 23
17 28
38 25
26 29
12 23
35 23
33 35
18 38
14 36
17 18
13 22
25 37
19 32
35 29
21 16
19 35
17 23
14 23
28 16
15 18
12 32
16 36
23 20
24 26
30 18
24 38
32 28
14 32
19 23
13 15
25 15
37 23
16 31
32 36
18 31
37 21
23 12
13 34
38 30
29 26
13 36
38 32
13 13
30 12
24 25
12 21
17 34
34 36
14 38
36 15
16 33
33 23
31 15
22 38
23 21
16 28
12 33
29 24
15 21
13 24
23 26
32 24
38 28
13 23
13 20
34 37
23 27
14 19
32 15
14 30
31 33
28 18
37 32
13 18
29 18
17 25
33 19
38 16
27 24
37 26
30 38
20 16
29 27
16 21
33 29
22 31
17 14
30 32
34 24
25 16
28 34
26 26
36 31
18 19
26 32
19 18
13 26
36 18
23 15
31 26
33 12
31 12
15 20
22 22
13 27
36 22
13 32
35 38
16 29
21 35
36 14
38 36
27 18
18 24
31 22
27 35
32 17
12 14
29 31
16 16
31 38
21 17
21 23
15 14
