57 198
42 16
21 35
29 30
42 40
41 27
30 30
37 23
40 15
27 25
38 18
18 38
25 40
35 23
17 41
24 16
27 27
22 37
18 28
29 23
37 25
32 36
24 31
22 20
31 18
22 23
35 16
23 19
27 26
20 40
21 40
37 20
20 27
15 14
30 17
21 18
35 34
26 24
34 28
35 15
39 16
22 30
19 15
21 19
39 39
42 22
36 19
22 25
30 31
31 37
14 20
31 20
24 15
23 17
19 34
36 37
26 33
21 30
33 36
33 35
31 25
39 30
41 15
17 31
37 26
20 24
35 18
34 37
17 32
38 42
42 26
18 31
29 38
35 32
23 16
14 31
30 20
20 37
26 21
38 17
17 25
14 41
38 26
14 23
32 18
28 15
22 39
33 28
41 35
29 39
31 15
39 14
16 19
16 26
23 36
25 33
35 21
25 30
20 38
27 23
30 37
33 27
42 20
37 34
20 28
17 42
24 38
37 17
14 17
21 16
41 40
30 19
29 32
36 22
30 24
21 21
17 26
34 16
16 14
17 21
33 26
34 36
30 35
16 36
31 39
42 42
26 16
18 24
32 14
41 21
24 23
16 29
26 34
39 19
35 41
36 33
42 25
32 16
36 15
18 37
23 25
33 20
32 29
21 23
25 23
36 26
14 21
18 23
26 17
38 16
34 22
22 38
15 29
17 33
32 25
39 37
19 20
23 38
40 29
32 33
34 15
27 24
18 36
23 27
17 22
30 15
26 32
14 19
39 40
33 14
27 41
26 20
17 18
34 23
39 33
30 23
33 31
31 40
33 25
37 41
16 41
30 41
40 30
40 38
40 37
18 29
31 22
27 30
30 39
25 31
24 35
24 27
14 25
36 29
34 32
35 33
24 24
30 34
30 14
