49 96
26 20
24 20
15 14
34 13
29 17
19 22
20 28
31 30
26 15
19 25
22 24
19 19
29 19
22 12
21 31
25 15
20 35
23 20
20 13
15 17
21 23
15 16
33 28
12 19
21 16
35 26
28 29
20 15
33 27
27 35
12 21
16 31
36 25
20 33
29 30
21 13
29 32
28 13
36 34
26 16
23 26
31 33
24 36
18 14
36 31
23 22
27 13
26 36
36 14
13 23
20 20
19 16
23 25
31 36
28 15
33 29
13 15
33 20
13 27
36 19
15 28
27 30
14 23
18 29
28 34
16 29
21 28
21 36
22 14
13 17
17 12
27 21
16 20
26 25
34 14
17 34
33 32
22 27
28 19
16 21
34 30
28 35
22 22
36 20
21 33
21 24
24 31
12 24
36 29
28 26
31 19
29 24
25 24
24 34
32 31
13 24
