59 150
38 31
40 27
40 33
23 18
25 39
44 33
26 22
38 39
39 43
21 42
16 43
34 34
37 20
25 28
25 17
22 41
22 19
41 28
39 26
19 43
41 23
43 43
25 38
30 38
16 30
25 42
20 30
18 18
21 40
44 41
42 17
16 34
42 39
16 33
40 16
16 36
32 22
14 37
24 29
20 16
17 33
34 29
34 42
27 42
16 44
32 25
26 42
29 26
19 23
43 17
33 28
21 30
17 19
23 41
14 39
31 23
39 42
32 30
27 36
41 37
36 43
35 38
37 34
21 18
41 35
34 30
20 39
42 30
28 34
29 39
24 24
16 18
30 24
44 43
18 42
34 16
21 17
26 24
39 23
30 15
35 14
32 43
29 23
44 40
18 36
40 43
30 35
43 39
14 23
34 36
35 19
24 20
39 18
24 17
35 34
19 14
30 19
35 43
14 34
37 15
44 36
31 25
36 29
36 30
21 28
35 28
35 42
28 41
25 37
28 21
19 30
25 25
21 35
29 25
19 31
18 26
24 34
31 22
26 25
41 20
28 17
28 18
25 44
27 21
18 15
34 20
21 21
33 36
35 20
14 43
16 29
14 21
33 40
36 33
19 29
20 21
15 14
15 22
27 27
35 39
22 18
42 31
30 43
32 20
30 26
26 23
16 14
19 40
27 15
20 35
