51 130
16 29
34 35
38 24
31 38
35 15
22 38
35 25
33 15
24 15
26 36
36 17
36 16
15 15
21 31
26 23
28 22
27 16
38 29
16 12
31 24
32 26
34 31
17 25
33 20
16 34
20 33
13 20
21 26
12 21
28 21
29 26
26 20
12 32
23 18
26 26
30 17
21 20
28 20
28 12
17 24
23 32
18 37
32 25
14 22
29 22
35 33
21 15
27 25
29 23
20 24
37 12
13 36
16 20
12 30
27 13
29 17
22 33
28 37
13 17
36 14
33 23
22 29
19 17
34 18
23 20
17 16
38 22
29 38
34 25
38 17
36 34
15 21
19 38
33 28
19 33
38 37
23 24
38 27
29 12
31 32
13 32
19 37
16 21
13 33
23 14
29 15
38 20
33 21
35 18
28 28
26 21
30 26
31 22
13 13
15 20
24 35
14 32
38 25
13 14
35 22
29 14
36 33
34 34
25 37
33 30
16 13
30 36
24 24
15 23
35 38
27 37
22 22
14 37
30 29
30 37
35 24
14 26
29 13
18 15
22 23
28 18
34 33
22 28
33 18
32 38
21 18
22 32
25 26
30 33
22 15
