43 120
11 20
29 18
20 27
13 17
20 32
25 16
31 15
26 22
18 23
10 27
21 18
22 21
19 12
15 12
10 21
15 32
29 10
15 18
28 16
26 31
17 16
29 23
17 28
14 18
30 31
30 21
12 21
26 16
24 31
19 10
23 27
23 26
24 28
10 24
21 25
30 13
20 20
14 11
15 11
27 30
11 19
13 30
24 19
19 30
22 20
17 25
13 19
16 32
24 25
10 26
10 20
12 26
17 24
31 18
30 20
18 24
32 24
18 25
26 25
14 21
21 20
11 31
11 17
23 24
16 27
25 25
27 29
17 30
19 32
10 15
15 19
25 26
29 22
32 10
32 15
28 15
10 32
12 16
23 10
32 21
27 27
10 31
15 10
27 25
17 17
16 19
20 14
26 19
11 14
10 11
28 30
28 29
29 27
29 16
25 10
13 10
10 30
17 22
17 15
32 17
26 17
17 29
21 27
23 19
15 20
17 32
24 22
31 16
14 26
15 26
24 13
29 21
27 16
17 18
28 28
17 19
17 31
32 29
14 30
17 14
