61 271
24 20
36 31
27 22
43 39
18 27
24 36
21 15
32 19
32 28
23 33
15 17
38 19
19 37
38 43
27 21
23 35
30 32
16 34
17 21
42 44
43 34
29 23
26 21
42 33
20 30
19 19
24 21
41 41
42 34
17 31
44 45
43 23
41 27
19 45
19 35
34 18
23 23
37 33
40 36
37 23
36 37
40 25
24 32
25 34
17 24
43 24
23 16
29 27
38 21
42 35
21 27
41 24
38 36
18 23
42 28
24 35
33 17
27 16
25 35
29 44
27 36
22 43
34 24
36 26
33 28
41 25
37 38
19 26
40 35
45 41
21 28
41 29
25 29
41 26
22 40
31 42
35 16
20 35
27 17
38 30
35 44
21 37
27 33
21 18
18 28
41 35
17 38
36 19
16 35
45 45
16 43
21 16
36 38
29 16
26 30
36 35
18 38
32 16
45 40
29 25
21 33
43 37
38 35
38 18
23 29
26 43
29 15
15 43
16 31
34 32
31 27
26 42
45 22
19 42
43 35
28 19
30 37
27 34
22 21
16 30
22 29
17 19
17 44
17 20
28 18
20 41
43 45
20 36
24 27
30 27
18 25
28 45
38 45
30 31
17 29
36 34
25 36
29 37
35 37
22 24
19 44
25 38
39 27
35 27
31 21
30 20
35 33
27 27
21 39
30 21
36 33
32 41
37 31
31 33
39 21
17 28
29 18
27 26
28 29
44 42
18 20
43 43
31 43
22 36
15 24
37 42
37 28
27 32
39 23
45 26
33 19
34 35
21 23
28 17
26 36
39 39
39 45
25 31
31 32
18 42
28 44
25 27
19 43
18 15
41 33
24 31
40 44
18 16
37 39
44 27
18 31
30 22
41 34
45 39
24 39
22 28
36 20
45 21
23 42
23 30
18 43
37 34
21 24
30 26
44 33
41 18
34 45
37 24
44 43
16 19
24 19
23 32
26 22
29 36
26 26
26 23
41 40
42 40
38 22
19 21
42 27
42 24
24 44
33 37
39 20
25 20
31 36
41 44
35 23
44 17
20 28
32 35
30 29
42 30
27 24
26 20
15 21
34 16
32 21
40 45
17 32
24 29
32 18
27 23
28 39
18 30
34 28
42 38
17 27
15 38
37 19
38 20
30 40
44 23
25 26
27 20
44 22
33 18
30 43
28 21
15 35
28 30
31 22
36 28
39 31
28 37
28 31
20 40
39 32
41 45
45 18
