57 137
38 38
41 42
21 31
19 28
26 37
26 27
33 36
30 18
16 20
15 35
33 19
29 18
30 24
28 36
39 23
40 39
34 25
15 23
42 19
32 40
42 17
34 26
25 18
30 15
40 26
36 28
39 33
17 28
29 26
40 16
42 23
17 27
30 34
20 39
24 33
42 33
18 19
36 25
32 21
18 42
22 41
25 15
21 27
28 15
36 14
35 27
16 38
14 15
34 31
27 19
31 40
17 42
28 30
21 41
41 30
31 20
20 18
23 29
24 34
33 37
33 33
22 32
25 21
34 42
18 25
38 30
27 21
37 39
33 30
14 34
34 37
40 37
24 35
39 26
38 29
19 17
21 20
36 32
35 30
40 21
27 41
29 28
41 31
29 23
32 27
22 28
23 38
17 39
33 38
16 32
30 17
27 29
38 40
35 16
14 20
38 35
14 17
25 36
40 41
21 15
29 20
30 22
20 29
20 35
27 27
32 42
31 25
18 33
38 23
41 41
24 32
29 17
39 40
24 17
25 38
19 16
31 42
20 37
37 37
35 37
24 30
17 20
27 16
42 42
19 14
33 22
40 20
18 34
17 18
34 14
14 23
40 17
21 40
18 38
22 27
32 37
19 21
