37 112
15 23
12 11
13 25
12 17
22 27
24 14
17 10
13 24
26 27
15 21
11 27
11 10
17 18
17 13
11 13
24 22
17 16
23 23
22 16
19 27
10 26
18 13
14 25
17 24
10 25
16 13
15 18
21 15
27 21
22 18
16 27
23 15
19 10
21 12
13 18
24 24
14 24
22 15
10 23
16 25
23 10
23 25
13 17
12 13
18 16
23 12
17 17
26 25
14 22
25 13
25 22
10 11
27 16
15 12
15 17
27 24
10 20
22 23
12 20
25 12
9 19
26 10
12 14
23 26
14 27
21 23
22 24
20 10
10 9
27 25
22 21
14 15
27 20
16 15
24 20
22 25
15 16
27 12
14 13
20 11
15 19
17 25
26 12
15 15
27 13
20 25
27 26
25 21
12 10
24 17
24 9
20 16
18 23
12 12
25 27
26 9
26 16
18 15
25 15
11 15
18 11
25 23
15 10
13 13
15 22
21 27
12 27
16 26
22 11
10 16
14 23
19 18
