39 91
14 27
20 14
16 23
25 25
29 23
15 22
28 26
25 13
20 18
10 9
21 9
19 12
24 26
10 13
22 23
11 14
21 28
17 13
17 20
15 26
11 23
15 23
27 27
9 13
15 24
16 25
12 21
24 29
27 13
27 11
26 25
18 18
24 14
19 15
25 15
28 12
14 25
29 17
20 10
13 23
12 20
16 16
10 26
19 10
19 13
11 18
11 12
13 27
14 16
29 20
22 10
12 13
9 25
14 28
25 20
14 22
16 19
15 17
19 9
24 28
23 11
9 18
26 11
12 12
24 18
21 15
15 14
17 12
27 9
13 28
15 11
25 11
13 29
29 14
28 19
29 27
29 11
28 10
20 15
15 20
14 17
22 15
24 27
23 19
27 22
23 10
12 22
17 26
21 25
18 19
15 16
