49 195
24 12
13 28
13 33
32 31
27 25
12 13
21 36
33 15
17 30
30 15
14 22
22 33
21 30
30 25
17 17
24 22
31 23
17 24
34 32
24 28
24 16
18 24
19 33
22 18
25 16
25 24
35 16
14 20
26 30
15 33
23 22
25 33
34 19
31 32
18 20
22 17
18 17
23 33
13 36
23 36
13 22
32 30
34 26
26 35
33 12
31 26
21 25
29 31
36 20
24 26
31 15
24 21
17 27
15 16
14 17
18 26
30 23
20 31
12 21
28 29
30 24
27 36
34 25
34 27
28 35
25 20
13 29
35 23
32 12
23 25
18 14
27 29
28 21
31 27
36 29
22 27
28 17
15 36
20 13
21 32
30 20
23 21
30 19
12 19
29 20
19 16
16 18
26 33
33 21
14 27
22 32
19 21
26 23
13 32
31 30
35 30
26 25
34 29
21 19
14 23
29 24
23 28
35 15
13 19
32 36
34 33
23 20
20 33
19 25
16 34
19 27
35 28
15 14
13 17
28 22
23 12
24 29
25 34
19 12
36 21
29 30
30 16
28 32
26 18
29 18
16 14
24 17
16 24
22 22
20 16
27 16
20 28
19 19
24 15
31 29
21 15
34 31
15 13
33 31
20 21
29 12
26 26
25 27
25 29
23 26
14 34
17 14
34 22
31 28
28 31
33 30
20 15
25 36
36 22
34 36
16 30
28 36
23 24
36 23
30 18
21 12
19 36
33 24
29 16
26 32
31 13
35 14
30 36
16 29
30 12
29 26
25 30
33 23
25 25
25 12
27 13
15 18
32 29
26 21
34 24
19 13
19 20
36 28
16 23
35 19
35 17
27 24
12 33
18 12
13 13
35 32
14 29
15 31
21 18
30 22
