55 191
40 32
13 20
35 19
27 23
37 16
21 24
19 25
24 34
29 33
22 14
41 13
23 37
32 17
21 30
37 23
15 15
34 39
32 25
37 17
22 22
25 35
33 29
31 20
24 20
36 34
41 24
24 38
14 36
19 32
21 41
21 16
14 32
22 28
41 38
27 21
17 39
30 31
26 29
25 33
39 26
14 28
20 17
36 30
17 24
34 25
41 31
15 36
18 16
21 14
15 16
30 16
24 31
19 41
26 34
16 31
15 40
20 18
39 32
19 30
37 36
13 22
29 41
15 13
33 17
25 18
34 24
19 15
31 32
21 36
27 39
23 17
24 17
22 32
30 20
20 29
18 27
26 15
28 22
33 39
30 21
40 30
25 14
40 13
14 39
15 19
29 32
26 13
36 20
19 18
34 23
38 38
31 36
39 21
24 13
32 33
22 23
32 18
32 26
31 17
26 38
19 21
21 18
24 27
16 41
21 17
27 27
27 22
19 38
35 39
18 17
18 20
27 31
14 15
20 13
27 33
16 33
17 28
20 40
33 24
35 32
38 13
15 32
18 22
16 37
27 40
28 15
32 20
16 29
32 31
28 38
27 26
40 24
41 34
20 41
18 18
28 21
23 34
26 23
35 22
14 24
13 17
28 40
19 26
14 18
31 39
38 14
26 41
29 24
17 35
33 35
27 32
38 36
39 30
39 19
31 18
20 38
18 14
27 38
25 21
26 25
27 35
31 27
29 31
36 24
33 28
38 16
28 32
19 13
31 31
34 18
38 27
16 16
13 33
16 22
15 14
26 27
21 23
30 13
13 40
32 15
38 26
13 35
36 40
18 23
18 34
17 31
23 24
34 26
38 25
35 27
24 37
