53 136
37 38
32 20
31 36
34 18
35 31
23 22
27 31
14 26
24 19
19 23
18 26
23 33
21 35
27 30
27 16
20 13
15 16
20 27
34 26
38 38
30 33
37 25
28 16
26 25
16 31
27 14
37 37
23 26
17 37
14 37
24 17
26 16
34 33
30 38
20 25
31 19
20 36
33 13
16 27
26 34
19 33
19 19
32 22
31 25
21 20
24 13
18 25
18 23
13 33
29 13
36 28
26 30
35 38
13 25
25 36
34 20
28 39
33 26
28 27
31 22
28 17
23 34
32 25
22 35
15 22
19 36
21 18
39 28
38 24
20 20
25 30
25 25
13 39
25 22
27 29
36 27
17 23
23 18
27 38
19 18
36 19
38 27
37 20
20 26
18 39
21 24
27 18
13 29
36 23
24 25
20 30
34 30
27 15
39 26
29 16
37 36
17 31
30 18
22 19
32 27
17 35
15 14
22 37
18 34
23 39
26 23
21 34
33 16
37 31
23 21
19 14
37 39
15 20
23 28
21 26
32 35
27 24
29 25
38 15
13 31
23 30
30 36
22 38
14 36
13 26
30 26
37 14
20 38
22 16
28 20
16 36
14 32
28 34
22 28
36 36
38 21
