47 131
34 13
16 33
11 28
22 28
21 18
24 18
22 20
15 18
33 32
32 31
23 27
29 32
28 26
21 21
28 27
19 20
32 30
21 19
13 35
21 31
21 27
21 23
23 21
30 35
22 34
29 26
27 11
23 29
15 34
28 19
31 12
32 32
12 20
21 35
30 32
29 11
29 12
19 18
25 35
35 19
35 23
20 24
33 21
11 22
32 13
22 23
27 13
12 17
11 18
11 27
11 33
32 26
14 14
23 18
18 21
29 15
20 19
32 34
18 25
34 29
12 22
30 17
19 15
34 15
30 16
17 27
30 33
14 11
18 15
24 14
24 25
34 25
33 23
22 35
13 16
16 22
12 29
29 31
26 24
33 26
21 25
19 32
31 20
28 34
20 34
32 29
16 35
24 28
33 17
20 25
17 22
14 30
13 30
21 12
17 26
25 15
33 20
12 26
34 30
30 29
30 23
15 13
35 34
24 24
20 28
35 15
31 29
20 23
35 32
26 27
14 25
19 12
27 31
15 27
31 31
16 11
28 23
16 23
12 24
11 24
23 19
26 11
26 16
22 31
24 13
24 35
21 29
29 24
14 22
16 17
26 28
