47 131
13 18
21 11
18 29
13 34
18 22
31 21
30 16
27 29
31 14
24 12
20 22
30 34
21 22
12 23
14 14
20 20
30 21
30 25
11 19
34 17
22 22
22 18
21 14
28 35
20 21
31 31
16 27
31 33
15 12
15 20
19 30
12 12
24 11
13 26
25 30
14 32
34 27
32 24
11 24
15 23
34 30
29 14
24 25
29 12
20 27
21 25
12 24
20 15
25 16
13 21
24 19
14 23
18 15
28 29
35 29
21 30
13 20
12 26
11 17
14 11
24 17
27 20
34 32
19 35
26 30
22 30
22 29
11 22
13 31
16 29
35 30
12 25
18 14
24 16
32 32
19 20
17 23
21 32
12 28
33 15
23 16
20 13
28 32
32 34
28 28
34 23
18 19
27 31
21 24
21 17
13 23
17 12
13 35
29 27
35 22
16 21
16 25
23 17
34 29
26 22
13 11
20 31
34 18
21 19
30 14
16 23
30 11
29 25
15 22
33 17
28 18
32 18
11 35
14 31
23 11
21 33
11 30
13 28
25 33
19 31
11 11
25 32
27 16
34 28
29 21
15 11
27 30
12 34
15 35
26 35
16 20
