45 153
18 27
29 11
31 24
22 28
24 21
23 16
28 23
26 12
15 25
25 29
28 12
16 25
14 32
19 28
27 25
28 16
26 30
33 18
16 20
18 33
23 30
25 16
11 31
31 21
23 33
14 28
26 16
24 29
16 21
28 31
25 23
31 23
23 21
21 33
33 21
28 26
25 22
11 20
23 12
27 33
14 14
33 12
30 19
23 20
13 26
21 15
28 25
30 16
12 13
29 12
30 23
12 27
18 19
19 12
16 12
30 21
29 14
27 27
26 15
13 32
14 23
24 32
31 25
18 22
30 25
17 19
20 24
28 30
25 19
30 17
12 33
17 18
31 33
12 31
29 21
23 24
32 13
29 28
13 21
25 14
21 30
13 28
21 18
26 32
20 30
17 17
26 23
19 30
20 20
11 13
12 24
14 18
19 20
20 31
24 25
11 28
27 26
29 33
30 24
28 14
11 15
17 27
12 12
27 30
29 13
31 18
21 27
16 18
27 18
27 21
28 27
18 31
26 13
20 27
25 18
17 12
27 32
21 13
20 21
29 25
24 24
32 23
31 17
31 14
27 15
11 30
30 32
23 18
31 30
18 21
14 12
32 19
13 30
26 25
11 32
13 23
28 21
15 18
15 26
19 14
27 24
23 32
32 18
14 21
17 11
33 15
29 22
32 20
28 32
21 12
20 16
15 28
11 27
