51 179
32 33
17 24
14 15
23 28
29 30
35 28
20 24
24 28
19 25
13 17
22 16
15 21
27 20
16 23
31 37
27 33
15 19
18 34
27 19
18 37
18 25
33 16
18 19
19 24
21 31
30 38
28 29
22 37
31 36
18 33
21 26
24 25
15 12
24 13
34 33
20 22
27 36
37 30
34 13
38 13
13 24
33 28
30 33
36 30
38 17
15 34
14 36
19 17
31 27
16 35
20 33
36 31
13 26
34 36
37 38
22 28
25 17
15 26
17 17
28 23
32 37
33 33
12 38
36 25
26 20
22 35
34 23
30 34
21 36
33 25
31 12
16 24
14 38
37 35
22 38
27 35
33 37
16 37
24 14
24 26
30 12
25 33
13 13
35 18
26 17
34 26
24 21
19 34
16 34
23 12
19 37
28 26
13 37
34 16
25 35
12 31
24 29
14 14
28 16
33 29
34 22
18 36
25 25
23 38
25 12
19 12
37 12
20 16
27 25
15 24
32 36
17 22
26 32
17 15
12 27
25 21
25 38
31 21
26 31
34 12
14 22
15 22
38 36
27 38
28 31
34 24
23 17
24 17
20 14
36 13
38 24
14 25
14 23
31 17
31 25
22 24
20 36
25 37
18 15
13 19
27 14
25 14
25 31
23 31
30 18
24 12
23 34
31 29
15 33
25 30
35 38
29 16
32 24
16 22
20 27
29 38
18 38
33 14
37 13
23 26
21 20
35 13
35 35
33 20
29 13
34 38
21 28
29 31
36 12
17 37
24 16
17 21
36 14
22 13
35 16
16 26
15 15
29 27
24 20
