41 125
17 14
20 23
25 19
28 28
27 25
27 28
17 12
19 29
21 14
20 25
28 15
16 16
11 24
15 24
24 22
28 27
10 11
16 10
27 17
11 25
21 30
28 20
14 16
24 29
27 23
27 13
25 21
10 21
26 29
13 29
12 11
16 22
30 23
15 14
18 14
28 11
19 10
21 27
28 10
19 26
16 19
28 17
14 15
19 27
28 26
14 11
11 28
15 10
16 30
11 18
17 11
11 22
25 22
18 28
14 14
28 16
23 25
16 18
15 26
11 29
19 24
13 14
19 13
11 21
26 26
12 24
16 28
12 22
27 29
28 12
21 25
11 19
20 29
17 26
14 13
25 25
16 13
11 30
25 30
30 20
28 24
20 27
24 27
11 13
24 25
19 11
30 22
14 21
10 24
29 23
13 18
22 22
27 16
12 13
18 22
30 29
23 29
27 15
28 23
18 29
11 27
23 16
26 28
26 22
17 17
11 15
29 20
20 13
23 22
27 22
21 17
25 17
22 13
24 19
12 12
30 11
20 17
16 15
29 10
12 26
22 19
22 29
14 17
29 14
25 27
