61 88
25 32
17 17
37 35
29 33
43 40
44 28
39 19
27 22
17 29
40 21
39 27
30 37
24 28
32 15
36 21
23 43
18 15
42 26
40 22
23 23
34 21
39 40
42 19
21 21
25 18
32 36
15 45
31 35
38 30
22 17
33 31
41 45
20 19
27 41
23 32
28 20
38 28
33 45
38 39
28 32
18 31
18 23
18 44
39 35
37 15
27 38
44 39
42 37
35 23
36 17
27 32
16 45
19 41
43 31
36 32
16 34
33 30
45 27
37 45
35 24
36 25
29 39
27 20
45 35
29 32
18 20
35 22
17 25
28 21
41 19
21 38
36 39
26 27
18 19
15 43
41 33
22 40
21 40
24 33
25 24
37 33
44 33
38 45
30 20
16 41
17 40
15 28
18 41
