57 202
37 33
30 32
15 33
29 36
22 36
22 16
22 30
41 29
31 21
37 28
21 29
38 17
41 31
16 17
41 33
28 41
18 18
41 15
16 40
42 36
37 40
38 33
33 36
35 31
15 20
37 21
22 35
17 23
34 20
32 26
20 24
42 16
17 17
26 37
17 14
42 34
31 20
37 19
24 36
16 38
21 37
24 38
30 40
42 38
42 14
42 21
33 30
32 31
17 22
40 39
22 14
31 28
33 14
20 41
21 14
22 17
35 17
16 23
32 35
19 40
17 42
35 41
31 18
24 41
18 37
25 33
35 34
35 37
30 27
39 28
22 25
41 25
41 28
19 19
14 22
20 38
36 22
22 21
20 33
42 23
20 32
17 35
19 37
38 31
42 30
19 24
39 31
36 28
22 18
17 27
26 36
37 32
30 23
22 20
25 20
27 38
27 31
34 32
28 29
33 40
21 40
23 29
28 40
29 33
38 22
41 27
40 37
38 21
36 26
32 24
16 29
39 40
30 25
22 23
21 35
21 31
36 31
36 36
39 33
18 32
19 15
36 38
19 42
20 26
41 14
23 39
14 36
27 35
15 29
22 38
19 41
20 29
16 42
18 14
39 16
29 31
29 22
32 15
24 18
28 16
30 20
34 21
24 14
26 21
39 26
33 38
18 42
36 27
32 42
24 23
40 18
16 14
19 32
23 40
32 38
30 37
32 25
29 35
17 37
14 18
22 29
40 15
26 18
28 36
37 30
31 42
41 16
18 40
19 16
19 23
21 19
35 28
23 30
31 24
17 28
40 35
21 34
33 37
16 37
28 15
31 37
14 27
16 18
21 42
36 21
35 25
24 32
14 38
18 16
41 21
17 39
38 39
36 15
29 28
16 33
34 16
15 15
24 35
38 25
24 24
29 41
26 31
