53 117
29 26
30 26
15 14
15 30
37 16
17 25
13 20
19 16
19 19
34 15
32 33
36 35
19 13
32 25
21 31
15 29
25 18
36 18
34 24
18 23
36 39
28 18
20 36
37 35
13 37
30 20
31 13
17 16
26 29
35 20
24 33
39 14
15 18
34 37
22 27
20 21
16 19
18 39
14 38
22 19
21 14
19 37
35 37
32 30
26 33
17 39
38 37
23 36
18 13
31 30
27 29
32 36
16 38
33 37
35 38
24 13
13 32
27 37
35 33
31 36
13 24
36 31
27 23
13 17
29 36
36 19
15 20
25 17
21 39
25 26
18 24
23 25
20 23
23 16
32 15
36 23
27 15
27 18
26 23
38 20
18 25
35 15
33 25
25 30
36 13
39 27
15 16
25 27
28 26
38 29
22 22
29 15
34 27
25 37
14 15
28 30
28 28
17 26
33 18
29 19
22 21
20 37
37 20
22 28
29 20
17 35
34 19
35 21
19 39
16 33
22 32
13 19
37 30
27 27
39 16
39 20
33 35
