59 164
38 33
35 26
16 30
35 33
14 16
33 40
35 32
14 23
18 37
19 30
32 38
30 15
17 34
31 17
41 27
25 16
16 20
44 27
14 34
25 42
27 31
42 29
29 22
31 15
26 39
25 19
19 35
33 37
15 42
21 18
32 36
28 24
20 39
37 30
41 22
18 19
24 26
28 30
39 31
40 19
40 16
24 31
25 28
15 24
29 34
26 32
18 29
39 17
20 20
34 33
32 44
19 15
22 43
33 39
41 14
35 34
30 26
26 41
18 40
28 41
29 29
41 43
20 27
15 39
25 34
39 15
29 38
32 14
35 39
29 41
24 25
31 44
14 14
43 14
17 36
20 18
22 41
16 33
40 36
39 35
32 24
24 44
41 40
17 35
24 33
44 35
42 18
14 25
20 35
16 32
38 38
44 36
22 14
15 40
34 27
29 32
16 35
39 22
19 17
28 22
23 42
29 25
42 27
32 35
43 30
22 33
25 44
35 20
29 18
38 40
36 41
29 31
37 42
30 43
44 24
28 18
37 26
33 32
18 24
26 42
28 29
37 21
26 16
16 19
34 36
24 30
21 27
27 36
19 41
32 30
25 33
25 40
43 24
38 30
18 39
38 15
24 23
25 32
35 22
42 14
43 25
27 33
32 34
36 18
42 33
38 14
36 20
16 41
26 23
19 38
16 21
34 16
37 36
38 22
40 25
21 44
30 41
33 14
17 14
32 20
18 20
23 14
44 17
33 35
