55 212
36 33
15 34
24 22
39 21
35 40
37 29
35 30
31 34
34 33
23 23
39 35
20 35
39 25
34 38
32 15
24 16
13 15
25 14
14 26
28 31
35 25
38 27
15 39
30 29
22 15
24 26
14 21
23 40
33 40
38 34
40 16
29 13
20 24
38 30
36 37
38 41
16 36
16 32
36 24
38 35
31 32
23 37
28 35
15 40
32 25
21 20
23 26
19 35
16 18
26 16
14 27
39 29
38 22
20 34
29 26
36 41
34 13
19 34
14 34
17 21
35 21
20 38
17 27
19 40
26 30
17 36
31 29
34 31
35 19
30 41
37 26
31 20
21 24
22 40
15 26
19 21
19 36
40 24
30 34
22 25
41 17
40 21
29 40
21 18
37 33
30 25
36 38
37 17
27 38
28 33
23 31
22 21
13 27
27 13
23 22
18 36
13 41
37 31
19 39
35 22
34 35
33 27
21 21
32 14
34 17
31 39
30 15
26 27
27 35
29 41
35 26
23 33
40 22
15 17
24 13
26 34
22 14
32 19
17 23
17 28
39 31
39 33
33 36
22 39
28 29
40 38
37 39
31 26
18 20
35 16
37 20
20 23
31 25
13 40
14 35
13 38
18 39
41 29
26 37
18 29
22 37
17 14
39 34
35 37
22 35
27 28
18 23
16 35
17 40
15 36
15 31
22 31
38 21
17 15
27 21
29 25
14 32
36 30
13 19
14 14
39 20
29 30
24 20
26 24
15 19
25 17
34 24
18 32
30 38
13 17
23 19
28 32
17 13
17 25
39 37
35 31
16 27
30 37
41 39
33 29
38 26
28 22
28 24
36 40
40 20
35 39
25 38
29 38
28 16
41 33
17 17
20 20
18 19
39 24
25 32
34 22
30 16
17 32
27 31
14 39
18 14
37 32
22 33
38 18
33 30
39 28
22 34
25 21
21 16
26 21
34 40
14 38
