55 83
30 20
27 21
31 18
19 34
14 26
20 14
26 35
26 37
40 36
17 28
28 28
38 23
33 40
32 29
34 20
24 24
30 40
37 40
20 34
34 19
38 17
17 37
38 32
30 15
27 19
34 28
40 23
17 38
34 27
32 23
33 32
23 27
20 27
23 38
21 22
26 30
19 30
33 22
38 33
24 40
38 14
23 18
17 31
14 39
17 22
28 16
15 33
40 27
24 37
39 38
28 40
15 41
24 14
25 13
40 32
41 18
15 34
41 30
14 35
22 23
16 40
31 31
13 26
21 40
39 26
24 18
21 32
38 22
29 33
21 20
35 25
40 18
14 38
34 15
20 17
40 33
24 29
35 29
37 16
28 26
14 40
26 38
20 28
