61 174
34 42
41 28
37 41
22 32
15 24
39 22
39 16
42 21
42 24
36 38
27 29
39 26
27 25
33 29
41 43
28 42
26 21
37 38
43 21
28 17
35 18
32 20
23 33
29 24
19 25
42 35
37 30
37 16
40 23
29 26
44 24
45 16
45 38
42 22
16 42
41 33
37 42
44 40
41 19
30 27
35 35
28 25
19 38
22 19
25 34
18 26
24 44
26 38
29 29
37 37
44 27
30 34
29 20
45 24
31 23
34 23
28 41
31 37
24 20
35 16
24 41
25 29
39 31
31 16
36 41
16 17
38 37
40 43
31 29
26 37
19 45
23 37
27 45
35 41
36 28
45 23
21 38
19 18
38 19
21 44
37 24
17 23
43 40
41 38
31 33
15 25
18 45
15 16
41 44
33 38
24 22
34 27
19 40
16 34
41 27
45 17
23 25
27 38
41 18
24 24
43 33
41 25
34 31
31 36
38 44
44 36
41 22
15 29
30 37
28 32
45 33
30 25
41 16
43 23
35 37
42 37
15 40
44 15
18 42
45 45
17 18
17 22
27 23
35 42
15 28
40 25
30 24
34 24
16 32
33 35
20 23
45 19
28 44
26 29
25 43
36 15
38 17
24 26
45 40
23 31
34 22
33 22
35 43
16 22
24 43
20 38
19 33
26 43
42 27
38 22
45 34
28 15
44 17
39 44
23 42
38 41
30 19
30 36
29 44
22 29
38 39
32 18
45 20
24 45
31 21
19 24
35 30
17 24
19 20
38 32
39 45
37 27
31 19
38 31
