37 95
12 24
9 12
16 15
9 16
9 10
11 16
16 21
15 15
13 21
13 18
13 12
25 13
24 19
20 24
22 23
17 9
23 12
17 24
13 16
12 17
15 18
9 15
24 9
9 27
26 21
17 19
26 13
17 16
18 14
15 11
24 18
10 22
20 20
27 12
27 22
10 15
10 26
22 10
13 11
17 21
27 25
15 13
10 16
16 24
18 13
27 10
12 23
15 22
13 25
11 22
15 12
11 25
27 21
16 17
15 17
13 10
18 22
12 10
27 19
22 12
16 12
12 16
25 18
26 26
15 14
26 12
16 18
19 16
10 18
16 20
15 10
16 9
13 27
11 20
23 27
23 18
12 20
18 24
27 11
13 23
10 20
23 22
17 12
25 23
11 21
17 13
23 19
14 17
13 14
24 17
19 9
9 25
22 24
11 18
11 14
