53 213
34 16
35 30
29 26
32 22
18 36
37 21
15 29
16 38
22 17
24 26
32 37
23 15
37 13
37 32
19 26
31 32
37 28
26 34
35 27
19 38
38 26
13 34
31 30
30 28
22 29
16 18
27 22
37 18
17 38
18 15
23 32
15 18
35 37
36 18
23 14
18 17
21 25
27 33
14 13
22 16
23 35
27 25
32 20
15 35
16 21
24 14
27 26
16 32
35 21
15 38
17 21
38 24
14 22
29 38
34 26
22 19
17 24
25 37
33 35
32 38
27 23
35 36
20 38
21 28
17 27
13 33
31 27
25 29
38 37
34 25
28 33
16 39
28 25
37 20
19 21
35 25
29 20
19 18
19 31
31 35
14 35
18 20
17 23
18 34
16 16
25 34
27 21
33 34
16 33
24 39
33 15
24 28
14 25
34 28
19 20
25 17
13 30
27 27
25 23
21 14
28 14
13 20
24 35
34 31
25 35
27 17
35 20
28 38
34 20
34 23
38 36
18 25
31 36
32 24
21 29
22 26
38 38
23 26
18 19
35 29
18 27
26 21
34 22
15 30
19 16
22 27
35 19
23 17
16 22
14 30
30 13
27 30
27 37
33 18
39 25
16 23
24 18
23 20
36 39
30 32
39 20
17 26
30 14
15 24
16 34
39 30
34 33
19 15
25 22
32 16
38 23
35 13
31 37
36 24
38 15
29 15
13 32
29 24
26 24
20 22
19 28
23 30
25 36
24 17
19 23
22 25
29 23
14 39
20 23
24 33
28 22
17 22
33 14
31 24
23 16
32 13
30 30
29 34
14 16
13 22
38 32
38 31
25 20
17 34
14 18
30 34
14 20
39 13
34 15
20 28
15 37
37 16
15 36
19 35
37 33
13 39
15 23
35 28
37 34
34 29
27 29
33 21
22 35
32 17
24 20
16 31
26 28
32 39
35 16
24 29
36 30
18 35
22 33
