39 115
15 16
23 19
11 25
28 25
28 20
16 24
22 20
22 16
22 13
21 27
15 21
16 28
11 17
17 9
19 26
11 22
19 13
23 22
13 11
28 21
11 26
11 29
20 13
22 14
25 27
9 26
26 15
26 9
10 19
28 24
15 15
21 9
24 12
16 27
22 24
19 27
13 9
21 26
27 28
28 12
16 18
24 22
10 18
10 29
16 16
15 19
22 9
22 22
12 9
28 27
28 15
17 20
10 27
9 10
25 22
11 16
19 21
18 23
12 20
17 24
29 20
20 18
24 17
22 10
11 20
25 16
25 17
17 15
9 12
10 9
17 29
18 12
17 23
17 22
16 23
13 14
21 21
13 20
11 27
21 16
28 16
25 25
15 27
17 10
9 22
28 28
20 17
18 29
13 28
19 23
25 10
20 29
23 27
21 28
20 28
9 15
29 26
20 21
28 14
26 17
12 28
18 17
18 11
19 12
29 23
19 11
21 10
15 17
9 16
23 26
15 28
10 11
25 24
10 17
20 22
