45 84
13 23
12 27
12 29
21 24
27 28
32 31
25 21
17 29
14 15
13 27
27 31
26 15
31 11
28 14
18 31
21 11
12 16
30 24
17 30
28 15
19 12
16 15
27 16
19 23
14 12
20 13
15 22
16 14
24 32
28 11
19 15
30 11
32 32
16 26
32 14
23 22
11 20
22 18
24 14
29 22
14 13
25 27
21 15
11 11
19 31
13 15
11 19
19 30
16 30
17 13
23 15
16 21
30 16
15 32
13 30
22 26
23 29
14 17
31 12
25 17
20 29
23 33
14 21
20 11
24 11
33 12
28 29
14 16
19 28
27 20
28 17
29 26
21 33
12 12
19 29
15 23
30 15
16 23
17 23
24 24
19 13
24 22
25 33
13 26
