39 116
15 15
12 9
15 16
12 23
19 18
11 9
23 9
10 17
26 25
18 29
20 11
23 25
13 25
14 17
12 20
9 11
22 22
20 22
9 22
19 15
17 22
28 13
22 16
29 19
16 20
10 24
22 21
11 21
28 16
9 16
28 9
13 12
16 17
15 29
20 12
19 26
10 16
16 22
19 14
15 23
10 11
11 29
26 18
28 23
25 18
25 16
9 13
18 26
20 27
21 22
21 26
11 11
28 22
24 23
9 29
11 20
13 29
12 18
21 14
20 18
27 15
28 24
27 21
20 29
27 11
16 24
27 10
20 16
16 26
26 10
22 11
24 17
21 10
15 24
20 21
10 22
25 26
15 12
26 28
15 20
15 28
27 18
14 22
20 13
23 10
13 9
29 9
24 15
17 28
24 25
23 23
10 29
27 22
19 27
17 19
25 9
12 21
27 16
14 29
23 17
21 23
25 25
19 13
13 24
14 21
29 20
23 16
20 28
12 28
27 26
10 20
13 21
27 20
16 10
23 21
11 24
