57 203
28 24
27 40
41 30
16 25
36 19
34 28
31 14
41 28
14 42
39 42
37 33
14 19
23 18
23 33
31 37
19 29
26 19
32 33
20 17
29 35
32 30
25 17
30 25
37 20
25 33
32 32
27 17
35 26
39 26
18 26
42 24
14 34
41 14
15 24
25 15
33 25
38 41
29 40
38 15
37 34
40 23
32 39
41 25
25 18
39 22
31 18
18 34
39 17
40 39
22 28
31 22
20 42
29 41
40 20
28 29
21 15
41 21
14 38
37 27
31 26
27 26
29 34
17 31
23 20
20 32
31 36
27 21
37 29
38 21
23 19
24 30
18 14
17 25
23 26
24 26
32 28
21 31
38 40
19 26
29 16
35 19
29 17
19 24
28 30
34 38
33 36
40 36
14 40
22 31
18 37
40 21
26 37
39 39
24 16
38 39
24 21
22 27
24 20
35 38
19 33
36 28
21 24
33 22
36 17
30 32
30 17
19 35
25 14
25 25
28 35
20 39
27 39
27 18
18 40
15 31
41 34
29 42
35 30
36 38
37 42
17 32
17 35
21 29
26 24
29 32
20 40
28 15
37 18
24 15
37 14
32 22
33 34
26 22
18 38
21 25
37 38
31 38
34 14
37 40
15 17
15 23
37 23
33 26
27 22
33 37
29 28
23 15
41 17
16 38
24 27
37 36
41 26
34 27
24 25
31 20
25 26
26 30
16 41
28 36
32 20
17 22
17 39
25 34
27 24
42 31
17 19
27 14
14 36
17 42
22 30
38 30
42 30
18 35
15 36
35 27
35 40
34 37
33 23
36 24
26 18
42 19
32 27
33 30
21 39
29 31
41 31
38 17
15 33
17 14
26 41
35 31
14 29
38 37
28 28
28 18
28 19
14 23
24 19
28 31
19 16
40 40
31 41
17 21
