57 141
38 35
33 15
15 20
24 24
18 40
38 30
22 30
18 17
15 32
36 35
23 34
20 22
23 33
24 15
33 17
31 23
31 42
39 15
28 24
18 18
21 20
24 17
34 22
34 25
26 17
38 25
36 21
14 42
41 34
14 39
16 34
41 41
22 31
42 27
30 35
22 39
40 21
23 42
41 40
34 24
32 33
36 15
17 15
21 17
32 17
28 28
41 17
20 33
19 39
25 18
38 40
29 34
26 30
27 39
39 30
42 38
42 41
31 20
36 17
39 17
39 38
26 40
30 24
15 28
14 38
25 23
36 30
30 34
36 27
15 15
29 39
15 14
33 34
22 35
37 17
27 28
18 27
17 33
34 34
32 32
35 25
17 28
33 41
27 40
16 16
30 38
21 35
17 22
24 26
21 26
21 41
25 25
36 24
29 28
30 31
19 28
24 21
27 38
17 29
20 25
15 37
28 22
16 31
25 36
35 35
29 17
27 21
35 27
19 36
20 36
39 26
40 31
18 29
24 31
16 38
29 40
38 38
35 33
42 20
40 16
20 30
28 25
22 24
21 15
25 40
42 19
30 19
25 31
38 20
41 21
30 15
40 19
36 23
41 22
33 36
35 38
33 22
17 30
32 25
27 24
23 30
