53 129
23 38
38 18
18 33
32 31
25 36
28 32
27 16
24 14
13 23
37 36
32 13
16 23
31 38
18 27
20 36
39 31
38 23
31 34
13 36
34 19
16 18
34 21
17 17
36 39
15 19
35 37
21 20
25 21
37 24
32 19
25 25
16 29
38 36
13 19
32 36
26 38
16 25
26 30
22 30
14 25
19 24
29 23
24 26
25 15
22 21
31 15
31 35
16 22
22 36
21 17
14 35
16 30
32 35
14 26
18 28
32 28
21 15
16 16
33 39
29 24
25 18
13 22
16 28
25 35
35 28
23 22
23 34
38 20
24 23
15 25
31 16
25 27
37 23
20 35
17 37
23 15
30 27
29 17
25 39
27 32
19 35
25 29
23 21
14 38
18 16
13 37
29 20
25 33
16 32
26 33
21 13
29 26
37 16
24 15
20 24
33 18
27 33
27 28
30 28
14 18
29 33
29 37
29 30
29 29
30 39
33 26
32 34
35 30
36 24
25 32
23 20
13 31
21 38
35 15
14 39
31 17
33 21
39 25
36 31
29 22
38 26
38 22
36 35
18 38
17 21
22 32
32 22
24 35
26 31
