53 211
31 19
32 29
35 35
27 25
16 33
19 17
35 18
32 34
13 37
15 27
16 26
32 30
34 36
23 29
25 35
18 23
19 30
22 39
13 19
13 26
16 39
24 14
30 34
31 14
30 38
19 20
39 25
39 13
15 35
30 21
34 23
30 14
21 19
25 34
33 37
17 35
36 26
17 34
14 23
35 38
28 24
30 33
14 31
26 29
26 25
34 31
13 18
15 30
34 26
21 16
13 17
21 25
27 36
24 29
33 30
35 37
13 39
32 36
23 19
26 35
34 29
20 37
29 35
20 32
34 13
23 21
32 33
33 16
33 35
23 23
20 19
18 39
30 19
23 30
15 22
16 37
16 34
29 20
16 29
26 31
39 30
14 14
26 36
39 15
22 27
31 30
20 21
17 20
29 16
23 22
33 26
21 32
37 24
28 32
37 25
28 21
34 34
21 31
20 22
36 37
26 15
20 15
30 29
34 35
22 19
29 22
36 19
23 24
26 14
24 33
19 21
25 16
20 33
21 15
22 33
34 18
33 19
17 37
27 14
39 26
30 23
14 16
36 18
36 16
24 26
17 17
24 20
27 39
18 24
16 22
22 32
26 23
19 31
34 15
39 34
16 28
20 20
19 19
15 29
37 35
15 21
33 15
15 25
36 24
23 38
19 36
34 39
24 13
29 31
26 20
33 36
18 17
19 28
38 30
38 18
27 16
31 22
31 26
26 13
25 26
39 29
28 36
17 28
35 31
39 24
26 27
39 35
27 17
37 18
22 38
18 25
27 37
28 39
28 26
24 39
24 34
36 39
20 26
36 13
15 13
21 13
24 18
35 20
36 38
30 25
24 36
27 15
35 17
28 31
33 32
31 17
32 24
29 13
18 31
18 15
39 17
25 39
31 35
34 14
25 18
23 39
38 36
23 27
19 29
33 14
35 29
28 30
24 15
22 28
26 21
21 27
