59 284
38 24
40 29
28 35
25 38
21 20
29 34
38 20
25 32
38 39
35 35
42 30
18 33
26 38
24 21
14 15
15 37
22 22
43 25
40 36
40 31
16 34
39 22
42 19
33 40
43 29
36 31
38 31
16 42
15 29
41 38
20 30
41 39
30 35
42 18
15 21
19 36
16 28
14 36
34 27
19 34
29 27
28 21
17 43
39 24
43 37
38 14
34 34
29 44
23 19
39 18
25 26
21 28
27 39
38 30
28 32
35 28
35 25
35 33
34 26
30 16
17 14
24 39
35 29
33 34
27 19
36 16
15 44
42 35
26 29
44 16
28 33
44 25
26 37
22 14
22 21
43 35
30 31
21 37
43 43
29 28
19 31
21 21
14 16
28 40
38 34
24 17
20 21
21 30
18 26
33 39
35 20
28 39
32 14
32 27
44 33
36 25
30 23
29 30
36 40
44 20
17 15
43 39
37 24
25 33
41 41
17 30
25 21
16 38
19 29
31 24
27 20
25 18
22 28
18 29
35 31
23 22
39 17
22 30
16 32
41 22
21 34
23 30
42 27
29 18
32 38
30 40
33 30
27 34
33 36
32 21
32 18
31 18
32 35
43 36
27 21
15 19
33 41
30 25
18 42
15 30
43 44
26 44
36 39
16 33
25 17
29 41
28 42
36 36
27 36
25 44
33 18
16 31
20 42
23 23
22 20
40 28
19 21
17 23
41 29
31 42
19 16
36 38
44 29
18 44
14 22
35 38
42 32
27 35
30 17
30 42
32 43
24 19
36 18
35 44
44 26
28 36
16 44
23 36
26 36
35 42
33 14
17 44
32 25
44 22
17 32
37 22
43 41
21 40
22 16
36 23
34 16
17 34
17 16
33 42
26 24
39 43
27 24
43 22
19 20
14 18
31 27
32 37
39 23
27 18
44 21
42 15
16 39
17 33
14 43
39 33
15 36
30 44
15 22
22 33
19 15
37 16
20 24
40 32
37 32
34 35
42 22
32 30
24 27
35 17
40 33
26 20
37 37
31 29
44 14
21 32
24 35
38 42
17 28
19 23
39 41
15 38
14 44
16 17
20 16
23 32
32 33
17 20
26 23
14 30
16 14
44 41
33 38
24 30
42 25
32 16
22 27
23 24
31 35
28 34
29 25
31 30
39 27
14 35
37 26
20 27
37 21
33 24
16 27
37 18
38 38
17 31
20 15
14 25
19 26
16 40
24 29
23 33
32 22
25 35
27 29
28 27
39 15
28 41
36 27
39 38
23 17
20 14
36 19
40 23
