47 162
27 23
20 24
26 24
18 29
11 25
14 32
26 25
18 14
13 23
21 26
33 23
25 34
15 17
11 16
24 24
35 28
14 17
11 15
21 15
33 16
19 32
31 17
15 27
23 13
13 27
34 30
29 25
27 12
25 17
26 16
21 30
18 26
32 28
11 17
11 34
33 21
19 18
22 29
27 35
12 26
30 28
29 17
16 27
35 29
12 16
31 14
27 22
34 21
17 21
17 26
28 20
15 20
23 22
13 16
25 30
26 31
11 26
19 25
12 19
32 19
20 35
12 18
19 15
33 19
21 33
32 14
23 21
18 11
15 30
18 25
28 24
25 35
30 32
17 27
27 15
21 32
29 14
13 13
12 34
31 26
16 15
14 25
30 27
27 16
25 14
21 25
33 30
21 17
33 24
22 21
21 11
11 20
34 29
11 19
23 25
28 35
31 13
19 11
27 24
16 17
30 13
23 24
27 29
17 12
22 28
29 24
34 23
20 13
22 12
22 30
24 16
24 27
32 17
33 27
35 31
13 11
24 33
28 23
28 33
17 23
11 23
11 14
35 13
32 29
12 22
16 18
22 19
23 19
16 33
30 16
34 31
27 26
21 23
14 23
14 31
33 13
29 19
28 14
24 25
23 18
26 29
24 29
22 13
23 33
23 27
15 35
12 20
31 24
17 31
19 30
31 27
25 24
16 20
34 19
29 30
34 12
15 28
23 12
21 16
34 15
22 23
30 20
