57 197
27 23
37 28
24 40
38 40
28 40
36 42
34 30
27 40
19 29
38 35
26 25
14 41
41 34
14 38
38 23
18 14
16 26
40 38
20 37
22 34
30 36
28 30
15 38
42 20
15 18
29 31
16 42
20 33
34 40
23 35
21 32
20 30
27 15
16 36
21 38
40 14
35 31
17 32
19 38
38 20
33 41
14 21
40 35
27 19
26 39
41 32
19 23
28 27
21 25
27 42
29 39
17 33
36 18
34 26
42 42
36 33
34 37
15 26
17 31
34 19
28 35
30 32
28 23
31 39
32 39
33 21
18 24
25 23
16 16
36 31
37 23
15 21
33 24
27 34
24 39
36 21
32 25
38 42
19 25
27 21
15 23
15 37
39 36
26 15
18 29
24 22
20 25
26 22
26 30
17 35
33 34
26 40
19 35
33 30
25 15
39 20
39 24
33 26
35 23
19 14
35 29
29 36
21 30
22 40
36 22
20 21
37 26
22 14
15 42
35 38
15 35
35 35
38 26
29 28
21 20
40 29
32 27
34 33
28 29
25 36
21 35
17 16
18 36
16 15
18 25
24 28
40 36
32 33
30 42
33 25
17 42
31 30
36 15
24 38
39 14
38 22
28 26
35 26
25 42
40 16
33 19
20 35
39 15
34 14
14 30
23 33
36 16
30 26
31 31
29 22
23 14
22 42
35 41
15 16
39 26
18 41
42 27
22 31
41 41
18 22
22 25
23 41
14 36
36 32
27 16
29 42
17 34
14 15
38 19
39 32
38 38
31 19
32 32
21 15
27 18
32 14
20 36
18 32
33 32
37 18
27 20
17 26
18 40
26 31
30 40
25 26
41 29
25 35
41 20
41 22
30 21
30 24
38 16
20 31
29 34
41 37
40 34
