41 122
19 23
20 22
18 30
26 30
22 10
16 21
18 19
10 14
10 18
20 13
30 18
24 26
11 15
29 27
24 19
14 12
11 13
27 26
26 21
24 13
29 23
19 30
18 14
23 30
17 20
29 25
14 15
28 19
17 11
18 12
23 21
20 17
16 13
30 28
13 13
27 11
18 21
20 28
23 16
17 15
29 10
19 22
15 25
30 26
25 19
23 27
27 17
11 20
23 23
23 25
12 29
22 25
10 13
23 15
14 14
30 12
11 30
15 19
11 28
28 24
13 27
21 17
12 16
15 18
15 24
21 27
21 13
12 28
17 19
25 14
13 29
11 26
29 26
21 29
22 11
29 16
26 22
20 23
11 29
26 11
19 21
21 18
26 14
23 29
24 29
16 19
16 23
22 29
12 24
29 15
15 15
30 14
17 17
24 30
12 23
24 18
27 22
23 28
20 11
12 25
14 19
11 23
16 15
21 24
15 28
15 21
28 29
25 13
13 15
29 30
14 18
10 11
27 23
29 20
29 19
25 17
10 19
16 24
30 11
18 26
21 19
27 12
