61 110
22 22
35 27
36 23
23 35
29 20
34 23
36 40
39 19
35 23
42 31
40 41
37 44
34 37
45 38
45 45
33 18
37 24
31 32
23 29
18 27
22 34
37 40
25 15
35 18
23 20
34 24
16 32
35 26
23 41
42 45
36 38
39 30
20 28
21 17
17 37
23 15
42 23
38 16
18 40
17 33
20 25
39 25
24 26
33 41
33 35
16 30
39 15
17 38
21 36
38 37
36 24
34 18
21 21
21 25
40 40
25 21
39 42
19 38
31 15
42 17
28 15
37 15
26 31
32 24
39 28
29 21
17 24
41 21
24 36
40 30
39 38
29 41
36 32
41 30
21 22
32 31
45 39
34 42
15 24
26 21
25 45
30 26
19 28
20 35
29 45
24 37
43 19
33 36
41 29
45 17
19 30
19 36
43 43
17 23
41 28
22 45
23 42
38 41
42 42
35 30
28 38
39 39
27 38
28 36
27 25
40 35
37 18
30 38
26 41
37 22
