53 213
21 18
29 17
14 36
27 18
22 33
27 39
18 26
20 19
32 28
34 39
30 13
19 35
33 13
23 13
22 25
39 32
26 39
30 25
31 18
26 18
34 32
21 25
18 27
38 16
39 39
24 30
20 29
21 34
37 23
14 23
24 25
30 20
23 32
39 28
17 31
19 17
20 37
37 32
14 37
18 34
16 21
14 17
17 34
22 32
24 19
29 38
26 16
14 26
19 21
15 32
16 17
37 17
39 14
23 25
30 16
37 26
39 24
19 39
24 23
17 33
38 36
16 32
27 17
34 21
20 38
15 28
36 36
33 38
14 32
23 20
25 14
28 17
21 30
35 23
27 19
26 27
35 26
39 25
27 24
22 21
35 30
19 23
14 38
37 37
15 15
34 35
14 35
39 27
13 26
27 38
19 24
17 27
28 36
38 19
22 17
32 13
32 21
33 20
20 28
14 31
32 24
22 15
33 19
37 31
39 22
18 39
24 21
34 15
20 32
32 31
35 15
29 25
32 29
28 39
13 35
14 27
15 36
26 17
18 36
37 33
13 20
29 31
37 21
21 28
21 29
20 26
39 37
28 19
17 13
27 30
28 14
25 37
29 30
28 27
19 25
13 38
15 27
29 28
24 26
14 22
15 17
24 17
24 13
13 23
34 13
29 27
29 36
30 37
39 18
29 14
15 37
19 31
15 35
14 20
29 34
21 16
31 39
30 15
30 27
16 15
33 25
26 31
21 22
13 14
13 39
23 31
26 35
13 25
30 32
14 18
30 22
16 29
14 15
34 17
15 13
21 14
32 27
39 31
26 28
26 19
33 37
24 18
20 16
32 34
21 17
37 18
19 28
25 28
15 33
39 33
27 23
33 23
25 17
32 36
36 14
32 39
38 29
16 14
24 14
25 31
36 18
33 34
35 18
16 28
35 13
15 30
38 27
15 18
36 25
13 30
26 25
32 20
36 30
