51 150
37 18
29 33
18 12
16 18
25 18
17 30
31 37
37 34
33 38
34 16
28 18
31 34
17 29
26 26
36 13
23 28
24 17
13 20
17 16
36 31
37 27
21 16
12 14
18 27
19 35
18 36
38 17
37 26
20 14
16 15
30 22
16 29
25 27
17 17
20 32
34 17
31 38
15 26
29 23
20 20
14 26
33 15
20 12
36 33
30 25
14 30
36 28
34 34
23 12
36 21
17 23
14 15
24 38
37 32
30 29
21 37
19 37
35 19
19 21
13 17
35 13
26 15
19 15
33 25
38 24
22 22
12 37
34 28
16 38
13 25
29 19
24 29
15 31
12 25
23 35
24 36
15 33
32 15
15 25
32 26
37 23
27 25
21 33
13 12
21 25
30 13
18 31
21 18
34 23
27 23
35 24
34 24
28 30
22 38
13 34
35 21
27 24
33 30
19 13
23 37
30 33
32 33
14 17
26 28
37 13
35 34
21 17
33 22
19 12
15 27
12 32
16 23
17 33
29 15
18 13
14 21
18 19
13 36
27 37
33 13
26 16
35 18
17 25
25 29
34 13
17 38
21 26
27 26
36 22
16 16
18 22
14 31
12 18
35 25
22 16
16 32
23 15
31 15
29 30
30 35
19 26
33 36
23 14
14 34
32 34
30 36
20 26
19 28
13 15
17 28
