39 113
28 18
22 10
18 28
11 26
19 28
14 19
15 29
13 27
29 19
14 27
9 29
13 20
10 10
22 19
25 23
11 23
21 17
28 25
26 18
13 10
15 25
20 20
22 28
13 16
20 29
28 16
9 18
14 23
29 15
25 9
11 27
10 14
28 11
26 19
15 20
12 9
19 21
16 29
17 10
22 22
28 22
12 10
21 13
13 14
26 11
14 29
15 16
12 26
10 19
24 27
14 25
21 27
17 29
18 12
14 22
9 23
27 23
17 22
28 26
28 10
15 15
9 26
27 25
16 17
20 19
24 15
25 17
11 28
19 27
9 10
24 29
29 20
23 10
9 28
20 24
29 13
13 26
9 20
19 12
16 18
11 11
23 29
25 14
27 27
11 20
23 24
29 28
16 16
22 27
9 13
20 26
13 28
25 15
26 14
22 18
10 18
15 23
28 13
10 15
27 22
25 25
25 11
15 28
19 20
29 29
11 17
14 24
20 16
21 9
17 17
29 9
15 14
19 15
