57 162
24 34
16 29
18 20
40 15
28 19
14 28
19 35
37 37
17 32
34 31
23 24
38 37
31 38
16 24
42 27
14 23
22 38
31 18
34 27
29 30
20 25
21 42
30 26
26 15
38 23
38 16
41 27
33 31
18 39
18 24
20 37
29 36
34 14
20 16
36 38
24 42
30 14
39 34
37 15
40 17
16 19
38 29
15 42
41 31
15 41
41 19
28 30
25 34
21 41
32 14
26 19
15 28
29 33
19 22
30 22
35 30
14 18
18 36
35 40
37 42
36 41
29 29
25 37
28 24
39 30
22 42
41 39
39 31
29 24
26 28
31 24
38 25
26 34
16 28
23 42
36 16
36 31
34 17
41 35
14 22
33 38
34 41
27 17
41 42
36 19
41 15
36 40
32 18
24 32
22 31
22 18
38 35
16 31
41 25
20 42
17 30
42 33
36 28
37 35
17 26
32 15
25 26
26 27
24 33
32 38
29 14
30 21
39 27
26 23
39 35
36 21
38 27
24 31
27 37
24 25
15 32
42 35
19 40
24 38
38 38
33 34
26 29
27 39
42 22
16 27
25 18
22 25
31 32
29 28
40 20
19 42
27 18
42 28
38 24
34 37
27 36
19 20
32 28
40 40
26 37
22 35
38 19
14 42
16 15
32 29
28 37
24 23
42 29
33 22
21 24
34 39
27 42
32 41
18 16
42 30
31 39
24 20
33 36
26 18
30 36
18 42
30 34
