55 91
20 27
33 13
14 14
26 31
20 18
39 39
13 39
22 14
30 39
26 17
15 40
22 25
22 26
39 17
17 39
41 29
16 29
41 40
27 16
21 17
37 32
37 17
15 16
28 29
19 15
36 14
22 41
22 24
19 27
19 21
41 34
40 17
24 19
29 23
23 24
38 34
29 27
19 38
22 35
30 20
28 31
37 37
18 37
17 13
26 14
40 36
36 24
34 34
34 20
24 15
21 36
25 39
32 39
13 31
25 17
14 34
40 35
30 38
37 30
15 34
25 16
30 25
38 33
18 21
33 23
18 24
13 40
33 19
17 23
13 36
30 33
30 37
22 36
37 20
13 24
40 27
14 18
41 33
32 31
17 15
34 15
24 24
28 41
38 23
40 40
34 19
16 28
24 39
23 21
16 31
17 24
