45 134
13 11
16 29
15 16
22 33
27 13
26 25
31 16
20 25
19 16
15 13
25 17
24 14
27 16
22 17
27 21
27 24
16 24
26 23
27 17
16 14
26 32
32 18
21 15
23 15
23 33
21 24
14 26
25 15
32 16
28 17
20 29
28 11
16 13
11 23
17 17
23 27
28 16
33 33
32 30
32 17
32 24
14 29
12 11
14 27
20 11
23 24
30 26
16 23
23 22
31 12
25 32
13 30
15 28
18 12
23 11
19 30
20 24
29 20
32 28
33 20
14 18
12 18
11 29
11 14
27 12
18 15
21 22
21 28
16 11
16 19
29 31
13 33
11 15
27 23
25 26
30 21
23 31
31 11
25 21
26 27
33 24
24 13
19 26
14 23
21 14
11 32
21 32
22 18
17 14
33 28
16 33
12 19
20 13
28 14
29 28
15 22
24 30
19 18
30 22
31 14
32 12
26 16
23 25
32 11
24 23
20 31
21 21
23 32
24 33
27 22
33 19
26 19
28 29
12 12
18 25
32 13
11 33
15 19
26 20
30 14
14 28
18 20
23 14
29 15
29 19
19 12
24 20
13 22
22 12
33 22
27 32
30 32
22 23
17 33
