53 142
27 32
23 21
27 38
29 38
16 26
24 20
14 38
18 18
13 29
24 23
16 34
31 36
32 22
34 36
39 30
19 36
15 20
39 14
30 29
27 14
34 19
39 33
21 39
21 25
22 20
17 14
19 35
35 30
18 15
22 37
25 24
24 39
25 18
32 36
28 15
19 27
24 30
33 35
36 30
28 21
32 27
23 29
30 15
32 33
31 34
23 13
32 19
20 13
32 18
30 20
13 33
24 19
31 13
19 16
24 31
23 22
17 35
23 20
17 23
24 28
23 17
35 14
33 19
29 24
17 30
16 30
18 30
21 30
29 29
27 37
37 23
19 28
29 30
24 37
23 31
38 15
26 33
27 28
39 25
14 26
29 27
34 33
13 21
26 25
39 38
38 18
16 27
23 37
13 25
28 31
32 30
29 36
26 15
17 17
15 21
37 18
31 33
35 35
32 34
20 38
18 38
20 32
29 19
31 18
39 32
37 38
38 39
22 16
22 27
18 26
14 22
14 30
18 23
31 24
34 22
24 14
22 33
34 18
22 24
22 26
17 37
29 23
26 31
30 18
15 17
30 14
32 25
19 17
22 22
38 26
38 27
37 39
17 13
38 33
16 19
30 19
22 39
37 28
37 25
38 21
22 28
34 27
