47 174
34 23
15 32
30 20
34 32
23 33
25 23
21 20
24 33
32 22
15 20
20 13
18 22
13 35
25 27
13 31
19 30
29 23
22 24
15 24
22 31
21 24
24 28
16 33
15 29
29 28
34 35
26 30
14 35
24 18
32 25
14 25
19 24
27 12
26 21
35 19
14 11
13 23
35 22
33 23
34 30
29 19
28 16
22 33
18 12
25 33
15 21
17 31
26 31
12 31
17 28
11 15
26 27
12 29
33 16
11 35
31 20
32 21
11 14
21 32
15 23
19 17
21 16
17 18
32 13
20 17
26 34
22 27
19 29
34 19
11 13
14 19
16 19
22 12
13 19
29 34
19 33
33 17
15 19
24 31
19 26
15 22
34 11
22 29
27 25
21 30
11 11
29 17
32 26
28 32
23 31
22 17
25 31
12 15
26 33
35 17
24 32
30 27
20 34
21 22
24 13
17 12
16 26
30 26
31 12
25 15
30 24
31 33
33 20
33 22
14 12
34 34
27 18
24 22
28 17
15 34
17 17
35 32
34 16
26 20
23 22
29 12
24 27
12 19
23 20
26 11
30 30
27 28
16 27
16 35
12 11
17 35
11 19
21 26
17 21
16 25
19 13
19 34
28 20
20 29
12 34
32 34
34 20
29 22
27 22
14 31
14 29
11 32
16 22
32 23
33 11
23 14
31 24
25 17
24 20
35 21
17 11
34 18
35 14
14 15
21 33
21 18
16 34
18 29
24 26
31 29
13 17
20 32
12 26
28 15
23 17
18 31
25 19
14 16
16 28
