57 229
20 37
22 19
31 39
25 22
15 27
28 22
19 17
35 28
20 22
28 21
28 37
30 39
27 38
23 18
15 21
38 16
32 34
14 14
24 41
28 27
19 38
35 19
35 37
40 38
39 40
38 36
38 30
41 36
24 15
42 30
18 21
22 17
31 29
16 37
37 21
23 37
27 19
14 16
35 26
23 23
24 16
42 36
18 33
19 24
26 31
26 28
42 18
30 32
31 14
37 15
31 30
17 32
19 30
27 35
34 14
22 41
25 20
17 34
42 38
38 42
33 41
29 35
36 27
25 14
33 25
36 21
15 15
16 25
31 25
19 16
22 15
28 28
16 15
30 20
34 41
22 34
40 18
34 40
27 40
15 20
36 17
34 28
42 25
16 19
15 33
32 38
30 36
23 41
26 14
34 29
21 36
16 30
41 29
38 27
32 18
37 24
28 29
19 14
41 35
19 40
16 42
32 41
18 42
19 28
29 17
35 24
15 40
31 35
30 15
36 35
26 20
38 22
16 41
19 22
35 31
38 15
29 30
15 34
29 32
16 34
41 28
34 34
28 19
32 23
36 39
28 15
34 25
37 22
42 17
23 15
26 39
14 41
20 34
36 14
16 33
32 14
27 29
39 33
18 20
19 15
18 27
21 27
31 33
38 29
31 42
30 14
22 14
38 24
37 37
31 34
41 38
30 23
26 18
39 15
40 27
42 27
33 40
17 27
30 26
38 41
21 16
15 42
23 31
14 32
41 33
29 25
28 36
23 34
16 24
23 36
22 23
33 35
19 35
20 35
27 39
17 29
40 21
39 25
25 35
41 32
41 34
20 24
17 16
30 16
21 38
32 32
34 21
24 29
34 33
20 20
22 30
27 34
29 33
26 23
29 31
26 40
33 22
19 39
19 26
41 39
23 40
23 32
26 37
31 41
38 32
27 25
34 20
37 23
36 23
33 29
38 35
22 40
39 37
34 19
19 42
35 22
15 18
31 40
22 32
33 16
25 18
40 30
14 33
31 36
14 35
19 19
28 39
39 31
33 20
