49 179
26 24
30 29
22 13
36 16
16 33
22 24
35 33
32 13
12 17
30 30
30 20
36 34
18 35
13 30
25 25
25 21
19 14
36 31
24 17
32 12
18 12
30 27
33 36
36 25
17 29
12 31
23 18
31 23
36 32
20 23
25 17
24 20
18 23
14 24
28 14
21 35
21 21
28 20
16 24
25 29
27 26
23 12
31 15
23 31
35 18
34 36
34 18
26 27
35 24
16 17
24 23
14 32
27 33
29 13
23 32
35 27
12 26
31 22
20 28
34 22
12 23
12 16
15 31
35 22
13 21
16 25
31 26
31 18
28 33
21 36
16 26
31 25
13 36
28 23
22 22
29 28
17 20
28 28
20 20
27 35
22 31
13 25
36 13
25 36
36 26
30 22
15 14
28 19
33 17
33 34
24 13
30 36
21 22
19 17
36 14
17 25
14 13
36 27
34 17
30 23
13 26
30 25
34 23
20 27
33 30
28 29
20 34
21 20
32 19
19 26
24 14
35 12
19 31
12 30
29 27
28 31
34 12
32 29
28 36
25 28
36 33
22 14
32 35
25 13
12 22
27 23
12 29
33 22
20 26
15 28
26 26
20 30
22 34
13 22
12 27
30 35
29 33
21 31
27 17
33 13
22 20
21 16
29 35
16 36
20 36
36 30
20 13
30 18
31 36
20 12
31 35
27 22
25 31
24 21
34 31
16 20
29 14
17 16
21 19
27 14
23 25
14 14
12 25
34 35
26 29
35 13
30 32
15 29
33 23
26 15
23 19
29 31
26 22
25 22
23 36
16 18
13 13
21 29
17 18
