59 146
30 41
17 17
37 28
23 20
22 21
32 28
19 35
28 33
28 25
31 36
37 33
25 22
23 21
22 37
35 17
44 20
31 25
32 27
14 17
29 38
31 19
35 19
30 32
22 25
31 29
16 31
37 18
36 17
40 16
32 35
20 23
43 23
17 24
32 14
39 31
41 42
21 29
35 31
14 33
18 28
37 34
16 21
40 29
44 18
41 22
32 39
26 20
44 28
15 16
16 23
29 20
16 32
32 23
33 26
30 18
27 35
29 34
44 37
40 23
43 31
24 32
43 19
42 36
25 30
39 26
19 27
35 35
14 41
28 36
36 28
40 38
33 31
27 38
40 22
16 20
44 42
33 20
14 28
18 25
34 33
44 14
32 22
30 21
30 34
21 37
17 30
44 30
23 39
34 38
19 21
28 16
42 29
43 25
23 14
27 25
34 40
21 17
38 37
22 31
38 44
26 31
18 30
32 21
34 26
22 32
38 29
40 21
24 19
40 20
43 27
30 26
36 37
41 44
21 27
21 24
22 44
16 15
36 14
17 41
15 33
24 16
35 14
43 34
33 29
23 24
18 43
31 16
23 36
24 38
21 20
20 22
33 35
34 28
44 29
30 22
15 38
32 20
22 38
23 27
39 24
15 37
27 44
37 15
40 39
22 34
34 23
