49 102
21 32
17 19
36 17
22 20
29 29
30 21
24 15
35 18
26 15
23 26
32 25
19 31
32 36
22 22
30 13
16 16
14 27
15 22
33 33
27 12
24 36
36 24
23 17
13 14
28 32
33 17
25 31
23 24
21 24
17 36
25 28
22 13
16 31
24 28
33 15
25 34
19 25
13 20
18 23
14 35
33 32
31 15
36 19
27 34
31 16
32 14
30 26
12 34
15 18
26 23
14 34
17 13
15 23
27 19
13 35
24 17
17 34
23 16
27 24
26 33
22 16
33 14
18 31
35 21
24 29
15 32
36 15
13 32
21 16
23 36
25 15
30 18
30 27
33 20
13 31
17 17
28 25
14 14
20 14
23 13
22 34
16 36
23 25
31 34
18 14
14 20
28 33
26 28
18 36
33 27
31 26
21 28
25 29
22 30
22 31
28 12
30 36
20 12
22 25
24 25
19 32
15 25
