61 211
25 24
25 44
41 34
15 41
23 22
43 34
38 44
37 36
15 25
26 33
31 26
26 21
34 29
31 37
17 19
31 41
41 18
38 34
16 42
42 31
30 43
31 32
24 40
19 17
19 24
26 29
30 23
28 37
38 16
16 45
18 31
41 33
15 36
38 40
41 24
36 26
39 38
45 39
37 45
34 25
43 27
22 16
28 19
21 27
41 45
16 40
15 31
32 37
19 34
18 38
30 35
27 22
36 30
22 18
37 31
45 15
16 25
45 19
31 20
25 40
20 15
41 27
19 39
43 16
40 37
38 26
16 31
29 22
24 44
37 21
35 28
34 18
41 28
39 42
41 43
29 39
15 17
16 17
32 19
34 15
21 16
25 19
25 33
20 23
45 22
26 25
25 23
39 26
18 37
15 35
29 16
32 16
36 36
23 18
33 17
19 42
24 41
35 40
31 29
45 28
20 29
28 39
34 41
20 41
29 44
26 37
30 40
43 19
32 24
43 18
22 26
37 28
29 38
44 19
38 23
27 25
28 38
24 17
18 26
29 37
31 43
39 43
20 16
15 20
35 44
27 43
23 23
20 33
25 17
44 41
24 23
31 27
29 15
44 22
23 37
23 24
30 19
40 25
26 17
29 19
34 42
27 26
16 19
32 28
30 36
23 26
22 27
15 21
33 27
30 31
29 33
40 23
41 26
29 35
33 41
16 41
16 36
23 40
38 32
37 44
31 24
35 30
44 21
22 43
33 35
34 38
33 25
39 25
32 38
18 35
16 22
34 23
32 26
35 23
43 29
23 17
42 29
22 40
24 21
36 32
24 22
30 44
17 29
36 21
24 29
36 31
43 17
17 45
27 18
43 22
32 42
38 45
40 20
26 43
35 39
32 15
45 38
16 43
23 33
34 27
16 32
27 29
16 39
27 17
45 16
19 38
17 20
25 43
33 40
30 34
25 27
