61 236
28 15
43 34
33 40
23 29
42 31
34 17
41 33
36 43
37 15
25 25
39 27
26 25
43 31
31 30
26 38
34 44
42 36
19 19
44 15
22 42
34 20
21 21
19 22
22 17
17 40
40 42
24 16
37 35
26 32
20 39
43 19
34 27
26 16
25 20
35 42
45 25
29 22
15 21
27 44
42 26
21 15
20 27
26 45
25 17
37 41
28 43
42 40
30 28
42 25
34 32
24 21
44 34
27 38
16 39
27 42
36 36
23 35
37 28
25 30
35 23
26 34
45 37
20 24
21 23
15 18
25 34
44 19
16 19
29 35
38 37
25 21
16 29
24 44
29 19
32 36
20 45
38 45
26 31
41 26
35 19
16 25
30 35
15 39
18 28
30 20
36 31
15 16
24 42
20 42
45 19
35 27
36 17
21 41
31 25
24 18
30 19
41 20
39 31
45 34
19 36
18 18
21 34
21 32
36 40
33 38
34 25
35 36
43 20
15 45
34 28
39 25
29 37
35 28
37 16
45 27
43 18
35 31
19 29
40 43
42 42
22 15
39 15
22 24
41 28
41 36
17 37
36 15
30 29
28 28
21 28
41 22
24 38
43 21
41 30
27 31
32 17
44 41
32 44
18 44
16 28
25 16
26 24
33 45
35 29
35 18
40 18
30 21
33 17
18 19
15 29
38 43
16 18
29 21
23 41
43 26
31 37
21 36
39 38
39 39
34 15
39 37
34 30
22 41
26 27
22 29
38 21
26 37
25 31
43 39
43 38
19 41
35 32
43 27
25 42
17 22
30 38
15 38
21 27
41 35
36 21
32 40
18 24
29 30
23 27
42 38
35 16
36 23
26 21
35 25
18 37
37 22
17 25
39 29
16 26
17 27
43 41
22 26
31 45
30 26
15 36
21 30
16 34
25 36
20 28
31 44
17 23
41 32
34 21
28 31
26 39
42 32
18 30
26 17
28 17
38 30
32 18
39 32
23 44
21 22
34 31
16 21
28 37
23 42
18 42
17 43
40 28
29 31
32 16
22 19
43 17
22 35
40 41
38 17
24 40
43 29
39 22
