35 91
9 19
13 14
8 15
19 25
24 10
8 17
17 11
9 17
24 22
15 19
18 9
14 24
13 21
19 20
10 18
22 9
11 11
8 18
9 22
13 8
23 17
17 13
18 18
25 19
11 23
23 18
16 18
18 24
18 22
16 13
23 12
25 17
14 15
8 26
10 13
13 17
26 18
24 25
17 18
26 11
21 12
15 16
14 20
9 11
21 16
20 10
20 19
10 12
16 11
9 24
11 16
26 22
24 9
13 13
18 23
23 8
20 20
21 19
18 12
10 14
8 22
21 23
25 18
21 10
24 21
8 12
16 10
25 22
10 21
13 12
20 8
15 24
23 24
24 20
19 22
20 24
10 8
23 25
18 17
23 21
19 19
25 26
26 8
20 15
10 15
14 23
11 15
24 26
24 19
8 14
13 20
