57 209
22 20
19 21
17 27
30 34
23 37
28 14
23 27
22 22
28 20
35 19
27 30
40 26
32 31
41 15
25 15
14 27
32 29
39 24
37 24
16 31
36 14
16 18
18 42
33 21
38 25
21 14
41 37
33 15
36 37
42 35
35 28
30 19
39 17
14 26
20 23
26 17
22 25
16 15
42 39
38 19
23 29
35 14
28 19
30 22
34 37
16 29
26 34
33 25
39 30
19 14
20 30
28 22
23 31
17 18
22 28
37 21
16 35
15 25
26 18
27 29
16 37
41 31
30 27
27 22
39 28
27 40
41 38
15 21
39 33
17 31
28 32
27 36
42 38
39 16
34 20
17 36
28 36
22 27
40 34
42 42
28 21
29 28
40 18
22 38
34 16
34 17
28 28
32 24
26 21
29 15
42 34
19 34
30 32
35 34
22 17
29 18
37 41
37 27
36 39
32 18
30 21
35 22
36 31
14 42
29 25
35 26
24 29
38 32
40 42
15 16
37 19
19 18
30 24
22 32
37 23
18 29
35 36
35 32
16 40
23 32
37 33
21 36
17 39
30 20
34 29
36 40
26 16
36 36
26 32
40 23
21 28
40 19
32 22
21 26
23 39
23 33
25 24
38 29
30 42
17 40
28 34
19 27
38 31
14 14
16 22
34 30
37 38
24 35
27 39
37 18
21 19
40 31
19 38
36 23
20 25
20 16
15 18
16 30
14 40
31 19
15 32
39 25
30 16
24 17
26 26
34 32
22 36
19 35
36 38
21 23
24 42
34 15
39 31
40 22
34 40
21 32
20 28
20 42
20 18
25 42
27 20
31 29
41 40
28 42
23 18
23 40
20 40
24 34
32 14
30 37
33 18
19 23
22 35
30 29
14 24
42 21
27 25
27 31
29 38
16 21
24 21
38 41
29 29
23 26
36 26
33 40
14 30
30 36
31 25
