45 165
27 30
26 25
28 16
30 11
19 11
31 12
21 23
24 24
14 16
30 30
16 20
20 16
32 20
12 17
25 24
11 23
18 12
18 16
17 11
14 14
22 23
22 12
30 14
13 19
24 19
32 14
11 25
25 19
32 24
28 15
24 13
28 11
20 24
31 18
13 32
14 33
27 21
20 18
32 28
16 23
23 11
25 15
11 32
11 33
11 22
29 24
12 15
21 30
23 28
11 15
17 14
24 29
32 33
17 23
18 17
14 29
33 23
20 12
24 17
30 18
14 11
12 32
16 11
29 25
20 30
14 25
28 30
16 13
16 32
24 31
30 28
26 32
24 21
13 16
33 25
20 21
26 20
22 26
18 22
16 31
33 32
23 19
22 27
14 24
26 17
15 25
28 21
14 28
25 33
15 18
23 29
20 31
26 24
14 31
17 31
12 22
11 16
26 11
15 31
19 32
28 33
13 22
32 18
30 21
18 23
15 19
29 11
15 12
28 13
16 27
14 20
32 13
20 20
20 17
26 23
28 26
22 24
22 20
25 30
15 33
15 32
16 30
23 31
28 25
24 32
27 17
26 19
11 19
31 27
22 14
17 25
24 14
17 13
18 19
13 24
28 18
17 22
31 25
20 27
17 30
16 33
33 22
32 22
16 21
29 13
12 25
21 27
28 24
27 33
33 33
12 19
14 30
30 26
32 25
17 32
28 31
13 11
17 18
12 33
13 18
27 15
22 31
29 20
33 26
32 11
