35 102
24 11
10 8
19 24
22 12
19 16
16 25
24 8
24 20
10 23
16 22
22 13
21 26
25 15
18 16
15 25
22 16
9 20
21 14
18 23
25 23
20 10
23 9
17 24
8 13
19 18
15 10
18 11
14 21
13 22
10 24
9 15
13 10
14 10
25 11
13 26
17 11
22 14
25 10
19 9
9 21
19 12
17 9
11 24
15 16
16 16
19 20
16 17
12 13
25 25
12 8
8 8
13 15
15 19
16 13
21 10
20 24
10 18
26 16
8 22
11 10
10 15
23 16
16 19
21 19
14 22
21 20
12 18
15 23
23 26
11 18
8 26
12 11
21 11
26 20
26 25
26 22
15 9
9 25
13 11
17 21
25 13
22 9
12 23
14 18
9 16
14 8
10 26
15 21
14 26
13 18
25 16
20 15
21 22
22 21
14 13
20 17
20 12
15 18
20 26
23 20
9 14
18 17
