37 98
27 14
25 15
10 19
18 18
19 16
26 21
25 17
16 16
16 20
27 26
15 13
16 21
13 13
14 25
27 10
12 18
12 19
26 11
15 15
15 10
13 12
17 16
18 11
24 26
27 25
24 21
24 17
20 17
18 16
11 11
14 18
24 10
19 25
9 11
14 16
16 12
16 15
14 19
10 25
10 11
26 13
20 22
14 11
26 15
17 9
17 27
24 19
14 26
10 12
18 10
17 11
13 14
20 18
19 26
11 9
21 22
11 21
9 21
21 16
16 25
22 14
12 27
22 10
26 19
14 17
16 26
20 20
17 17
15 18
11 18
14 14
13 24
15 20
23 25
13 20
17 18
12 25
13 10
25 21
16 17
12 24
20 26
24 13
25 9
17 24
15 21
10 15
27 21
20 14
13 11
9 22
18 26
27 22
18 14
15 9
9 24
23 24
11 12
