43 110
17 10
27 23
27 28
24 25
30 22
13 31
15 15
14 21
29 13
29 18
21 22
21 14
28 17
31 15
16 17
10 30
22 15
12 24
24 11
12 25
19 24
30 17
12 19
14 13
23 18
22 25
21 19
28 31
15 24
19 10
24 29
29 30
27 13
27 32
29 20
14 32
28 16
16 10
16 26
23 25
30 29
10 28
19 21
10 29
32 32
20 10
28 14
16 18
21 11
15 16
32 16
13 27
29 28
27 11
27 30
25 18
32 22
19 27
30 12
12 26
24 16
29 25
17 21
20 25
24 14
30 15
10 31
14 26
11 25
28 19
16 23
31 32
16 13
25 16
20 27
11 17
19 17
10 20
18 28
30 14
23 10
29 12
13 30
10 21
28 21
14 19
18 30
17 11
24 26
10 24
27 10
24 21
11 16
11 21
14 31
12 31
26 14
14 10
17 25
23 14
11 31
19 19
18 22
18 23
30 23
23 13
18 10
20 15
20 22
10 25
