53 213
27 14
20 20
24 13
21 21
21 20
23 15
21 14
27 32
33 13
35 28
22 16
15 16
28 26
19 19
17 26
13 15
13 39
32 36
13 37
23 16
29 21
17 39
20 29
30 37
39 32
26 31
36 39
32 27
36 25
26 18
39 31
36 19
25 29
18 15
20 16
35 13
28 35
14 37
18 25
30 17
27 19
29 31
19 17
31 22
15 19
18 33
24 32
39 36
18 18
22 29
39 37
20 34
27 22
19 14
21 17
13 18
24 35
14 16
26 20
38 25
16 13
18 27
35 36
37 32
32 29
22 19
16 21
32 22
31 23
18 39
39 15
34 14
13 28
14 33
26 37
25 32
26 34
26 35
39 25
23 36
21 37
36 31
35 38
26 38
36 14
13 19
31 30
17 14
22 15
16 27
31 15
38 16
35 25
35 23
24 21
29 39
19 13
26 26
26 33
22 18
29 22
13 27
13 25
18 17
14 17
33 37
24 14
13 21
32 16
33 22
37 33
21 18
36 28
37 15
23 20
13 14
32 26
28 33
35 33
17 13
18 16
27 29
22 27
26 22
29 28
18 36
19 24
19 31
22 23
27 26
17 15
27 30
21 33
13 31
18 19
36 36
30 15
23 30
28 37
14 27
33 32
16 28
19 36
38 35
39 17
37 29
17 32
32 37
18 24
29 30
37 17
23 23
16 24
25 38
16 29
36 26
35 32
23 19
32 32
32 28
13 30
32 33
24 16
33 14
27 21
31 18
13 17
39 35
21 15
28 34
15 27
27 23
26 19
34 23
16 22
28 23
28 29
24 17
20 14
33 34
39 13
21 35
16 32
19 15
23 37
15 30
39 27
17 25
22 14
19 33
19 37
14 32
23 17
37 31
25 35
13 26
37 19
29 27
13 33
25 39
30 30
34 22
38 27
14 28
39 33
32 34
31 36
15 35
33 26
16 37
14 24
37 26
33 23
