61 153
35 18
42 40
20 17
32 38
22 23
18 20
39 34
27 28
21 33
19 24
32 43
41 42
26 35
20 25
16 38
30 17
29 34
35 27
33 16
23 18
30 34
20 35
31 42
17 22
32 27
19 38
35 34
17 19
34 23
21 40
45 45
40 30
34 19
35 22
33 43
24 33
39 40
34 39
16 45
25 40
29 37
19 42
15 38
22 31
36 41
43 20
44 35
28 18
27 34
36 43
43 37
28 36
38 32
35 39
17 28
21 39
18 28
42 16
18 15
32 33
28 30
31 28
45 20
39 23
38 36
44 45
39 31
42 36
42 22
33 15
29 42
20 33
24 39
23 45
16 31
36 16
34 36
36 38
16 21
41 34
16 36
27 16
28 25
39 29
39 37
23 42
43 35
39 28
29 23
37 42
22 30
20 20
21 26
29 26
40 15
19 29
29 43
32 18
22 19
44 15
25 27
36 39
28 40
22 16
25 29
27 35
31 43
36 31
45 30
23 38
16 19
34 20
20 22
37 20
42 42
17 41
19 36
19 30
28 44
28 20
31 17
36 34
37 18
41 41
19 15
41 44
15 26
41 45
22 20
41 37
43 17
34 41
24 26
33 40
44 36
34 43
33 41
31 22
33 42
15 29
29 29
28 17
26 25
15 19
26 28
39 44
21 42
31 23
27 24
28 33
30 29
31 19
15 37
