55 229
26 20
38 28
25 38
32 36
23 19
23 37
37 41
35 37
31 36
26 16
39 16
17 24
28 36
16 30
38 32
20 39
28 32
22 17
38 39
17 36
23 17
24 24
18 32
19 28
14 26
20 16
19 26
34 31
26 22
25 27
24 26
15 26
35 26
34 20
13 34
19 41
13 30
20 38
22 32
22 16
32 19
14 25
40 29
31 38
23 24
17 40
39 14
20 23
26 15
35 41
32 38
34 41
31 39
34 13
17 14
32 24
13 40
41 18
38 24
30 25
28 15
30 21
25 34
25 39
35 21
24 38
13 20
31 22
41 22
20 40
19 29
20 27
39 33
41 25
14 38
23 13
36 34
28 24
33 14
26 25
29 20
22 36
30 29
29 34
41 30
16 35
39 23
37 16
36 38
24 40
24 33
15 27
17 34
14 24
37 31
35 36
17 27
36 41
34 22
28 26
19 24
28 41
40 36
19 38
23 38
37 22
23 26
29 31
23 20
39 13
25 29
25 40
33 30
39 29
27 32
21 40
21 13
39 37
41 32
40 27
18 19
22 37
41 39
33 25
27 17
21 18
27 40
30 27
35 17
38 17
31 28
15 20
32 22
24 41
22 35
25 17
40 34
30 26
31 40
41 41
28 35
33 36
17 26
37 18
15 33
28 40
29 32
35 19
35 16
35 29
22 24
29 30
35 40
39 30
21 41
15 18
37 23
30 39
25 16
20 41
36 15
16 13
18 30
32 25
37 32
22 19
18 22
20 34
32 20
29 23
24 22
32 40
38 20
32 39
15 16
23 36
36 24
26 41
29 29
28 37
37 19
26 33
38 18
25 14
35 20
26 27
28 28
34 33
15 19
22 22
25 33
27 14
26 17
16 32
16 14
37 36
33 33
25 22
18 16
15 24
17 15
19 30
34 23
33 38
28 20
16 26
15 30
36 39
37 25
36 16
17 32
33 19
29 28
13 28
27 15
18 28
40 21
26 39
26 29
16 37
22 39
36 30
32 33
22 29
28 18
40 19
14 29
14 15
28 31
