47 84
18 21
18 34
22 17
30 31
35 28
16 19
20 34
14 29
25 25
12 22
17 17
32 31
27 29
30 20
32 35
20 16
13 21
15 33
25 13
18 30
15 34
35 27
28 13
35 22
33 29
16 14
28 16
26 25
29 23
19 11
24 34
18 23
20 12
11 26
29 31
17 15
16 25
15 20
15 32
16 28
27 27
30 15
29 21
33 19
13 35
34 20
15 15
35 11
13 23
35 17
13 13
14 17
29 22
25 31
29 25
21 35
31 32
24 21
12 17
29 19
29 34
32 26
22 18
30 32
25 22
34 29
22 23
13 27
20 14
30 11
19 18
31 26
21 16
29 27
12 24
22 29
21 23
24 31
24 32
19 16
24 27
26 30
11 12
30 21
