49 135
12 23
24 22
35 35
22 17
17 25
22 18
23 33
24 34
27 19
19 25
16 27
33 27
36 36
24 21
21 35
18 34
22 22
34 30
34 31
21 31
15 16
19 24
16 34
12 34
25 30
21 16
28 15
14 28
22 27
29 35
32 20
30 15
26 32
26 16
32 24
23 12
23 26
24 32
22 13
20 14
35 21
34 20
35 23
16 26
29 17
19 12
34 16
31 32
25 12
25 14
14 12
22 25
32 19
28 21
33 34
36 27
22 32
29 16
12 24
14 19
26 27
14 23
25 27
34 12
35 20
27 25
33 29
29 13
12 16
24 33
21 27
27 29
16 35
14 13
28 31
20 26
17 36
33 12
22 28
24 13
30 19
29 15
19 30
32 33
13 24
35 24
17 30
14 32
36 30
27 12
17 34
18 15
35 16
24 29
24 31
24 27
20 32
33 33
35 13
29 21
28 17
18 33
13 19
35 30
23 34
25 28
15 17
36 31
34 22
29 29
23 14
22 21
17 24
14 14
20 33
12 22
22 15
24 19
17 22
15 12
18 16
15 25
19 28
31 18
21 18
15 14
23 36
23 24
14 20
15 13
36 34
26 20
26 15
34 29
14 27
