39 106
11 16
25 26
19 13
29 19
14 11
28 13
26 24
23 11
20 18
27 15
22 20
11 13
26 11
20 11
24 21
9 19
10 27
12 29
14 16
11 10
25 9
25 12
10 24
12 23
29 15
14 10
24 18
25 17
9 25
23 16
19 21
12 15
24 13
15 9
26 22
14 20
19 27
11 23
20 19
27 16
12 27
25 27
13 23
24 22
9 28
26 15
12 11
25 10
25 25
29 25
25 15
27 20
17 19
25 21
19 23
14 24
16 20
10 13
13 19
27 9
25 22
16 26
20 12
12 25
22 27
23 12
26 27
16 15
10 17
19 26
27 22
15 23
16 29
23 14
20 20
17 9
14 19
24 19
28 22
27 11
20 26
13 26
19 24
19 22
20 28
26 9
25 14
26 21
9 15
27 24
14 17
9 23
19 29
22 28
20 21
16 17
29 13
13 27
11 26
17 23
19 20
18 11
21 15
23 29
18 12
15 25
