53 190
13 30
28 14
20 19
23 27
18 36
20 16
36 14
17 18
15 19
18 20
35 24
23 28
37 19
17 32
37 16
32 34
18 24
29 36
29 25
16 33
15 18
18 14
27 19
32 33
20 24
20 18
18 35
27 23
31 24
23 32
14 28
26 36
29 23
32 25
37 25
15 20
23 31
33 39
31 38
33 15
22 36
14 15
26 19
38 32
21 33
38 25
36 23
26 28
39 13
36 16
35 38
36 18
24 28
25 28
39 35
27 20
17 33
26 27
31 27
15 28
22 13
19 36
36 24
22 14
15 25
32 29
24 33
24 21
16 31
13 35
39 37
36 30
34 37
13 27
17 24
24 13
39 38
25 22
20 36
39 32
23 26
18 16
32 32
30 15
17 30
23 14
14 35
23 21
15 30
28 28
23 34
37 35
15 24
39 23
16 37
30 33
33 24
16 34
18 23
16 18
21 20
17 28
35 15
13 21
30 32
32 13
14 31
20 32
24 36
29 21
30 39
28 30
21 39
23 33
16 26
15 36
13 39
25 21
23 36
27 27
37 20
14 36
22 38
23 13
22 27
34 39
23 20
16 25
19 13
35 39
39 20
33 32
25 13
22 29
13 38
35 13
25 23
26 32
20 22
33 36
26 16
39 15
20 34
17 35
25 20
30 24
23 39
27 14
31 17
33 34
16 14
29 20
33 14
26 23
21 21
35 37
39 26
22 26
17 34
20 26
39 27
30 17
24 25
36 19
24 39
34 27
33 16
25 15
26 13
13 20
27 24
30 38
24 17
16 23
27 34
37 34
30 30
28 38
15 22
28 29
18 31
29 16
14 23
34 21
26 35
17 29
36 26
30 28
32 22
13 34
