39 84
11 20
20 22
24 25
20 23
25 24
14 29
21 16
20 15
12 26
15 19
16 21
18 20
22 9
28 23
22 16
19 17
22 19
18 23
18 13
26 27
23 16
27 11
25 23
17 23
10 9
13 14
29 20
17 11
28 24
17 25
12 23
27 17
24 9
29 9
10 11
14 12
22 26
22 18
14 27
18 29
23 10
20 26
27 29
14 25
12 24
22 12
15 16
17 16
24 23
9 29
27 13
12 19
26 23
16 18
12 25
19 12
13 27
13 19
19 13
20 10
29 14
21 21
9 27
14 28
27 23
22 27
16 13
16 20
16 17
26 22
19 16
28 28
28 16
23 19
13 13
10 23
29 13
11 27
19 26
25 22
11 18
23 26
19 19
12 10
