53 214
22 25
31 26
27 19
24 18
24 24
31 24
28 37
32 17
18 14
13 15
13 22
32 31
34 22
23 13
15 20
13 13
26 25
22 22
13 27
20 28
36 24
35 22
38 21
24 29
23 34
17 21
22 27
23 30
14 31
37 34
17 28
36 27
21 35
31 27
16 37
17 22
20 20
28 19
30 13
24 20
39 25
21 21
37 36
19 32
34 20
35 26
20 18
36 35
36 31
27 38
24 13
26 36
33 21
17 35
39 19
18 17
32 36
17 18
14 33
19 23
15 30
30 24
25 17
38 35
37 29
39 24
15 23
16 18
25 22
21 31
21 37
22 29
15 27
35 13
28 18
22 36
22 37
24 32
30 19
39 21
15 26
16 21
30 21
32 20
26 16
23 17
36 25
23 26
17 25
36 18
18 19
22 19
16 26
37 30
30 39
30 31
23 28
37 19
13 16
20 37
24 34
32 24
14 14
37 23
38 22
13 31
38 18
17 19
39 31
13 19
35 30
16 14
17 24
21 39
13 18
36 33
32 28
32 37
18 28
14 38
39 20
20 26
13 29
34 15
23 32
32 34
32 29
31 18
38 19
23 35
25 36
34 26
17 17
21 14
37 16
37 26
26 20
39 17
17 30
24 21
19 31
15 38
36 36
24 28
22 32
15 29
36 13
19 27
23 14
18 27
31 38
26 14
36 37
35 28
24 15
26 33
22 13
25 30
19 38
29 13
28 28
27 32
14 16
28 21
30 32
30 15
32 32
39 37
33 26
25 13
38 13
33 23
29 18
22 18
16 25
38 29
18 35
28 14
25 35
24 14
14 18
35 33
18 32
23 18
28 38
16 32
26 39
20 19
20 34
15 22
25 39
16 24
25 28
27 26
17 34
23 23
29 39
18 16
23 25
24 25
13 37
20 27
18 33
37 22
13 26
16 17
32 23
23 33
17 15
18 30
29 28
35 36
22 21
39 29
