53 160
28 18
25 22
22 27
32 25
16 20
18 36
19 17
22 24
26 26
29 33
34 34
35 20
33 14
13 22
26 20
15 28
15 31
24 24
16 19
21 31
35 26
33 31
35 39
32 24
18 24
28 35
21 25
21 20
13 23
13 19
33 27
33 15
35 21
28 32
20 32
13 21
33 33
20 25
35 23
20 38
16 24
13 36
19 22
21 27
39 27
17 17
26 23
36 14
29 28
36 30
31 30
16 17
18 15
20 20
27 29
28 28
14 13
27 27
31 24
19 28
35 36
39 37
39 31
37 38
34 26
22 38
27 21
38 25
30 38
35 37
17 18
25 32
17 30
19 27
27 39
22 18
31 39
23 39
29 38
31 13
28 39
30 27
26 15
38 30
28 37
30 29
34 32
13 16
34 28
38 33
36 29
16 27
36 23
39 22
16 15
29 27
38 39
25 29
34 15
14 26
33 30
30 19
33 26
19 24
18 21
34 36
27 19
28 23
20 23
37 16
34 14
16 28
24 29
16 30
28 33
35 33
23 29
37 18
19 39
22 15
16 37
28 17
37 34
14 36
18 27
36 20
32 17
18 38
24 27
38 38
38 36
24 30
36 27
38 29
16 16
18 33
24 13
36 26
23 32
31 37
21 15
31 33
26 24
21 21
14 38
35 24
29 34
21 26
26 27
14 15
23 16
19 31
14 29
38 28
26 25
15 36
34 23
31 28
14 20
29 18
