47 109
29 34
24 24
12 18
29 28
11 29
33 33
24 27
16 14
23 12
31 35
22 29
29 24
15 15
24 34
35 24
14 19
30 23
28 21
29 33
11 25
25 13
16 26
14 23
29 31
32 34
22 22
12 21
20 14
26 27
21 15
19 15
19 14
17 17
28 19
16 15
29 30
26 12
26 15
20 27
28 32
31 21
25 22
20 12
25 19
20 32
30 30
29 25
19 31
16 23
16 32
25 23
23 24
14 16
26 31
18 35
16 19
15 12
17 32
15 31
18 31
27 17
22 15
31 28
18 22
13 25
31 33
26 16
26 11
16 16
22 28
35 32
28 31
17 15
13 18
31 29
27 31
14 34
31 12
21 16
33 32
15 27
33 11
15 28
27 24
15 32
32 15
14 35
32 24
33 12
21 12
26 29
16 29
13 34
22 25
34 17
23 11
34 20
32 17
25 28
35 22
26 21
19 17
16 35
20 35
17 24
15 18
30 22
31 24
24 14
