55 184
21 34
31 21
18 25
22 38
20 26
29 13
34 38
15 41
14 18
27 23
19 41
28 29
20 14
13 16
27 27
19 39
19 18
17 21
40 38
30 40
41 16
24 40
16 22
30 41
17 17
30 39
33 31
16 14
18 26
17 22
29 26
40 31
36 27
32 19
30 17
16 26
38 32
28 37
15 16
14 38
38 39
19 19
31 31
32 33
39 25
37 25
29 33
26 39
25 34
34 21
21 27
33 40
25 40
31 22
35 34
34 35
21 38
20 39
28 23
27 31
39 30
31 32
31 26
24 31
13 15
40 24
16 16
21 25
41 24
28 26
29 16
36 25
27 33
26 21
16 17
30 31
24 39
21 37
22 24
18 17
15 19
33 23
29 14
25 38
31 40
30 33
18 28
38 29
19 21
39 19
17 36
23 22
38 13
18 13
14 32
26 13
13 36
31 33
38 37
39 15
33 28
29 27
21 41
16 27
34 18
39 20
13 31
31 24
26 25
16 32
27 38
33 29
34 40
35 21
30 28
25 32
23 21
32 13
23 40
21 29
30 37
20 36
30 18
17 19
23 14
27 19
23 23
26 22
31 38
31 34
31 30
28 20
35 35
21 19
18 18
37 20
15 40
41 35
38 35
21 13
32 22
34 34
13 19
38 18
28 33
25 27
21 21
13 18
18 34
29 22
36 30
41 21
22 14
14 21
28 22
36 13
26 27
14 34
15 18
19 31
34 37
19 26
23 36
23 24
32 21
19 36
31 18
26 24
36 39
38 34
36 14
40 22
38 17
32 37
18 35
27 26
39 14
18 32
17 23
17 16
26 29
39 28
38 38
31 14
