53 176
26 20
28 20
37 25
37 31
30 24
38 31
22 37
29 23
35 30
22 21
31 18
20 24
39 30
13 15
19 15
17 21
34 39
16 31
26 28
38 30
34 35
38 33
19 27
29 34
14 16
15 16
21 25
35 32
23 34
23 39
30 23
26 23
30 28
18 22
28 29
21 29
25 38
21 33
27 27
25 18
16 14
17 25
13 35
20 21
28 38
29 21
36 22
13 24
22 17
23 38
35 24
23 31
34 38
22 25
26 29
23 21
18 34
33 26
19 23
37 21
34 27
26 14
25 23
30 37
18 37
31 38
24 14
13 25
31 14
33 30
22 22
14 36
31 20
39 28
25 14
36 17
25 20
14 27
38 15
38 21
33 36
38 34
21 24
24 38
32 30
13 16
15 33
27 34
23 23
19 34
25 15
39 32
15 34
22 20
30 18
37 28
22 29
23 16
20 16
37 22
32 19
16 16
33 28
22 36
20 14
26 37
27 22
34 32
23 32
19 14
18 21
19 36
25 32
16 34
20 25
33 24
29 13
22 14
33 20
20 17
14 30
26 25
19 24
17 38
29 27
19 26
34 37
24 13
39 36
23 37
37 32
13 26
28 21
30 19
17 20
39 22
19 39
18 39
20 19
29 30
39 25
36 27
20 33
36 36
31 39
35 15
20 23
35 13
32 17
27 24
18 27
21 26
22 35
30 33
19 13
33 25
22 34
34 15
22 13
15 29
24 25
24 24
22 19
17 34
20 35
22 27
16 22
31 30
29 15
35 22
17 30
22 28
18 35
25 30
23 15
30 29
