61 255
32 29
40 15
25 38
22 31
34 18
28 44
45 33
42 37
32 28
38 27
39 41
31 45
32 22
37 39
18 30
22 33
15 23
35 21
31 43
44 34
30 45
37 26
21 20
23 25
44 31
17 38
35 38
26 36
38 42
40 43
35 29
43 28
22 45
31 17
32 17
29 22
44 24
15 25
19 36
38 21
28 26
33 42
32 27
31 26
17 18
15 29
31 15
41 20
44 30
36 37
19 18
42 30
16 32
30 35
41 33
37 21
39 42
24 38
30 19
41 35
25 21
32 21
33 24
29 23
27 36
20 15
37 28
23 22
43 35
19 22
21 39
23 24
21 33
35 45
22 35
17 44
38 28
36 26
34 28
22 26
16 30
18 44
35 41
35 17
19 16
19 26
25 41
38 16
28 31
33 27
22 36
18 18
19 39
28 42
37 29
22 39
15 43
41 34
26 43
34 31
17 39
37 43
38 43
21 22
25 37
25 34
28 45
17 19
42 38
34 27
29 19
31 40
20 44
33 25
33 29
35 34
36 38
28 15
35 22
37 16
36 45
42 41
23 27
29 27
22 19
29 43
31 21
32 34
16 25
15 35
28 35
45 43
38 35
24 27
26 37
19 41
34 30
22 24
31 16
23 26
21 29
21 28
42 21
18 40
40 28
27 18
38 32
26 38
28 21
37 42
25 31
20 45
24 44
45 22
34 19
43 26
29 17
39 34
24 40
41 17
31 41
19 43
26 25
29 16
36 29
16 15
30 28
40 17
23 28
20 16
40 32
17 42
17 29
19 40
22 32
37 20
24 45
26 20
24 43
22 38
31 20
27 31
32 23
27 39
18 26
37 36
36 36
41 16
42 27
24 35
45 29
16 31
31 28
34 38
21 31
33 44
39 31
18 33
38 15
25 40
40 26
17 20
16 20
24 32
34 34
27 32
29 29
41 25
19 27
39 16
15 17
30 20
37 17
20 26
23 41
39 19
17 43
24 31
23 34
34 41
18 24
41 36
33 30
19 25
39 26
26 35
30 29
29 15
43 19
34 17
27 42
45 41
20 24
19 28
43 38
42 18
36 33
33 37
34 40
45 21
36 42
17 15
15 42
22 29
16 16
35 18
16 38
15 40
45 17
43 24
30 17
17 33
36 41
34 42
38 36
