39 109
21 15
29 16
26 17
18 12
10 24
25 16
10 28
29 11
9 24
11 9
13 29
19 16
11 11
17 17
28 11
18 29
26 26
14 22
20 12
9 20
23 11
24 27
19 20
27 12
28 18
18 23
17 12
21 29
19 19
17 25
11 18
23 21
26 11
20 16
23 24
22 12
24 28
22 22
25 27
10 16
25 17
11 26
21 11
23 25
9 10
14 18
12 20
28 16
15 21
14 16
13 19
22 18
17 28
12 16
25 22
17 19
29 22
19 13
10 22
18 15
26 21
21 23
9 26
17 22
27 24
19 10
24 26
19 12
16 10
15 20
10 20
14 13
22 24
20 11
16 12
25 20
29 19
29 25
16 24
26 27
14 17
25 18
22 23
28 21
10 11
12 27
12 26
23 20
17 20
13 14
18 27
16 15
22 10
23 29
15 12
13 23
29 12
10 21
15 27
29 18
15 19
16 26
23 15
10 25
21 25
29 23
23 23
25 11
19 22
