55 205
13 21
34 20
21 40
13 32
27 31
25 27
15 19
13 14
18 26
24 16
26 23
33 17
37 33
26 41
36 41
23 37
41 30
21 35
27 28
20 40
31 28
22 40
16 19
18 18
19 18
37 18
37 15
19 14
36 38
13 35
14 29
17 20
27 19
15 40
35 24
27 26
40 19
15 16
39 34
29 16
26 14
22 18
38 29
21 19
32 27
16 38
26 38
35 19
24 29
39 24
34 17
35 21
40 24
18 19
26 36
17 25
17 41
29 28
28 41
36 15
15 35
30 35
13 13
14 20
31 21
41 17
40 18
37 23
28 27
26 26
25 21
13 19
20 21
31 24
40 17
32 22
33 34
27 39
18 41
23 14
13 30
16 20
24 27
38 39
18 16
23 28
39 16
19 19
29 38
24 20
39 13
14 28
32 37
35 37
23 17
23 16
32 23
22 15
23 23
23 34
15 32
28 14
39 35
38 37
37 17
34 34
28 24
36 37
41 39
21 24
26 17
28 29
38 35
18 15
15 36
27 29
37 25
14 39
25 33
36 26
17 26
34 27
37 36
29 21
16 30
17 22
16 26
41 40
24 39
31 31
34 29
15 14
17 13
36 14
21 17
39 20
21 32
29 23
34 26
28 39
31 17
25 30
32 21
30 21
40 34
27 21
36 13
32 13
23 19
25 25
38 19
16 39
16 23
39 18
29 39
35 38
20 15
31 29
18 17
38 24
32 41
31 23
30 25
35 23
32 19
18 40
39 39
38 26
21 23
23 39
32 28
38 32
33 27
25 24
29 36
35 18
35 22
30 15
39 14
29 29
16 24
13 23
35 32
15 31
16 18
34 15
30 32
25 39
21 28
18 31
22 26
38 25
31 36
41 23
34 30
25 17
29 18
13 39
27 23
37 21
24 30
38 21
36 39
26 21
18 13
