51 146
38 28
19 29
31 33
12 23
22 20
27 23
24 31
19 35
37 21
19 36
24 23
21 15
33 26
35 32
23 26
37 35
35 21
31 26
22 25
15 31
18 20
36 17
25 15
22 31
13 28
33 37
14 36
28 20
18 22
38 38
18 21
15 14
34 20
23 29
36 21
17 30
35 22
27 34
23 22
22 19
20 18
27 29
16 22
17 28
17 36
31 36
20 29
24 29
30 29
31 17
32 24
12 22
27 14
19 17
18 38
30 34
29 20
17 23
20 27
37 36
15 12
12 21
20 32
27 17
24 17
23 37
31 22
25 30
20 38
34 38
38 14
33 20
16 27
33 22
31 35
21 22
27 12
14 24
27 15
36 20
22 36
12 15
13 23
22 29
23 23
14 19
31 27
30 37
15 27
28 15
13 25
23 38
16 33
13 18
33 17
23 34
13 13
20 23
32 29
32 21
25 29
37 33
27 25
35 19
25 36
34 13
30 36
13 27
26 27
29 22
29 34
14 20
35 35
37 29
31 24
25 22
27 28
13 12
13 32
28 38
21 26
19 22
38 24
31 12
25 34
28 27
12 26
35 16
33 14
38 19
31 15
18 35
31 21
37 17
13 16
36 26
30 28
12 27
28 21
16 35
21 18
25 20
14 25
25 27
37 28
12 19
