53 119
27 30
24 14
35 35
28 13
23 16
31 20
16 17
15 37
19 38
37 38
33 22
16 27
28 15
21 31
26 25
16 35
13 26
22 38
36 29
34 17
18 34
21 30
36 21
38 20
16 34
39 20
18 32
25 14
16 15
21 36
20 27
35 25
21 22
39 36
14 23
21 33
29 38
18 17
27 18
17 24
35 24
37 35
36 18
39 19
15 23
15 30
16 24
30 27
21 15
17 37
37 23
28 16
20 29
28 35
36 17
19 20
37 39
24 30
14 20
21 13
34 23
37 30
38 31
33 39
30 29
13 32
13 27
20 21
18 28
30 30
15 39
30 26
34 25
25 35
23 32
38 27
23 25
21 17
28 24
36 23
18 31
28 38
35 37
26 38
16 36
36 32
20 32
21 39
35 15
24 26
21 21
14 33
26 32
37 25
31 33
19 15
32 33
32 26
25 33
17 19
21 26
34 29
30 28
26 30
19 30
30 15
34 15
13 30
22 33
35 36
39 31
27 26
35 34
28 22
21 34
29 35
14 13
30 34
31 30
