39 115
29 24
22 18
13 16
29 11
14 19
12 27
11 9
21 29
15 20
27 26
14 14
16 23
19 25
19 10
16 14
14 25
9 25
20 28
18 21
9 23
22 21
13 13
11 26
19 20
25 15
25 25
9 9
23 18
21 17
18 10
21 16
15 9
29 12
10 10
16 11
16 19
15 22
20 17
28 25
18 19
17 11
22 14
17 16
29 16
14 18
29 18
25 28
20 11
24 20
14 26
15 19
13 21
19 18
26 18
24 15
11 15
12 19
16 25
12 16
10 14
11 24
28 18
14 17
13 9
10 21
21 13
11 25
28 22
29 14
16 27
22 19
20 15
20 9
28 17
17 13
17 20
15 27
11 14
26 11
9 19
20 10
19 27
27 21
29 20
22 22
29 25
27 28
29 26
16 15
11 10
10 19
14 27
27 17
25 17
10 16
23 14
18 9
22 11
24 11
19 13
20 19
27 11
28 11
24 24
26 28
25 11
19 29
23 20
20 16
17 27
23 19
25 26
11 12
9 10
20 27
