49 183
34 18
28 17
14 32
35 25
13 29
36 32
20 27
29 22
22 22
34 36
17 24
15 15
28 14
16 31
26 19
20 26
29 28
13 12
22 35
28 15
22 21
36 15
18 27
34 16
32 36
15 19
32 30
12 14
32 31
17 19
25 17
19 29
12 15
30 28
33 17
13 22
19 35
20 16
18 32
13 28
16 21
27 18
16 17
26 36
33 31
16 35
18 28
31 28
15 14
25 33
31 18
12 20
24 17
35 16
18 13
34 20
19 27
25 25
27 24
14 27
24 36
35 34
31 35
19 21
35 27
24 20
12 34
24 14
24 29
19 28
35 22
18 15
23 27
23 36
14 33
29 20
13 36
24 23
34 23
16 33
15 12
19 17
33 36
14 24
31 30
33 33
35 23
22 16
27 16
32 17
16 24
26 26
15 34
16 19
34 13
22 31
12 26
26 22
27 32
34 17
18 14
33 19
13 27
36 31
36 22
33 13
20 33
13 32
18 31
24 34
14 35
20 36
17 33
26 33
28 20
19 16
32 19
24 18
20 21
22 23
28 28
36 23
26 29
16 23
34 28
36 17
18 29
35 19
35 30
18 24
31 19
14 31
28 16
16 12
26 15
35 13
36 14
32 29
19 15
23 13
20 20
34 30
35 36
20 31
30 34
25 18
27 31
31 29
17 28
24 22
25 29
33 21
14 21
22 12
12 19
19 14
30 15
15 24
23 35
23 20
25 13
27 17
30 36
14 13
30 18
31 27
18 34
23 14
25 22
13 33
32 16
20 23
32 14
18 25
14 16
15 29
24 16
14 29
25 30
12 30
28 29
29 12
34 34
