45 135
17 11
12 18
20 19
32 27
21 30
12 24
21 28
13 21
30 18
16 22
27 31
11 24
21 12
24 18
19 25
15 17
23 17
33 31
17 27
30 22
24 20
32 33
26 22
30 15
14 22
26 25
15 14
20 14
27 29
23 27
22 33
31 27
28 33
33 14
24 17
25 11
15 30
26 29
27 13
16 15
18 16
24 28
27 30
18 25
28 29
14 32
14 14
28 14
21 32
26 30
21 21
22 27
23 23
12 25
28 28
30 19
13 24
15 12
14 12
18 11
32 23
15 23
26 14
11 23
32 11
17 19
14 31
32 25
31 12
16 25
16 29
33 29
31 28
31 29
31 26
29 17
31 21
29 28
22 18
16 21
19 18
26 16
11 21
14 29
30 33
30 12
19 17
16 17
29 25
18 32
26 31
20 23
28 21
25 29
12 33
15 29
14 21
16 23
27 25
25 23
32 14
18 12
12 15
26 15
27 33
30 21
21 31
18 22
27 16
28 26
32 16
21 33
11 20
30 14
19 20
12 29
17 16
14 30
29 12
30 11
11 29
19 15
23 12
16 32
30 28
28 20
27 17
20 21
22 21
22 12
16 24
28 25
29 15
25 33
19 14
