43 120
16 17
12 13
15 19
12 23
23 32
11 10
26 19
14 17
23 15
27 22
16 29
11 20
27 31
18 16
10 22
17 32
31 15
32 17
12 26
32 30
24 30
17 11
13 11
10 32
32 29
28 30
13 31
12 10
27 23
21 25
16 28
29 13
11 13
17 29
15 11
18 17
26 14
17 17
28 17
14 24
21 11
30 18
26 18
13 14
20 31
12 25
10 12
13 28
25 31
14 16
25 10
19 29
30 10
26 27
19 10
26 13
23 14
29 12
21 14
19 21
31 12
11 26
31 19
17 31
12 15
32 27
16 16
13 26
17 15
15 28
30 27
19 22
13 32
24 22
22 25
25 15
23 27
20 25
32 32
22 12
20 15
11 23
32 21
32 12
23 19
15 18
12 22
11 27
31 22
30 14
19 26
27 13
13 15
22 23
30 32
23 20
14 11
13 24
26 23
18 21
18 11
32 18
24 23
14 19
25 23
32 31
16 12
14 12
32 13
22 27
21 10
16 27
18 10
25 20
20 29
13 19
22 19
17 21
22 32
13 22
