53 132
16 25
32 32
21 22
29 23
18 35
33 26
20 26
21 31
33 25
26 31
13 19
34 24
18 37
22 13
24 25
25 17
15 20
22 27
18 17
35 30
28 35
33 39
26 30
33 35
28 22
28 19
38 29
30 13
39 19
31 36
30 21
29 22
22 20
17 28
16 36
26 17
35 16
28 28
18 20
29 33
16 28
14 31
21 34
16 15
37 30
36 28
20 36
15 36
22 36
28 18
25 39
27 30
26 22
24 14
32 21
24 15
19 25
23 39
37 16
35 21
38 37
13 36
34 20
36 14
21 33
39 14
39 38
25 26
32 13
28 16
15 32
23 19
28 24
24 20
24 39
32 14
25 19
28 34
26 29
26 18
19 21
26 39
36 25
33 36
37 19
38 20
30 36
29 34
16 13
18 36
18 19
21 35
34 19
20 35
25 22
31 26
17 31
27 39
36 26
18 26
25 24
15 39
17 30
20 29
39 21
22 22
26 24
36 38
18 29
23 20
31 18
38 18
38 24
39 27
25 33
39 37
34 38
37 15
23 23
21 19
21 28
31 22
24 34
38 25
16 33
28 13
16 29
22 18
19 18
23 16
24 38
33 30
