39 97
20 28
24 27
10 23
27 29
14 25
9 25
19 9
19 26
19 18
26 28
19 20
22 11
21 14
19 29
11 17
17 9
21 21
26 24
26 11
10 14
13 14
12 25
27 26
11 22
13 29
19 15
19 25
13 9
13 26
12 29
13 15
24 16
24 15
29 29
25 23
12 10
15 25
16 22
14 13
9 10
26 21
11 21
16 21
12 22
20 25
14 19
23 22
29 26
18 18
12 13
21 27
21 15
11 27
22 26
14 26
29 20
11 13
10 24
21 9
16 13
19 11
10 26
15 14
23 29
19 27
19 28
12 27
23 24
20 22
15 21
18 9
14 9
25 24
9 12
16 28
19 22
28 20
16 17
13 23
24 19
26 9
10 15
9 14
26 10
20 17
23 17
11 28
28 22
14 20
16 24
28 9
20 27
21 25
14 14
17 27
29 17
25 18
