61 168
31 34
43 39
44 27
32 44
34 34
23 20
44 44
43 44
26 30
41 25
43 37
26 35
19 30
25 25
42 25
17 15
15 42
25 17
16 35
32 29
37 34
27 28
37 31
21 26
24 35
39 18
42 31
42 16
22 38
37 17
42 21
30 34
39 27
27 30
41 18
23 36
23 27
35 35
38 45
38 16
30 43
29 44
36 31
40 32
28 31
41 44
21 18
15 35
19 20
29 19
21 35
34 42
43 38
35 44
30 16
29 34
30 29
19 18
38 18
22 44
15 24
18 36
19 32
16 15
30 17
31 15
42 44
40 39
42 17
24 25
39 37
16 28
38 43
27 41
25 43
26 32
37 16
41 23
39 35
19 26
19 33
38 34
23 29
26 37
36 39
17 17
41 20
17 28
45 28
22 33
38 23
23 32
19 24
25 35
21 16
23 35
36 41
24 33
19 28
33 29
37 21
44 24
34 43
19 45
22 31
40 22
25 37
34 29
45 43
26 34
23 41
44 25
37 37
44 43
32 15
21 31
20 24
25 18
38 20
43 24
30 39
42 20
28 20
42 35
19 43
36 23
28 44
39 16
18 26
34 28
31 29
22 26
30 26
37 43
44 33
24 34
33 19
28 26
24 23
19 41
15 34
21 32
39 44
29 15
30 42
33 16
45 42
36 35
31 17
17 23
27 23
18 19
33 42
23 42
27 18
23 26
22 19
18 23
36 15
40 17
16 38
45 30
33 18
35 37
16 18
33 38
22 35
16 40
