49 135
24 21
20 19
16 25
13 17
26 27
34 31
12 16
15 29
17 17
31 14
32 15
35 13
14 26
24 34
25 23
13 29
35 12
25 21
34 22
26 21
29 16
35 22
28 31
29 13
30 15
17 29
31 29
15 31
27 27
36 25
23 28
25 29
28 17
16 24
31 23
33 33
30 28
29 36
25 26
19 36
36 33
34 35
13 20
28 32
15 22
13 25
31 20
23 25
15 36
22 28
24 27
14 16
20 13
27 25
16 27
12 20
32 27
22 17
15 32
33 13
20 27
23 36
27 34
23 27
18 29
18 31
33 18
33 32
12 34
31 24
16 15
32 12
18 25
34 20
28 16
31 25
18 30
12 31
17 28
22 26
34 32
15 18
32 14
18 16
20 17
29 30
30 23
16 35
36 24
25 24
29 31
25 13
26 20
36 16
25 30
14 31
26 30
17 24
16 17
15 24
29 24
20 21
25 35
18 15
32 32
15 12
33 16
32 25
28 14
23 20
31 21
14 22
20 25
33 35
21 29
22 19
24 16
28 33
31 15
26 33
29 33
13 30
32 29
15 26
26 15
28 15
15 17
20 26
19 19
35 16
26 24
12 17
34 36
24 30
24 35
