55 136
17 24
16 31
15 14
24 21
24 25
15 29
25 26
40 36
38 28
32 19
32 28
36 26
39 27
36 22
25 39
31 25
13 19
18 40
24 22
40 37
23 28
30 29
38 35
39 23
41 21
39 39
33 17
36 27
36 23
16 38
34 26
36 19
28 18
30 22
27 18
28 39
14 18
27 24
28 38
19 29
19 27
24 33
40 30
38 20
28 41
23 31
14 21
28 13
36 39
17 36
26 16
17 26
14 38
15 19
39 37
25 40
28 24
31 30
30 23
32 30
21 33
37 21
31 22
26 15
25 36
34 17
41 26
33 24
26 34
15 13
38 40
21 25
35 23
13 30
27 20
29 23
20 16
31 29
18 25
28 14
23 34
19 14
18 37
14 26
17 23
29 33
32 37
39 38
26 19
21 14
15 36
33 29
16 19
20 37
13 21
38 36
23 39
29 39
20 23
26 26
30 15
37 16
37 34
35 19
27 13
35 41
19 22
18 29
16 13
14 16
14 37
39 13
41 15
24 36
33 23
34 16
41 31
22 26
28 29
33 20
31 17
25 29
26 39
18 19
30 38
26 31
18 39
15 18
38 38
24 13
31 31
21 40
34 28
28 21
30 32
17 33
