57 266
21 32
41 32
19 28
14 35
30 20
26 29
34 14
14 24
21 29
25 27
35 34
42 24
19 39
16 39
17 29
26 40
29 19
23 27
15 18
35 29
35 17
29 28
24 19
36 42
33 23
28 38
30 40
33 42
19 40
41 19
32 32
38 17
41 24
41 34
17 28
14 34
22 21
23 33
32 30
25 15
15 23
17 38
34 36
25 36
40 28
17 35
35 42
34 33
37 29
38 15
38 38
42 35
42 42
29 34
30 42
16 33
26 17
34 34
21 27
30 14
30 22
30 33
16 40
33 41
40 19
42 32
16 37
41 40
42 15
16 31
18 27
18 17
19 42
42 27
23 18
21 35
30 21
24 29
34 32
17 21
30 31
22 24
19 38
34 24
29 30
33 34
19 31
30 24
30 27
22 39
40 22
20 21
20 27
40 34
15 32
36 27
18 38
34 38
36 33
16 34
29 24
29 22
24 27
20 31
21 25
42 38
36 25
20 24
22 18
22 36
22 28
16 20
37 14
14 38
23 42
17 31
15 38
34 39
17 27
23 17
33 15
36 17
14 40
24 23
35 37
31 25
26 33
36 32
42 41
38 29
16 17
25 18
35 35
37 39
15 15
15 27
30 41
42 20
33 35
41 42
24 33
27 24
33 26
22 37
27 36
25 33
24 20
34 35
18 24
17 34
38 22
15 26
14 23
34 26
38 33
40 31
25 34
17 32
41 18
25 28
14 37
40 35
25 22
21 33
24 28
40 17
37 20
30 25
38 27
37 25
14 27
21 24
22 15
20 23
20 20
42 40
19 25
36 28
26 32
31 24
18 28
16 19
23 39
21 39
24 17
14 33
24 36
32 26
31 40
32 28
18 40
33 39
35 15
18 22
31 23
14 15
30 19
39 33
19 32
39 25
32 33
34 17
26 23
15 36
39 42
20 29
17 17
38 37
18 32
31 38
17 37
30 30
25 38
38 28
30 37
32 23
28 17
27 33
21 42
41 39
28 25
35 28
34 27
38 26
19 33
33 33
18 35
37 41
29 41
26 21
32 36
24 34
22 14
20 16
39 30
26 34
23 19
39 21
21 34
41 20
22 26
18 30
20 42
39 34
26 30
24 24
36 14
26 25
17 25
34 28
28 42
30 34
37 22
31 41
30 29
29 33
40 26
26 20
18 16
25 29
15 35
23 38
16 42
20 19
32 24
25 14
