57 150
32 21
18 41
41 40
20 37
40 25
30 39
20 18
30 33
14 19
18 30
26 36
18 20
38 39
29 26
21 25
23 37
39 19
25 21
20 27
16 39
15 22
37 33
21 15
32 28
29 15
14 26
26 16
33 31
38 17
29 33
41 26
27 27
19 35
33 32
38 24
33 37
23 36
17 33
23 39
30 41
25 35
25 15
18 22
29 24
27 42
29 19
18 21
30 30
14 28
39 14
37 37
25 31
27 41
32 22
28 40
17 26
27 40
17 39
35 17
21 22
34 36
19 24
28 16
20 36
22 16
38 34
36 20
22 27
35 20
23 32
22 32
38 35
17 20
34 15
15 35
40 19
14 25
15 29
28 25
28 17
14 31
21 17
14 16
29 34
29 27
31 32
30 36
15 26
21 24
37 25
36 30
39 28
18 19
25 24
42 19
40 33
29 23
24 28
29 39
29 37
18 14
18 28
34 31
27 26
26 31
41 31
39 25
35 25
24 24
20 22
27 39
18 36
40 28
33 19
24 20
31 25
23 31
20 28
32 30
41 37
24 14
17 14
16 29
35 27
39 24
27 14
14 21
22 23
14 42
28 32
24 37
14 24
40 34
20 41
37 40
15 42
14 23
15 33
27 21
33 36
29 42
24 29
24 31
19 22
37 23
33 33
21 33
19 18
26 30
25 38
