53 150
24 35
26 25
36 20
31 38
21 31
28 19
21 34
33 17
28 36
38 36
34 27
17 19
33 25
37 37
28 30
29 36
33 24
34 35
27 16
31 14
22 34
17 17
38 25
15 23
25 21
37 21
13 18
35 39
25 22
25 29
35 16
14 31
23 20
18 33
34 14
29 19
22 27
37 36
16 38
15 24
14 38
38 35
14 21
25 35
36 21
23 17
33 23
21 21
39 17
17 38
32 24
31 18
38 37
30 20
39 20
33 35
20 39
26 13
16 24
30 18
13 24
35 21
31 17
19 38
18 30
21 30
20 17
36 38
15 29
37 15
30 14
30 34
27 36
28 18
34 36
28 38
35 17
30 13
13 26
28 14
17 30
33 22
20 23
20 29
21 28
39 29
28 20
17 34
31 27
36 39
17 32
26 15
20 31
30 24
24 34
37 38
38 16
30 22
39 25
24 30
23 21
14 16
28 15
28 26
31 30
31 23
17 13
26 17
32 25
32 21
33 14
20 38
23 39
13 38
25 19
15 38
25 20
27 29
24 22
23 13
20 36
19 24
23 14
25 39
17 18
22 37
16 30
19 21
36 28
13 29
36 24
21 16
24 37
19 20
18 27
25 33
26 28
27 13
39 30
21 32
25 38
15 28
15 37
38 26
21 17
23 36
13 31
31 32
26 27
35 29
