35 92
13 22
18 18
21 25
20 15
13 15
25 21
21 14
12 23
12 9
21 18
16 16
13 21
26 11
9 12
16 22
26 25
8 13
11 9
23 24
10 8
8 9
10 22
14 24
13 17
26 20
26 19
17 15
22 25
11 8
11 13
18 20
19 8
11 11
24 11
18 10
15 22
8 12
20 12
13 13
9 14
10 19
16 9
16 25
23 18
14 13
10 23
11 21
13 18
25 23
19 13
13 9
11 25
12 12
21 17
14 12
23 26
16 21
15 19
14 8
13 24
9 22
13 10
9 13
21 9
14 20
18 15
26 14
18 13
11 22
18 25
23 23
9 10
26 16
18 8
21 11
10 25
20 24
12 25
19 11
8 16
22 14
22 21
20 20
10 11
14 26
26 22
15 21
23 8
24 10
17 22
13 12
26 15
