57 114
18 30
15 34
39 36
27 35
36 31
34 18
34 40
19 37
36 30
31 35
23 30
22 15
40 37
30 32
16 35
28 14
14 36
42 16
18 33
27 28
24 28
22 24
39 26
18 32
34 19
21 38
37 19
36 33
30 37
21 26
33 29
22 19
42 15
41 18
32 26
23 32
31 25
36 20
33 23
31 30
31 15
30 27
27 40
33 35
30 40
37 28
31 16
19 27
34 16
20 27
25 42
35 35
37 24
39 14
31 27
30 38
42 17
23 18
32 24
31 31
36 32
37 38
28 26
26 31
24 35
15 23
39 39
30 19
25 41
40 30
38 37
39 20
26 37
40 21
27 25
29 40
22 20
31 37
37 23
34 33
31 41
16 41
19 22
22 16
35 26
34 21
20 17
37 40
23 42
14 18
32 19
17 32
37 18
15 40
16 37
35 27
40 28
26 16
22 27
24 37
37 29
36 28
41 36
42 23
14 32
25 21
20 28
15 30
20 34
26 23
37 36
19 26
15 25
39 18
