37 111
12 18
15 21
9 22
17 14
20 27
23 23
26 25
15 10
11 11
27 14
27 25
10 22
24 20
12 22
10 15
18 18
11 24
19 12
15 14
25 19
24 19
21 22
11 12
19 22
20 19
24 15
12 20
27 24
19 24
22 24
21 14
9 23
16 18
15 20
27 10
25 21
24 26
10 26
17 19
24 10
10 27
23 19
20 10
12 25
16 9
21 27
19 10
10 16
19 16
20 23
22 9
23 27
25 9
27 12
9 21
26 22
14 15
17 15
14 9
27 19
18 23
15 26
9 14
18 10
20 13
9 24
9 10
26 23
17 27
9 25
18 11
24 25
25 10
9 20
24 17
14 21
27 18
26 12
22 16
25 23
15 27
22 22
27 11
25 17
23 24
20 15
21 23
23 25
21 9
16 12
9 11
18 26
12 15
21 10
25 20
23 10
26 26
20 20
16 23
10 14
26 24
15 22
14 12
26 21
22 18
27 16
27 27
16 14
26 18
23 12
23 9
