55 247
32 15
19 25
27 34
35 17
15 30
16 22
14 30
40 21
25 13
21 22
23 37
20 13
18 17
29 36
36 38
17 27
38 22
19 17
19 22
21 32
38 15
24 34
37 14
13 35
20 19
27 33
30 22
24 30
31 18
37 41
14 25
16 35
27 29
35 26
21 14
18 16
15 26
22 41
20 38
36 29
34 25
13 14
30 21
36 17
39 20
19 34
17 15
19 27
25 19
24 33
25 38
21 34
28 20
23 14
21 28
24 14
36 30
13 19
29 35
19 19
17 13
15 22
18 14
23 29
19 40
39 15
14 24
40 15
31 23
37 29
27 27
21 41
31 36
35 37
20 22
24 41
15 19
14 19
22 34
26 35
28 33
13 17
33 34
35 29
25 14
24 17
41 27
15 27
18 25
27 40
29 40
34 24
31 31
31 33
39 40
32 27
23 25
27 23
41 34
26 24
35 25
38 31
20 23
40 17
32 33
29 23
14 13
26 25
27 24
33 17
39 26
38 28
22 32
14 36
28 28
26 27
34 31
23 24
37 32
31 25
28 29
38 26
41 28
16 16
18 24
31 40
19 16
31 29
18 37
21 38
19 33
38 18
36 22
16 31
14 18
19 30
36 32
29 16
25 15
21 20
31 16
23 41
31 27
20 18
16 33
41 22
20 35
29 15
38 30
21 27
26 28
35 13
37 38
35 36
29 41
38 37
41 35
23 22
29 21
31 30
39 31
21 29
33 19
19 31
13 40
27 19
37 36
30 34
15 16
34 14
40 22
37 13
23 15
30 18
40 41
17 23
26 20
29 38
21 21
29 30
20 25
35 24
22 35
37 31
23 23
29 32
24 15
37 20
15 35
15 20
38 35
32 26
37 22
16 36
33 28
40 23
41 14
41 24
34 39
39 21
16 26
27 30
21 24
39 32
20 28
33 24
36 23
30 35
41 37
16 32
39 24
13 26
16 37
15 33
20 16
35 39
32 14
30 31
39 18
13 29
31 26
29 18
30 32
18 21
15 38
27 18
36 28
23 33
17 20
23 31
25 41
31 34
16 41
33 15
23 26
26 19
28 14
34 32
22 38
23 20
20 21
18 22
17 26
17 21
33 40
28 13
34 41
