39 108
16 27
23 24
15 10
11 26
13 10
24 17
24 18
16 20
17 18
28 24
26 17
19 25
12 19
13 11
13 14
23 14
28 9
15 12
14 13
19 11
12 16
12 12
17 29
22 19
12 28
11 9
19 28
26 14
11 17
10 11
16 25
17 19
29 18
18 25
9 25
23 27
25 25
21 28
17 27
10 19
27 15
29 12
11 19
24 29
24 22
28 25
13 22
13 9
26 24
9 15
25 23
29 17
11 14
16 12
29 16
9 20
12 13
18 17
18 26
24 24
24 21
12 17
23 19
10 10
15 19
21 19
25 16
20 18
20 28
18 11
23 29
17 28
13 29
29 10
23 9
13 28
27 22
24 23
11 12
28 23
18 23
25 24
26 12
20 17
22 20
19 12
24 13
18 27
17 26
27 14
29 26
20 10
16 24
10 24
14 28
14 10
21 29
24 10
28 12
26 27
18 22
19 22
20 16
21 21
23 23
16 14
14 29
19 15
