53 94
20 16
18 25
25 18
37 16
25 30
32 29
13 13
18 19
26 24
35 36
15 16
24 20
15 24
36 37
33 23
32 22
21 13
23 32
15 35
38 26
33 30
31 34
24 15
18 38
32 24
15 22
17 39
13 35
35 24
35 29
36 31
28 26
16 14
39 26
24 39
35 21
36 21
23 17
14 17
29 22
19 27
33 15
24 22
25 39
13 37
26 15
13 33
21 16
31 15
31 29
14 34
38 17
39 22
30 17
27 33
31 27
32 20
38 18
34 21
15 36
25 35
28 37
20 32
36 22
24 13
29 29
14 36
25 34
33 27
24 33
37 14
33 19
17 15
35 13
18 31
36 28
15 25
18 34
19 32
35 19
15 33
39 39
18 20
31 21
28 31
14 22
24 17
22 36
22 19
13 19
23 24
27 34
21 25
39 29
