55 102
29 34
38 27
25 19
15 20
34 37
17 38
24 34
16 15
21 24
22 23
14 39
41 22
29 37
39 15
21 28
22 37
32 41
32 36
39 30
40 40
14 29
17 40
32 16
23 22
29 41
31 25
37 41
26 28
19 27
15 34
35 29
33 28
26 21
21 37
15 19
18 20
27 40
26 27
25 41
41 40
28 29
17 25
21 22
37 35
25 28
21 32
24 17
28 31
39 22
20 21
20 32
33 24
22 20
40 24
18 17
31 26
21 18
18 25
38 17
16 19
36 38
36 29
38 31
24 36
23 33
24 14
28 30
29 30
16 30
29 36
16 27
36 22
35 33
34 26
30 25
13 14
27 31
26 39
26 16
34 18
16 37
41 37
17 18
15 30
39 36
25 32
20 40
18 19
35 15
39 39
20 29
22 17
24 39
17 37
19 30
25 24
25 40
27 15
15 27
22 19
37 22
28 15
