51 140
15 26
14 15
19 34
14 35
13 28
14 36
15 21
20 30
13 25
25 33
20 32
37 15
17 25
17 16
36 26
22 37
21 20
21 28
12 38
25 31
20 34
23 27
35 21
22 27
37 37
16 31
27 20
25 16
34 25
21 35
17 29
30 22
33 13
32 28
34 15
12 19
16 22
12 16
19 19
36 29
21 17
34 38
20 27
27 32
16 28
30 21
38 37
16 15
37 24
29 23
25 14
32 18
13 18
37 12
26 17
17 24
35 37
35 23
38 16
23 35
20 16
30 27
21 33
34 13
28 20
29 15
33 18
25 22
23 12
25 18
38 12
34 19
36 35
22 22
27 13
23 20
18 27
23 13
29 26
21 27
23 28
13 35
30 16
32 27
28 28
32 35
22 18
23 34
25 15
19 15
15 36
36 20
12 36
36 12
32 29
21 15
34 30
22 25
24 36
37 20
18 26
35 30
16 19
32 38
16 20
12 28
32 32
34 23
18 38
13 27
25 38
34 33
16 27
30 36
37 13
23 16
29 36
34 14
14 17
23 31
35 22
37 27
21 34
25 17
30 23
26 16
30 26
13 14
28 30
25 26
29 21
26 28
21 22
30 18
21 30
35 31
29 29
37 30
23 25
20 33
