51 118
27 18
24 24
33 17
12 12
14 32
26 37
22 38
30 16
23 28
17 27
27 27
15 17
32 25
33 22
21 33
28 35
24 33
19 15
15 29
30 35
25 15
29 14
35 26
20 18
18 16
21 37
29 26
21 34
38 36
12 17
18 19
12 34
36 24
33 35
15 24
22 29
25 30
25 19
36 14
38 28
19 22
32 19
36 17
20 22
34 24
29 20
38 24
36 38
36 33
30 14
24 30
15 25
33 15
25 37
35 22
18 34
38 13
15 28
33 30
17 34
38 22
25 28
26 29
18 32
17 30
18 36
13 31
28 28
22 24
25 25
30 21
14 28
32 16
15 13
18 15
15 22
26 20
35 25
15 21
34 28
15 32
36 29
34 13
38 18
30 29
22 20
25 12
14 37
16 12
13 23
38 32
25 32
17 18
14 15
33 38
19 13
30 15
25 38
27 22
26 12
24 29
28 20
29 31
15 34
14 38
29 32
18 28
24 12
34 37
38 38
16 18
18 25
21 26
19 12
17 26
37 28
38 29
13 14
