49 167
17 26
16 19
34 26
27 20
25 30
21 23
28 29
13 25
24 17
28 18
33 25
24 23
29 22
18 27
18 28
29 23
25 19
24 36
14 36
13 31
16 26
29 31
20 12
30 27
21 15
33 22
30 12
12 24
19 12
16 33
33 16
20 31
36 17
33 34
16 13
31 27
27 31
16 15
20 17
34 20
19 30
24 21
22 25
18 13
12 17
16 25
36 30
23 32
31 16
15 28
28 21
34 23
12 18
12 34
21 12
12 35
32 18
14 18
15 19
19 15
15 32
35 19
32 29
33 20
29 17
15 23
13 35
16 27
20 16
29 19
31 33
33 32
20 35
23 15
23 18
25 23
34 35
21 28
12 30
12 26
26 22
31 20
18 35
28 27
21 26
27 32
14 22
29 36
19 27
25 25
13 23
31 32
28 16
34 29
18 14
15 30
25 29
30 30
25 35
17 16
13 22
21 33
19 33
31 29
20 36
19 28
32 17
22 31
29 28
18 20
34 25
15 27
25 14
13 32
21 17
30 20
22 20
25 33
14 21
26 14
36 22
24 14
35 32
13 20
20 32
12 33
36 35
26 15
30 13
14 14
15 16
35 35
33 30
28 26
18 12
29 33
26 26
17 33
36 21
14 13
12 27
17 25
16 16
24 25
30 23
22 36
27 12
27 17
14 12
28 23
12 13
20 33
35 17
26 16
29 20
31 35
29 13
20 24
26 23
30 28
14 16
18 15
30 22
15 25
26 20
33 31
15 22
