55 241
26 29
21 24
23 23
40 24
31 17
25 30
14 24
41 16
24 34
23 19
40 37
23 16
27 25
40 13
24 20
27 15
41 34
29 34
20 29
19 24
41 14
34 15
23 20
38 36
30 16
32 34
23 21
30 36
35 41
41 36
16 18
35 19
32 23
33 15
41 33
14 26
25 39
20 25
34 29
15 31
32 20
24 13
26 28
33 34
36 20
40 39
39 18
19 17
22 26
20 24
16 39
38 34
38 32
28 20
36 21
14 41
28 13
17 33
21 37
27 23
28 29
23 15
19 21
31 23
38 24
18 14
26 36
41 39
13 23
26 19
36 14
21 13
23 26
25 13
20 15
38 25
15 21
37 25
23 38
16 30
28 41
24 41
34 28
17 40
25 41
20 28
37 38
40 36
20 14
32 19
33 40
39 25
15 18
35 38
34 18
29 22
29 13
29 19
24 26
40 19
33 23
26 40
29 30
17 30
40 15
34 22
15 22
22 25
38 28
30 19
28 14
36 26
22 22
37 28
21 41
37 18
41 21
15 38
36 23
20 27
23 39
16 13
40 21
27 33
37 29
19 32
18 41
30 33
29 18
26 26
25 38
39 17
31 41
18 23
21 22
30 30
29 20
29 35
40 33
23 28
38 16
38 26
36 19
40 18
34 37
20 39
16 37
40 38
35 14
22 21
18 25
39 27
25 15
28 40
16 34
36 39
14 21
34 27
28 24
23 40
28 23
41 19
28 33
13 15
19 30
37 22
39 31
35 35
31 14
30 37
19 29
39 21
34 41
24 32
22 17
35 30
39 37
40 29
16 26
29 37
41 27
15 36
21 15
15 23
33 35
32 29
37 19
33 41
16 36
23 34
32 15
39 39
14 39
27 37
16 35
33 20
15 32
40 16
18 27
32 35
26 33
20 22
24 22
40 20
16 28
28 31
35 29
37 37
25 36
33 14
17 26
27 28
23 31
28 30
29 25
17 31
21 27
22 41
36 13
16 33
16 31
15 25
13 16
24 39
40 17
26 32
15 37
18 16
32 14
17 25
38 35
24 24
17 24
23 36
26 34
29 14
15 35
28 36
37 13
22 16
40 25
