61 242
34 23
34 29
41 23
25 17
26 28
37 23
19 32
36 36
38 17
39 45
18 32
15 45
20 32
27 28
41 15
25 33
25 15
28 24
20 17
15 43
16 28
45 45
41 22
16 17
15 44
37 37
40 26
16 41
22 41
28 35
31 44
32 42
19 34
21 20
26 34
37 15
34 24
45 27
16 20
40 36
16 35
27 16
29 30
45 19
22 18
27 19
42 17
19 26
29 39
44 36
33 39
18 40
32 36
22 17
20 40
40 28
15 17
19 20
25 44
29 24
25 34
19 40
43 29
17 29
16 22
38 44
43 31
44 18
36 17
27 17
19 22
34 43
30 44
15 24
44 40
21 36
21 28
20 18
45 44
38 37
22 40
27 38
32 44
19 16
19 23
34 18
45 28
16 40
42 45
32 16
15 26
18 43
18 26
35 26
22 45
26 41
41 27
26 29
25 43
36 31
24 38
37 38
27 24
43 22
15 25
38 19
28 26
34 37
19 15
28 16
15 23
32 39
35 29
15 34
17 24
33 23
32 26
18 39
24 15
35 16
24 39
17 32
32 17
16 18
26 24
39 26
18 29
23 31
24 21
22 27
41 44
38 30
15 27
21 40
23 26
28 38
27 33
42 34
32 20
40 16
31 36
21 42
39 30
28 32
43 39
29 25
45 31
43 16
44 42
33 19
20 16
19 33
22 34
40 40
40 43
24 17
15 16
16 24
35 20
23 34
40 41
45 41
40 20
26 30
39 19
39 21
36 32
22 37
17 44
44 19
37 32
32 15
43 20
17 28
24 40
26 38
32 35
43 18
18 24
19 17
27 23
21 16
18 19
42 35
16 19
21 32
45 43
40 23
16 34
43 26
45 22
42 39
27 22
23 25
28 19
30 23
43 44
34 25
22 24
39 28
28 28
25 26
31 31
38 32
29 15
42 15
33 33
41 45
29 19
38 20
19 19
29 43
39 17
19 28
20 26
31 17
20 37
37 39
17 18
25 20
25 39
43 28
29 34
18 21
40 22
37 19
33 41
23 18
30 29
32 21
27 26
39 39
25 36
43 43
24 28
40 33
23 20
27 32
20 28
43 36
25 22
39 22
