55 95
16 32
41 40
28 22
38 14
37 18
18 13
41 37
29 28
36 24
24 35
29 38
18 35
22 26
31 20
15 27
18 33
14 30
22 36
25 13
18 20
36 36
18 39
21 16
15 41
35 16
16 31
21 31
25 20
18 24
37 38
18 19
37 22
26 25
35 18
30 41
14 18
39 35
37 13
31 36
21 19
17 32
41 32
13 28
30 39
20 35
32 39
31 34
37 16
22 20
17 19
18 18
16 27
20 16
33 34
23 23
28 13
15 36
29 13
33 38
30 16
17 23
13 20
24 34
24 26
16 23
32 27
16 18
38 20
23 22
18 29
32 32
28 28
40 27
17 17
37 30
38 28
26 34
21 23
40 26
23 38
27 26
30 33
36 27
15 28
13 25
30 36
14 39
20 24
21 24
38 21
24 27
41 17
21 39
29 26
38 15
