35 98
12 8
10 23
21 10
23 13
20 24
14 17
21 16
9 21
22 16
20 17
8 13
26 14
17 20
14 20
19 24
14 19
24 19
16 9
8 24
23 23
15 10
24 11
11 10
20 22
23 9
21 11
23 25
18 8
19 19
13 11
23 26
18 23
13 26
26 11
10 21
22 22
19 18
24 14
15 18
17 14
14 26
26 18
12 19
24 23
15 20
18 21
16 12
16 8
17 16
13 8
11 22
21 24
26 15
12 14
25 17
17 17
17 21
10 26
19 12
22 19
18 22
19 9
18 18
19 20
23 22
8 23
25 25
12 22
15 12
12 24
26 24
19 13
16 11
13 18
24 25
17 18
19 10
9 14
13 17
15 19
12 25
10 22
9 15
17 11
11 18
14 8
11 9
26 22
25 23
13 22
14 24
14 9
22 23
23 24
9 23
10 17
26 17
20 23
