57 153
27 34
31 32
31 20
15 40
28 21
27 22
33 26
28 25
42 17
39 37
35 27
20 14
34 20
22 14
36 37
19 41
17 40
16 23
23 36
17 19
19 33
25 32
14 39
38 18
29 36
32 40
16 26
18 14
19 15
18 24
21 26
22 22
31 40
37 30
30 42
33 37
36 27
38 22
15 27
27 33
27 30
18 16
29 41
20 30
33 15
29 15
32 27
28 20
24 21
42 36
16 37
29 27
28 15
35 40
26 25
24 26
17 21
15 30
16 14
20 24
29 19
18 34
23 31
19 29
24 39
36 39
25 35
17 18
40 35
24 15
17 42
24 32
27 41
39 28
19 36
28 19
15 31
15 18
23 40
35 26
38 28
24 35
37 20
22 32
16 30
17 29
33 38
14 41
23 22
33 30
14 21
31 28
28 26
41 35
18 27
16 15
31 42
41 34
28 38
33 41
39 32
17 16
35 33
36 40
40 24
42 15
22 15
36 31
22 27
16 17
29 28
32 21
40 14
29 14
40 40
18 23
21 22
21 20
30 18
16 35
14 22
37 39
37 16
34 36
24 36
38 20
25 26
22 20
25 22
18 30
31 38
36 22
42 25
35 30
32 16
17 15
27 21
16 27
34 31
40 19
24 42
24 31
19 31
38 14
34 15
26 14
30 15
33 25
27 14
25 18
29 17
18 15
34 24
