37 110
9 27
20 23
18 14
27 25
21 12
14 25
21 9
19 20
11 19
20 13
16 19
10 14
25 18
23 13
11 22
21 26
10 26
20 11
12 24
10 17
9 17
18 12
12 22
24 21
15 16
24 19
16 25
26 25
12 17
14 9
12 9
18 24
15 19
26 19
24 27
15 13
16 21
15 10
11 20
14 15
9 22
11 14
13 13
17 23
18 26
24 14
14 13
27 9
11 25
23 17
22 26
24 18
27 17
14 14
17 17
25 22
12 20
10 21
10 27
13 19
11 16
25 21
26 18
25 11
17 13
26 14
11 17
14 16
22 23
26 22
16 16
18 25
25 26
14 20
26 26
21 16
20 9
11 18
13 15
13 12
23 23
20 17
22 19
9 12
16 23
22 15
25 23
9 20
9 13
9 9
17 12
21 27
12 25
16 17
24 15
12 21
22 10
12 27
22 25
25 24
13 22
19 10
17 19
26 17
10 11
24 22
25 27
15 22
23 12
16 10
