55 87
38 31
23 26
34 24
15 31
30 25
15 25
29 34
26 36
23 13
16 23
38 22
23 32
18 35
19 21
16 24
16 28
37 33
31 16
37 17
32 35
14 34
19 31
13 25
37 30
33 39
17 41
28 33
29 22
16 18
18 41
19 32
33 41
27 17
32 29
37 31
15 38
38 18
26 29
14 21
40 16
14 28
28 40
34 16
37 21
28 15
26 30
23 24
28 16
35 40
26 16
14 36
21 34
38 24
39 21
36 21
20 20
13 34
21 33
33 15
16 15
26 25
18 20
27 38
41 34
26 18
20 41
21 25
13 33
28 20
14 32
19 33
18 25
16 35
38 33
40 32
35 17
32 15
37 27
21 26
33 22
36 36
22 34
38 28
15 13
36 24
30 15
17 27
