57 106
37 22
24 36
30 24
38 35
35 24
24 31
34 40
28 25
21 17
33 19
34 37
40 41
30 39
27 21
25 38
36 28
34 33
33 24
18 42
41 38
35 34
14 29
41 22
18 37
14 40
27 31
22 42
32 28
27 24
34 29
24 26
15 36
36 38
20 30
35 26
34 30
35 31
42 16
36 20
31 33
31 29
28 23
39 27
29 30
42 31
39 26
20 25
18 40
16 27
39 33
34 18
24 15
26 24
30 32
38 21
21 18
14 14
15 28
24 30
29 17
35 14
31 26
42 23
16 42
35 33
41 35
41 20
41 31
15 16
16 39
22 22
26 34
23 20
27 41
29 32
35 29
42 26
15 37
19 19
38 42
23 16
37 29
39 42
42 17
15 15
24 38
18 38
20 28
20 24
31 14
42 37
20 27
41 19
25 29
24 24
32 42
17 18
25 33
37 25
23 34
39 29
39 31
29 34
14 30
20 32
15 19
