59 131
35 40
20 15
36 37
21 28
36 16
17 21
18 31
22 36
22 24
42 25
29 38
21 43
17 32
22 41
38 37
31 29
15 17
19 14
37 24
21 42
27 18
37 18
15 42
18 17
25 25
26 26
34 17
16 26
37 20
22 30
40 38
22 32
17 23
22 23
16 38
27 34
29 36
26 44
38 30
15 26
21 26
17 33
24 41
24 21
24 31
40 36
22 44
19 39
34 31
30 38
30 14
44 22
36 29
38 21
40 22
29 39
41 26
22 17
31 35
25 35
31 14
35 35
15 36
25 38
22 43
34 33
15 43
20 36
39 30
23 23
42 40
29 44
24 27
30 33
19 15
20 24
31 31
36 32
40 40
32 43
27 19
32 41
38 32
29 28
18 43
16 25
30 42
22 34
30 20
28 43
15 29
33 42
24 25
44 33
19 37
14 14
43 26
43 40
30 30
20 30
32 21
39 23
24 22
31 43
17 22
23 25
43 36
27 44
29 20
23 35
24 23
42 33
26 28
14 19
17 20
43 16
32 33
42 24
33 43
40 19
41 19
40 15
41 20
17 29
14 21
24 35
40 31
21 27
31 17
39 26
31 28
