43 87
21 15
11 20
28 20
11 30
22 14
21 26
22 31
25 31
14 22
31 25
11 31
13 21
21 29
22 11
11 17
32 16
15 12
22 30
23 24
18 20
27 14
17 10
23 26
25 21
30 21
23 13
31 18
19 10
10 27
10 31
31 22
32 13
24 14
24 26
12 17
16 10
17 29
20 13
28 10
28 23
26 30
18 18
13 10
19 29
12 23
16 18
24 32
26 13
29 11
12 11
16 25
28 22
13 15
18 32
17 12
15 16
28 13
21 27
30 32
21 14
26 22
28 18
28 21
17 28
22 22
10 15
16 17
31 30
25 20
30 25
30 13
18 19
14 30
26 10
15 11
30 27
21 30
14 15
17 26
20 23
13 18
32 22
27 31
28 11
29 23
27 32
27 28
