53 211
15 21
20 34
26 39
31 27
35 38
16 37
39 25
31 19
21 33
36 31
29 31
31 39
35 34
14 35
28 21
14 39
26 19
23 37
23 36
30 28
23 29
23 39
19 20
15 32
32 35
35 26
18 32
17 18
13 22
36 15
30 13
15 15
26 35
16 34
32 39
13 26
21 32
14 15
27 39
36 38
18 33
15 38
39 29
31 20
36 27
24 34
29 39
16 18
20 28
35 20
25 33
30 14
22 35
27 33
13 20
16 16
39 38
21 15
17 19
21 22
15 36
38 22
35 28
22 27
22 18
38 13
30 33
37 30
39 26
39 23
16 17
20 36
29 23
20 39
16 20
21 38
16 15
35 32
21 27
38 24
30 35
17 36
30 31
37 37
13 27
23 24
30 16
29 14
25 15
21 24
27 27
39 34
36 16
29 21
16 35
21 17
25 16
36 30
19 24
27 18
32 22
32 34
22 24
21 19
17 23
20 31
23 23
27 20
33 33
13 32
17 16
14 27
37 15
37 35
31 18
25 17
29 33
25 20
37 21
35 17
35 29
36 39
31 21
22 17
29 25
32 27
23 31
31 34
26 26
13 13
22 22
16 33
21 25
38 38
32 26
30 17
13 23
20 33
21 29
29 28
36 37
32 14
33 36
38 33
25 37
15 18
13 29
22 28
19 27
34 36
25 39
17 15
28 28
35 14
24 37
14 32
17 21
21 23
15 39
35 36
35 24
29 22
28 16
16 22
31 13
14 29
19 14
15 27
31 30
14 23
16 19
30 22
37 22
19 23
22 38
16 28
19 34
29 16
36 22
27 35
26 21
35 30
24 35
35 27
24 39
20 24
36 29
30 25
14 25
18 31
16 31
28 23
26 18
17 14
18 34
28 38
14 33
29 34
33 22
28 18
26 31
16 23
37 23
18 19
30 34
39 28
39 24
26 37
17 35
30 20
25 22
