43 88
25 16
32 18
20 23
32 17
22 28
23 26
29 23
16 26
20 18
19 22
32 28
23 21
14 16
11 24
24 25
16 28
20 22
22 26
11 19
26 21
16 21
23 24
31 23
22 27
11 32
15 31
27 11
23 27
13 22
16 17
11 17
14 29
22 22
28 28
13 27
25 21
18 10
11 15
29 15
30 14
13 10
12 28
29 25
11 16
27 16
21 18
17 25
14 14
31 22
26 24
10 11
21 19
25 20
20 31
20 12
28 30
22 15
27 29
32 11
20 13
18 12
26 25
31 28
29 14
26 18
16 13
14 22
26 26
18 14
23 20
16 18
12 32
12 10
19 21
31 16
22 29
28 16
24 28
12 11
17 10
10 12
22 20
26 27
26 17
10 30
16 15
30 17
32 29
