51 210
38 15
15 37
26 38
21 26
31 16
22 12
30 22
38 14
25 14
14 20
38 36
37 25
23 32
36 16
33 27
17 25
27 37
32 34
16 38
16 21
20 27
17 16
35 23
23 17
28 22
36 26
23 24
14 13
34 35
22 34
26 21
34 24
14 22
31 34
26 31
25 16
35 26
31 23
13 18
22 16
21 38
38 37
21 17
13 37
26 12
33 16
35 28
17 33
24 38
15 18
23 25
13 13
23 37
29 38
28 38
13 15
25 31
24 28
22 24
19 34
16 32
34 38
15 24
14 12
30 30
19 30
16 37
36 32
24 30
23 34
25 27
12 25
33 21
32 15
20 19
21 29
29 21
15 27
24 17
16 36
12 38
27 26
27 20
21 34
36 30
16 24
35 21
33 37
37 30
19 21
16 16
14 26
34 12
26 16
26 32
17 34
15 17
21 33
13 16
15 35
29 25
29 30
23 30
18 19
13 17
15 22
21 35
37 34
15 31
16 18
29 32
37 18
28 24
37 21
19 14
23 27
26 20
13 25
38 33
34 31
32 18
35 33
26 19
29 29
24 21
30 32
25 20
30 13
32 16
18 21
25 33
33 19
35 31
12 24
25 34
15 32
20 29
19 32
33 17
28 15
23 21
14 15
18 32
30 16
35 16
16 19
34 19
29 20
22 21
37 37
22 17
20 37
14 31
12 36
14 37
33 28
33 38
23 29
28 19
16 15
20 14
32 37
16 27
12 32
14 21
17 18
23 20
17 28
29 14
15 21
19 19
19 36
24 35
27 28
36 15
38 27
31 14
28 16
35 24
34 14
13 28
21 19
31 24
35 25
26 14
34 17
36 18
19 15
34 15
37 32
21 21
12 31
33 18
17 36
23 33
27 12
20 23
29 37
32 36
22 26
35 18
38 29
22 18
29 31
17 26
25 38
34 16
32 38
27 30
24 29
