61 101
30 37
43 27
24 35
45 45
37 43
37 25
34 29
38 18
42 18
43 23
26 44
20 29
36 19
30 32
23 20
44 18
40 27
32 29
19 23
21 22
22 44
28 42
29 31
18 44
18 39
19 19
18 38
39 18
44 32
24 27
31 34
41 23
38 42
29 23
23 24
43 43
39 20
37 20
17 24
33 39
38 35
39 24
35 26
18 23
15 37
24 33
23 39
30 41
36 35
20 27
15 27
23 36
32 36
17 30
16 38
19 43
37 35
26 37
34 15
25 15
26 24
18 25
20 33
19 15
18 28
19 37
35 30
43 20
23 37
19 20
27 20
28 30
27 38
42 40
39 21
43 36
35 24
20 43
28 17
36 24
23 40
44 30
27 31
30 31
29 29
17 42
27 41
28 35
37 16
37 38
34 36
16 20
33 20
37 15
19 31
36 27
38 38
33 43
32 42
27 34
26 29
