47 177
13 15
32 20
22 30
25 32
30 13
31 19
12 30
35 12
20 18
28 18
29 34
20 29
21 18
20 32
30 23
23 30
33 29
26 13
14 13
34 20
11 16
11 23
35 14
32 23
28 14
26 35
12 23
29 12
14 20
27 21
26 18
26 27
23 35
29 24
28 22
16 29
20 26
22 16
22 29
34 28
22 27
29 27
33 35
26 25
21 28
22 21
31 33
22 14
17 20
15 31
17 13
35 13
18 18
14 23
32 19
18 27
25 17
30 15
25 15
12 28
15 13
20 24
15 12
25 29
14 21
15 29
20 25
12 33
21 23
24 24
19 12
13 26
13 13
34 19
27 29
33 22
12 26
15 35
18 13
30 16
27 26
33 12
26 19
26 28
27 12
32 13
21 32
18 22
15 20
28 12
19 34
28 32
31 11
25 27
12 13
16 20
18 11
24 29
24 14
32 30
30 22
25 19
28 21
24 12
34 21
31 26
19 27
23 18
34 25
23 12
17 34
18 23
34 14
18 34
20 15
35 28
15 17
29 16
30 18
34 29
11 19
24 34
29 20
23 13
14 25
17 19
34 15
21 15
25 35
30 30
33 18
20 17
11 34
13 34
13 22
13 32
28 20
11 24
14 33
17 14
26 23
32 17
23 17
26 33
13 30
29 26
15 21
27 27
31 18
12 31
18 30
35 34
15 34
35 35
18 15
24 26
18 14
23 21
27 22
35 27
35 19
23 28
17 11
26 30
16 28
19 28
18 33
35 26
31 14
32 34
17 29
18 21
12 27
23 20
12 14
22 24
24 13
