57 260
42 27
28 21
22 35
33 29
29 29
38 27
31 39
41 23
29 22
34 15
25 28
33 39
17 39
18 22
21 32
35 20
19 42
15 38
29 31
28 17
39 33
40 42
27 39
34 16
25 22
41 33
36 38
31 31
29 19
39 41
28 16
34 24
20 21
41 19
37 28
38 14
18 37
27 21
31 14
38 34
18 15
26 25
24 18
37 22
20 26
36 24
40 40
32 39
28 19
40 41
38 15
37 32
18 16
33 14
15 16
19 33
22 22
20 39
21 29
14 23
20 28
41 39
33 22
36 21
21 20
27 19
30 21
39 30
28 37
30 32
26 41
28 20
17 21
16 14
35 25
16 39
34 27
27 35
42 21
22 31
23 27
14 35
39 39
38 26
42 42
35 42
32 37
35 27
14 32
26 15
37 34
41 18
27 34
29 28
39 17
14 14
38 17
20 23
15 20
23 20
33 16
42 29
25 15
39 35
22 18
39 36
42 35
25 39
32 15
39 21
25 34
33 34
20 41
40 36
29 21
42 16
31 16
35 39
31 32
27 37
29 34
40 24
36 20
37 21
22 33
38 21
37 19
19 15
17 38
40 20
23 40
20 25
33 28
27 18
41 26
26 27
42 33
36 26
42 37
42 34
14 34
23 26
23 41
41 30
23 23
41 38
28 25
14 24
14 29
42 39
29 36
16 18
28 15
38 31
35 17
39 42
41 25
30 14
35 32
33 23
19 27
23 22
21 40
37 38
20 40
15 35
28 26
16 34
21 34
25 21
21 19
27 15
17 31
40 15
22 28
32 18
14 37
35 19
42 19
42 14
40 30
26 18
16 23
22 21
30 31
27 14
22 34
41 21
24 28
32 20
17 41
25 41
22 26
23 37
29 32
38 33
37 36
42 18
24 34
26 14
33 42
37 27
34 20
23 38
34 29
35 38
38 30
16 15
15 34
32 16
27 38
27 26
19 21
16 35
14 30
24 24
25 25
21 30
35 24
42 22
37 16
14 18
27 28
30 38
21 25
39 26
20 36
27 24
22 23
15 33
20 38
17 28
36 25
39 29
30 42
16 36
28 30
34 28
17 26
15 42
14 25
30 28
27 30
37 40
39 37
32 29
19 28
41 24
22 24
37 15
20 18
25 27
25 19
30 27
25 40
37 14
37 20
21 42
15 30
36 30
