55 84
34 31
30 39
21 41
36 35
28 29
21 22
41 37
19 31
36 23
27 22
13 35
38 41
13 21
18 29
25 33
16 38
18 18
35 34
28 33
19 38
17 33
22 14
27 37
32 29
38 20
29 25
16 36
41 41
38 33
35 39
39 36
34 41
24 39
29 19
17 36
25 22
28 15
24 41
24 18
18 24
23 31
38 28
15 36
18 31
37 35
13 41
26 24
16 26
27 20
20 22
31 22
30 21
34 14
39 30
30 41
15 29
19 39
28 26
15 15
31 39
22 25
14 25
16 29
20 13
41 17
25 32
24 23
18 25
22 16
14 17
21 18
20 16
14 35
22 35
32 20
17 13
19 22
15 24
14 40
25 18
24 27
34 15
15 35
13 13
