35 97
10 14
16 18
21 11
18 8
15 25
13 23
20 20
16 10
18 9
9 12
13 18
15 23
17 14
18 14
20 18
22 22
11 16
14 25
12 24
8 23
10 9
26 10
11 24
23 18
18 13
8 25
11 18
25 21
26 26
8 17
15 21
14 26
21 18
26 13
17 20
8 20
24 25
14 8
23 11
12 25
8 26
19 15
15 20
19 19
12 11
20 9
22 10
20 11
16 22
25 15
25 22
22 17
13 12
13 14
23 26
9 22
23 19
15 26
16 24
15 24
15 9
21 19
8 22
22 11
14 18
24 8
17 15
19 20
13 9
19 10
17 16
25 23
24 19
10 18
24 22
25 14
14 9
11 23
24 17
19 9
22 21
21 24
12 8
23 12
20 19
23 25
11 26
10 12
15 22
21 8
26 24
10 22
8 10
21 9
9 17
24 11
21 16
