47 183
12 12
30 23
31 34
28 33
25 17
22 25
17 22
31 28
33 23
16 14
12 32
15 16
27 29
11 32
24 29
16 12
19 26
14 17
18 20
23 24
22 18
20 32
21 21
18 19
28 14
26 27
12 18
20 18
12 15
33 15
32 24
13 17
13 14
35 33
28 22
13 25
35 16
28 28
17 13
18 22
31 24
33 35
34 13
34 32
32 20
34 25
15 34
20 11
22 16
17 23
12 19
24 17
35 27
28 26
29 16
30 21
35 22
20 22
30 30
33 16
31 17
24 22
20 26
19 21
34 21
24 33
12 34
24 20
24 11
29 12
21 31
28 24
18 15
35 25
14 24
34 34
12 14
34 19
32 32
20 21
16 31
26 19
29 34
19 14
33 30
20 19
18 18
32 23
31 31
35 17
16 28
35 31
28 34
15 22
33 11
20 14
17 17
17 12
31 35
27 33
22 29
26 21
23 16
11 26
34 22
26 31
11 31
16 18
20 12
31 18
16 15
15 33
17 30
21 19
22 11
24 32
14 30
32 31
13 16
21 11
16 24
15 26
23 11
26 35
16 19
13 22
31 15
34 30
22 28
14 18
32 21
31 32
28 16
22 31
14 27
17 28
23 31
12 21
19 17
27 12
21 25
23 17
25 16
11 14
13 21
25 35
33 32
28 29
35 20
31 14
22 12
19 11
27 24
28 21
27 16
24 13
15 32
20 13
35 29
31 20
23 32
30 14
22 24
14 26
14 34
25 11
19 25
20 23
16 34
32 34
35 28
23 20
21 32
29 20
32 12
23 15
24 15
19 13
12 35
26 22
20 25
34 15
15 18
