47 175
31 23
30 32
23 12
21 32
14 18
14 24
31 11
30 12
15 12
23 20
14 15
26 29
28 25
21 11
18 18
19 32
27 23
29 14
16 28
13 33
16 15
19 20
31 27
23 29
24 17
22 13
29 15
31 14
17 35
33 34
18 29
29 18
19 14
17 31
12 22
33 16
13 18
28 19
24 27
21 23
26 11
35 22
21 24
13 16
13 24
11 29
28 17
30 29
12 18
18 12
32 14
14 17
15 11
15 26
32 33
33 22
25 24
18 30
35 25
19 35
22 30
19 18
31 34
25 18
13 26
17 26
16 22
23 32
35 15
24 34
32 29
25 20
26 18
31 32
12 15
31 13
11 11
15 19
14 26
30 23
34 26
34 33
23 27
14 29
16 32
19 11
33 32
17 15
17 17
12 28
21 22
17 30
15 35
30 26
25 16
32 18
27 15
34 34
15 24
30 11
21 20
26 32
34 21
12 12
15 16
17 14
27 12
18 25
34 35
29 17
14 28
24 31
13 20
28 21
12 16
22 21
11 27
12 34
31 20
26 21
15 32
35 29
35 16
23 21
26 31
30 35
17 33
29 34
31 28
20 26
28 15
20 24
17 18
24 12
15 17
18 27
27 18
17 23
23 24
29 28
27 25
18 32
23 26
24 22
24 28
24 20
13 30
16 13
11 25
29 20
19 30
29 31
22 31
35 19
31 24
22 33
20 35
21 16
21 12
30 14
30 16
25 12
34 22
20 28
21 29
13 17
20 21
27 29
18 26
27 30
25 34
19 22
34 12
16 16
33 23
