55 162
26 40
25 35
30 29
34 32
24 41
33 35
34 33
18 33
16 30
30 27
29 25
18 13
31 19
19 30
24 25
22 15
19 19
13 33
30 14
39 26
27 28
15 19
21 18
13 18
39 34
39 35
39 38
31 33
15 14
37 39
29 22
14 29
41 20
36 28
28 31
15 18
38 33
39 27
22 35
25 20
26 41
28 27
38 17
37 37
21 37
25 29
40 21
30 22
22 34
30 23
15 17
17 33
34 41
37 24
34 34
20 25
29 27
35 31
20 14
15 13
24 24
29 39
32 20
17 15
36 17
33 23
16 28
33 31
18 39
34 36
38 21
33 19
30 38
35 34
16 22
16 33
31 27
32 25
30 20
22 30
29 24
36 32
24 28
14 15
14 34
25 34
22 22
27 34
18 15
21 28
41 40
40 36
32 41
23 31
24 20
21 13
14 24
38 27
34 37
18 24
23 15
17 16
31 25
39 24
22 17
17 29
40 40
21 31
39 28
33 32
23 17
26 15
38 15
26 37
22 37
14 36
28 23
38 31
24 13
37 38
33 39
31 35
41 26
39 29
36 26
28 14
40 22
18 17
41 22
30 31
38 24
26 39
13 20
20 24
36 27
41 16
15 21
32 22
27 14
23 14
41 35
22 39
17 26
29 40
31 24
36 13
35 33
17 21
32 40
23 26
41 29
26 25
38 18
41 32
24 14
15 40
38 29
28 40
24 29
35 13
16 15
23 23
