61 237
33 24
32 28
32 17
18 40
34 39
22 25
15 22
33 22
42 31
18 44
39 37
17 33
20 30
18 33
38 37
40 41
43 27
17 16
39 22
44 45
30 30
25 20
39 35
21 29
40 45
22 19
43 23
29 35
43 35
41 29
33 37
34 31
24 19
41 20
22 15
38 43
23 18
43 41
36 21
24 30
23 29
24 44
43 18
41 25
34 34
24 42
34 45
26 44
28 28
41 36
20 27
42 43
16 33
28 45
43 31
16 37
43 26
18 35
32 16
32 34
29 25
28 16
29 37
26 42
41 18
40 32
37 24
17 30
30 21
26 33
39 42
19 29
31 22
25 39
20 25
32 33
24 33
27 44
38 41
38 31
27 29
19 26
38 42
43 29
24 35
18 17
27 33
20 41
16 18
19 21
16 40
17 28
37 41
42 44
28 34
16 26
37 17
41 38
37 37
39 29
19 17
36 25
19 27
26 16
15 20
26 35
37 23
38 29
27 31
35 33
37 29
29 34
42 45
26 37
23 24
40 38
40 18
30 29
43 17
26 27
29 16
27 21
23 33
19 45
45 42
36 27
26 26
33 33
29 33
22 37
34 42
25 43
28 23
41 30
25 37
37 26
38 36
22 21
44 27
33 41
24 20
28 15
31 20
24 37
21 34
27 17
41 33
20 33
30 41
15 29
45 22
36 26
37 32
21 21
42 40
26 36
23 20
15 40
35 27
26 19
31 35
28 31
25 19
23 37
29 21
25 17
15 26
25 25
31 23
38 17
32 24
19 28
40 22
42 27
43 44
20 20
36 40
44 21
25 33
21 28
37 22
18 30
37 36
23 39
42 20
36 15
30 31
33 20
44 22
45 40
26 40
44 41
33 35
39 27
41 24
21 30
36 43
41 21
34 35
20 29
25 22
45 19
31 37
19 18
26 45
39 16
32 45
38 28
19 20
27 35
24 27
42 17
22 45
35 31
21 38
24 24
17 38
42 28
18 22
18 34
33 31
20 39
25 41
27 24
32 19
33 39
45 44
18 18
32 18
38 39
25 21
23 25
26 43
29 17
28 43
27 30
26 18
