41 106
28 26
26 24
30 23
20 15
19 23
18 10
18 14
18 30
27 25
29 11
30 29
20 13
29 18
22 20
27 14
27 16
11 10
10 23
14 17
17 27
10 18
13 26
28 27
23 21
10 12
20 30
28 10
15 23
26 13
22 24
14 18
11 12
18 19
24 13
11 20
14 23
15 14
27 15
16 16
19 12
30 18
26 22
18 29
18 13
24 11
16 25
30 28
26 10
28 15
16 10
24 18
23 20
29 22
23 19
22 21
17 19
20 29
26 30
12 25
20 10
21 10
25 29
25 18
28 11
21 18
18 17
30 20
24 23
13 27
25 30
26 29
22 25
26 20
29 13
24 27
12 18
20 21
24 17
23 29
20 20
23 30
15 27
10 30
23 10
15 30
15 18
15 25
14 30
11 14
13 15
19 27
11 13
23 14
28 24
26 26
23 27
19 16
10 25
27 19
22 30
16 26
22 11
20 18
24 20
19 17
20 23
