43 101
22 13
21 22
28 18
23 12
12 25
15 17
27 28
25 16
32 22
20 27
12 10
16 23
19 28
12 19
32 15
18 30
14 31
11 10
31 10
12 23
32 29
13 25
17 19
23 25
28 25
30 31
12 32
28 29
22 18
17 22
17 28
16 31
19 25
30 32
18 13
20 19
16 16
31 23
23 29
10 14
16 21
10 20
17 12
27 19
30 18
22 22
20 32
29 10
10 10
19 31
11 13
25 17
21 23
22 20
14 17
12 21
28 13
16 12
26 10
22 10
30 29
13 24
23 10
21 21
31 22
14 10
10 26
25 27
30 10
20 10
28 12
12 12
24 23
26 27
20 25
31 32
15 16
14 12
16 19
22 30
30 20
17 32
28 23
21 15
13 12
29 14
24 11
24 17
27 22
21 29
26 15
28 31
13 28
17 16
30 21
12 18
23 18
14 30
21 16
18 31
21 27
