55 121
17 37
32 24
38 29
35 22
13 36
28 15
27 29
22 36
25 26
40 36
37 37
23 41
39 36
31 34
15 25
19 23
30 41
22 33
25 41
30 18
24 23
13 24
15 16
38 24
28 22
15 33
35 38
23 38
41 17
37 31
16 18
21 13
31 26
40 28
31 18
17 29
14 13
30 39
21 35
28 36
16 25
24 41
21 25
24 20
13 38
14 16
24 39
35 41
26 31
38 21
41 41
14 27
30 16
21 34
41 18
20 37
15 41
41 29
37 26
27 24
29 17
14 26
30 37
25 23
39 30
36 24
21 17
24 18
13 16
19 30
35 24
26 34
29 28
25 25
39 31
25 34
18 16
28 20
40 21
29 40
36 33
32 37
26 24
13 15
19 32
37 16
13 21
32 19
19 20
13 30
31 33
17 39
22 24
37 21
36 35
27 23
20 41
20 14
33 40
27 33
37 36
27 16
36 21
35 14
38 40
37 41
16 31
27 14
17 16
16 28
26 13
35 16
41 38
15 20
32 38
38 38
13 13
17 23
16 24
33 16
21 29
