45 167
16 31
30 23
25 25
33 20
21 11
18 26
22 21
25 18
30 24
17 28
17 32
25 33
19 17
24 16
20 15
16 28
22 22
32 12
16 18
16 12
21 30
28 26
22 18
11 33
27 25
23 31
25 11
33 28
22 32
32 11
17 13
23 26
13 30
16 16
15 31
15 30
31 24
23 11
29 32
29 28
12 18
33 25
29 12
33 22
12 24
19 32
24 19
17 14
14 25
16 22
27 24
17 21
14 26
12 20
25 21
15 24
14 16
14 31
13 12
27 17
28 25
30 30
15 15
32 23
18 21
24 32
26 12
21 26
11 13
26 29
12 29
14 18
13 25
26 25
32 32
16 19
31 25
24 21
30 17
11 21
24 27
15 20
21 14
14 14
18 14
26 33
24 11
11 27
19 15
30 31
21 23
21 28
21 20
33 27
20 29
20 13
15 18
30 15
23 20
25 22
18 22
20 33
31 32
29 22
23 23
22 29
22 27
14 23
26 18
11 23
20 32
21 13
19 20
23 32
26 16
24 26
30 11
29 24
27 19
19 11
23 24
19 16
24 22
21 22
20 31
11 20
16 13
13 15
12 27
25 19
31 21
19 25
15 22
28 31
14 27
30 21
16 17
23 16
31 15
33 13
18 16
29 33
17 18
28 22
17 33
15 25
32 25
18 31
18 20
13 27
14 30
12 15
32 22
24 29
14 11
24 18
27 13
25 30
20 20
13 14
26 27
27 29
31 26
19 30
19 24
15 16
23 19
