57 156
35 40
41 34
14 34
17 30
35 19
38 17
30 21
23 42
14 19
41 41
37 18
23 26
18 23
34 37
38 22
26 15
28 31
17 27
38 30
39 34
30 33
20 35
26 39
42 21
27 33
36 21
33 23
21 25
20 23
40 15
37 30
40 14
15 34
34 35
16 14
34 30
29 37
31 25
39 32
17 14
14 27
23 25
31 22
28 23
25 41
42 20
25 22
26 18
42 32
30 25
26 30
28 24
30 30
23 40
31 27
17 19
17 20
16 26
40 22
15 32
28 34
18 34
30 24
27 26
42 14
42 26
16 31
29 39
20 26
17 32
41 36
36 26
20 18
38 16
29 29
26 17
29 24
33 22
34 19
28 15
31 39
41 14
36 30
28 21
26 27
28 28
22 23
42 18
32 30
28 41
22 39
39 21
22 15
41 37
27 38
34 20
41 27
16 16
27 42
37 23
34 28
19 35
15 41
18 22
19 21
33 37
23 14
36 32
19 36
29 26
39 41
18 21
27 17
36 35
42 41
14 36
42 23
28 40
19 25
36 17
39 35
14 41
37 41
29 20
26 31
17 31
25 32
32 23
24 38
38 27
26 26
31 40
27 40
36 37
22 27
22 35
41 16
30 29
26 21
42 37
42 34
33 21
29 42
32 33
28 39
21 32
17 18
20 32
16 24
14 20
27 19
20 20
18 42
23 41
35 17
22 41
