49 126
30 34
15 17
29 25
28 24
15 32
18 22
17 23
34 19
18 14
21 22
35 30
18 15
15 19
24 35
25 26
33 17
16 25
14 23
26 24
36 19
34 15
22 25
25 19
34 35
13 27
18 28
21 18
20 34
20 32
17 15
12 24
36 35
13 14
27 32
20 17
28 17
33 12
19 21
29 12
25 31
17 33
13 25
24 25
26 26
34 34
25 25
20 13
16 15
12 21
27 16
16 29
16 19
23 36
12 31
22 21
24 30
34 36
36 23
35 27
27 36
15 36
34 18
27 21
28 33
31 34
15 15
17 12
21 21
18 20
28 29
24 24
26 19
36 28
30 24
23 19
20 19
23 27
21 28
32 14
34 28
17 34
24 16
34 24
25 30
14 17
31 17
29 20
21 14
25 24
23 20
32 23
26 31
26 23
18 35
24 26
24 18
35 21
17 31
20 26
36 18
18 33
32 21
17 20
18 32
28 26
17 32
27 27
34 12
16 34
15 34
31 12
12 22
28 36
31 28
12 12
36 12
14 13
28 23
35 18
29 15
19 30
29 21
30 17
14 29
13 19
12 28
