43 132
28 27
12 12
18 27
29 27
17 24
31 22
12 10
31 28
14 22
13 24
15 16
15 13
30 27
19 28
18 20
19 14
31 13
18 17
15 29
16 14
10 25
19 26
28 10
10 27
24 10
17 20
32 24
22 14
31 27
30 25
28 12
16 25
12 27
16 11
25 17
17 25
23 20
12 11
10 31
15 23
13 16
30 16
12 14
15 32
22 18
25 29
23 17
20 17
16 29
15 10
14 27
11 25
32 26
15 17
30 26
31 21
12 15
16 28
27 15
29 20
26 22
21 11
22 17
21 28
17 23
16 16
17 28
21 24
18 32
10 32
23 19
25 14
27 19
10 12
24 20
11 32
16 32
17 22
31 20
20 27
19 25
17 32
32 30
15 22
24 14
25 12
14 31
24 17
25 19
29 32
22 25
28 29
11 31
12 16
23 13
27 11
22 12
20 26
24 12
32 16
14 19
31 18
24 26
15 24
23 27
16 10
23 14
21 16
16 24
16 15
24 15
31 17
12 13
12 32
22 26
25 20
14 28
17 29
21 12
15 31
29 12
20 25
13 13
27 24
32 22
11 30
10 20
26 10
12 30
21 26
29 26
29 14
