37 95
9 20
18 13
25 23
11 12
15 9
19 18
21 11
19 11
23 27
21 21
20 14
15 15
16 18
23 16
9 15
21 24
23 9
23 10
21 10
18 14
9 26
11 9
19 22
10 17
10 9
11 21
26 23
17 14
19 20
17 27
20 26
17 22
17 16
17 17
24 25
17 13
18 15
20 18
14 20
10 13
14 16
15 22
26 22
24 10
24 27
22 18
18 19
16 22
25 15
22 27
25 10
16 11
16 17
12 20
22 26
16 23
20 12
9 14
25 14
19 23
27 15
25 26
20 9
26 9
20 22
21 13
12 24
23 13
12 21
13 22
11 22
26 25
24 24
26 10
22 20
11 16
20 27
12 16
18 18
13 14
24 23
25 18
17 18
26 15
10 23
19 17
10 12
11 19
15 23
21 26
13 18
27 12
21 27
22 24
23 24
