61 132
21 25
43 24
43 44
26 34
27 44
45 32
26 20
15 35
19 21
37 33
22 35
26 25
32 28
27 31
39 45
38 29
38 39
26 45
21 21
24 41
17 20
22 42
35 44
25 39
44 23
40 31
20 42
27 28
15 37
26 33
44 40
20 18
31 35
31 44
34 28
26 24
43 32
41 28
20 38
37 25
23 22
45 35
24 28
38 43
30 21
22 39
17 18
15 17
33 30
31 20
19 28
18 35
30 34
30 28
15 26
41 45
30 45
19 33
26 17
15 32
32 30
31 29
41 26
37 35
37 32
40 25
44 15
34 27
39 26
35 18
33 20
37 24
27 18
16 27
24 38
28 39
26 42
16 34
18 19
27 35
32 36
28 29
39 24
38 25
38 44
44 39
22 44
15 45
37 23
33 40
32 16
31 21
30 36
19 36
32 39
35 19
15 22
34 25
44 41
18 30
32 41
29 23
43 18
41 16
36 23
41 42
25 20
23 42
43 38
18 44
33 26
24 20
31 33
19 43
35 42
33 23
21 34
36 17
28 28
29 26
19 44
30 44
38 20
24 40
42 28
28 43
34 44
20 24
19 16
26 38
39 31
39 23
