47 182
18 21
14 32
15 25
23 35
13 33
34 26
20 31
15 17
23 12
11 33
19 14
32 15
32 31
14 18
11 32
35 11
13 34
23 30
27 31
33 34
24 34
21 34
25 25
35 12
27 11
33 12
14 25
25 34
20 25
20 14
19 16
27 20
22 22
12 34
22 15
30 21
16 29
14 15
33 13
35 17
14 17
29 28
11 16
22 31
15 34
30 33
33 30
27 27
17 30
31 15
13 20
15 21
26 12
17 34
15 30
17 12
12 26
12 19
15 11
17 18
20 35
16 31
19 27
13 11
21 22
24 24
20 34
31 20
13 13
11 30
35 14
17 27
27 12
29 29
14 12
24 32
12 13
16 33
29 34
25 21
29 13
25 14
22 23
21 20
29 35
23 23
31 29
19 20
18 35
17 25
11 17
12 30
27 23
20 12
27 21
34 24
26 25
21 16
11 15
27 25
34 15
28 31
20 17
32 18
18 17
31 28
20 24
20 13
33 29
11 29
23 21
28 23
23 20
29 23
18 12
31 32
22 17
26 29
18 25
15 32
18 26
24 27
18 31
19 33
35 22
26 17
12 17
20 27
11 18
17 19
35 30
34 11
26 19
33 19
27 17
13 12
11 22
16 25
27 19
20 15
35 34
30 30
33 15
31 34
19 34
25 22
11 13
14 27
18 19
31 24
23 27
18 11
25 19
32 32
11 24
26 21
31 22
11 34
29 21
14 13
25 26
22 27
18 33
30 25
12 14
13 30
14 30
27 32
16 18
20 11
33 25
11 11
24 14
34 16
29 24
23 26
24 13
11 25
16 15
34 27
14 26
13 15
