39 125
26 20
29 24
18 12
20 28
9 23
21 12
24 11
16 23
11 24
11 20
17 27
21 20
25 10
17 28
14 18
13 9
15 16
9 10
17 15
21 27
14 11
19 24
14 20
15 24
26 22
9 24
21 29
24 24
18 19
9 18
15 22
26 19
29 14
12 20
16 19
9 28
12 9
23 22
16 10
18 23
18 13
13 10
11 23
16 24
14 15
29 29
25 15
9 17
17 9
23 24
20 20
18 26
21 16
11 28
10 21
25 25
10 17
9 11
10 20
14 9
16 13
19 25
22 15
20 9
16 9
25 24
25 28
28 15
9 29
24 12
28 28
11 25
9 9
13 12
15 27
10 24
15 13
12 13
9 20
14 23
15 19
16 12
17 17
29 20
15 26
13 28
29 12
16 29
27 19
14 27
28 19
19 20
15 9
19 22
26 15
21 14
19 28
23 21
23 20
18 14
23 25
22 21
9 21
25 22
22 29
9 15
17 10
13 29
22 18
22 23
26 27
22 28
10 22
11 18
15 29
12 11
20 23
25 27
12 22
14 24
20 24
26 16
17 18
24 28
11 12
