47 94
31 15
32 30
13 20
12 26
24 29
29 15
33 21
32 20
12 16
34 31
25 24
25 33
19 16
32 27
17 18
26 15
26 14
31 29
30 31
32 11
29 34
13 31
16 20
22 28
32 21
33 19
12 14
19 18
15 16
25 34
27 14
11 27
11 24
29 35
33 28
31 14
24 32
21 31
33 27
20 35
34 18
29 29
21 23
13 28
11 28
13 27
28 32
24 16
32 29
27 29
16 12
32 22
28 20
34 20
29 31
15 17
18 32
17 26
12 34
25 22
28 31
20 29
14 24
18 29
19 31
22 20
33 17
25 25
34 30
13 33
20 15
26 25
29 26
16 21
16 16
27 24
27 21
20 18
21 14
26 33
20 30
34 22
17 16
23 14
12 31
12 11
11 16
19 12
33 29
22 27
23 33
24 23
23 31
25 15
