45 156
11 27
26 30
27 33
21 32
31 25
12 14
25 17
14 14
22 21
21 21
13 14
30 11
14 33
26 21
20 12
32 15
19 16
13 25
30 16
15 16
28 16
14 16
23 25
18 22
28 32
27 15
26 20
22 12
28 17
22 24
24 19
26 14
16 14
21 12
25 26
24 29
14 21
28 15
26 28
19 15
19 21
19 33
30 24
15 29
17 31
14 32
19 24
14 22
17 28
15 15
24 22
30 32
22 27
31 20
20 22
13 33
33 33
33 25
26 13
27 27
32 31
15 25
17 11
18 29
14 15
25 33
21 26
21 18
11 15
33 22
15 27
18 24
23 23
24 24
15 13
11 12
20 18
22 17
30 22
18 17
26 25
31 27
28 26
33 30
23 19
28 27
15 12
17 13
18 33
15 11
13 30
31 33
26 33
15 23
17 23
14 25
16 23
26 12
27 26
33 15
30 30
13 31
19 28
15 26
27 20
11 11
24 30
13 15
31 18
19 26
32 30
16 20
30 20
25 32
33 20
20 17
25 27
30 15
23 13
17 24
21 13
26 18
14 28
24 23
30 18
11 23
27 23
22 14
29 27
18 30
20 15
30 23
12 27
30 26
13 23
27 13
28 29
24 31
32 26
11 33
13 29
14 29
23 21
30 33
29 25
33 31
18 13
26 19
32 27
16 30
33 32
31 28
23 28
15 21
18 32
13 26
