55 233
39 31
40 34
22 39
14 24
36 30
13 33
14 37
37 33
23 34
36 31
39 36
39 24
18 29
28 31
39 40
34 34
29 23
30 35
23 17
26 17
18 25
35 15
26 34
21 25
18 17
30 22
23 13
16 38
31 17
19 37
20 30
36 29
17 32
29 30
17 13
36 13
20 20
23 41
20 38
14 15
40 36
27 19
32 14
27 17
28 26
38 32
26 27
38 20
16 29
41 13
18 22
29 17
29 41
21 14
33 41
20 29
38 30
14 23
18 33
27 16
18 37
26 24
39 34
37 16
17 30
19 23
16 19
23 30
41 17
20 16
30 38
29 31
17 27
24 31
41 30
13 22
22 32
36 19
27 37
27 14
29 29
25 36
13 38
15 37
20 14
38 37
17 18
31 19
23 40
18 28
22 33
14 25
27 27
40 37
28 39
23 39
22 36
40 20
30 37
15 29
39 19
15 26
14 29
19 20
25 31
27 30
24 35
13 30
32 21
16 32
30 30
41 33
34 23
31 26
22 34
22 31
13 41
24 30
30 41
15 16
30 27
39 41
33 31
15 33
39 16
37 15
17 33
37 29
40 22
39 32
41 18
20 22
18 38
33 17
21 27
15 15
27 35
13 29
32 37
33 40
33 25
19 30
16 41
31 41
15 32
31 40
28 35
36 14
23 23
23 27
17 36
31 30
34 26
20 13
33 37
32 34
32 20
18 27
27 21
35 21
31 24
22 14
32 15
32 19
19 22
14 14
23 24
30 14
14 27
27 23
26 33
38 19
13 20
27 33
24 15
17 19
36 38
21 39
16 33
25 17
15 18
22 17
25 34
17 22
39 22
14 28
39 13
32 13
19 26
30 21
15 23
20 37
34 31
28 17
37 34
15 21
32 32
37 14
31 14
25 19
30 36
39 20
29 14
40 26
41 39
39 37
22 23
24 38
36 20
41 40
16 21
29 35
19 33
36 22
37 36
19 38
28 30
33 28
39 35
41 37
18 16
36 41
36 25
22 22
21 19
41 38
24 24
17 41
35 29
29 40
35 40
16 26
23 36
