53 155
33 32
30 33
21 27
30 20
34 29
35 13
38 30
19 16
21 24
24 37
37 32
23 37
38 25
36 24
39 38
34 21
23 33
31 22
13 36
27 28
23 31
16 38
21 23
20 21
13 33
18 25
14 32
33 34
19 25
15 15
29 29
22 37
15 24
18 15
17 31
32 22
21 31
21 34
14 30
27 21
14 27
13 25
14 25
17 39
35 17
18 26
32 17
19 22
32 16
13 17
39 20
26 39
20 32
31 33
22 32
22 28
33 18
31 23
39 15
16 22
22 38
36 13
20 31
24 38
19 19
18 34
37 24
13 22
32 19
25 20
13 20
34 13
14 13
32 34
32 39
33 37
18 37
28 23
15 17
28 25
24 24
27 27
26 15
33 38
29 31
18 17
29 18
27 36
36 25
27 13
38 35
36 32
30 13
24 13
16 35
29 34
30 16
39 32
32 32
34 25
22 22
26 28
34 24
15 26
18 27
17 19
24 15
32 15
21 16
29 22
20 25
16 30
28 19
25 13
18 16
14 15
25 30
16 19
28 18
28 36
37 30
26 18
30 24
36 31
31 36
17 15
19 36
21 33
18 35
28 30
19 28
14 36
22 14
22 20
19 15
24 34
25 37
23 20
35 33
34 32
21 19
23 29
38 22
39 34
14 35
38 33
16 34
22 25
13 31
14 29
38 18
16 14
36 19
27 33
33 23
