49 109
33 17
35 27
22 16
32 23
27 31
29 16
24 13
15 23
14 28
25 19
21 26
31 14
25 31
24 14
18 31
22 30
12 29
18 14
30 15
28 35
27 32
25 36
32 21
16 32
14 20
14 26
13 36
26 35
30 12
15 32
34 16
30 22
17 22
24 30
17 30
29 20
23 17
34 12
20 31
14 25
20 32
26 19
12 32
27 25
26 21
31 27
14 18
19 33
13 27
31 22
22 12
34 30
33 36
28 12
23 31
25 35
26 13
13 33
15 26
23 29
12 17
33 20
19 13
19 20
22 22
18 35
12 16
18 30
25 21
17 24
33 29
21 31
14 33
29 27
32 27
30 25
23 28
31 17
14 15
30 19
16 36
32 12
21 13
18 34
29 25
28 32
29 23
23 26
28 16
25 13
34 36
19 28
13 35
18 28
22 35
15 17
30 13
24 20
29 32
35 12
30 32
20 29
26 15
23 16
29 14
25 12
35 33
24 17
28 34
