61 154
24 35
33 32
29 29
28 19
39 33
30 45
20 33
20 22
16 37
33 34
40 44
24 27
17 44
36 34
21 30
32 24
44 34
30 15
42 43
26 43
18 33
25 15
15 17
20 18
32 19
25 34
36 16
22 23
20 16
29 26
26 37
31 16
23 19
30 31
30 18
26 28
26 22
22 43
38 34
43 29
38 30
18 23
16 44
41 44
43 17
16 28
40 36
23 43
30 24
28 21
18 20
36 42
35 28
23 16
41 31
21 34
21 20
24 24
36 29
32 21
43 32
35 26
42 38
22 22
21 43
24 37
40 22
44 42
42 23
38 26
26 20
36 28
32 16
41 15
33 22
23 33
41 39
29 33
37 27
44 22
25 41
18 37
37 17
39 45
15 15
20 20
16 34
36 41
44 23
32 34
16 26
35 27
19 16
40 29
26 17
22 34
20 40
28 26
15 21
44 31
23 42
29 19
38 15
16 38
15 20
33 17
44 20
30 17
29 25
15 22
33 21
42 28
44 15
24 16
45 24
43 23
15 42
23 45
16 15
35 19
37 34
20 23
21 24
37 39
41 19
33 15
34 39
42 44
43 26
24 18
36 33
33 37
17 21
25 28
33 16
21 21
18 38
37 41
24 20
23 28
45 19
45 18
30 22
25 43
15 30
42 30
28 18
33 29
26 23
29 37
35 25
43 25
43 45
37 32
