53 117
16 36
22 17
26 25
34 39
37 18
33 31
24 28
19 28
32 33
25 18
39 19
14 18
27 30
23 37
36 25
31 33
28 31
13 20
30 17
20 38
31 17
20 39
26 20
13 18
19 20
25 20
29 15
35 39
16 33
39 36
17 15
20 28
37 29
38 26
29 29
36 39
14 32
21 25
19 13
15 14
26 39
25 14
21 39
35 18
35 34
34 16
16 28
22 25
18 24
14 33
15 27
19 39
28 14
19 22
27 24
21 33
23 27
15 29
25 22
16 34
26 31
34 15
35 32
24 37
22 37
38 33
39 26
13 32
33 23
23 23
26 24
26 16
14 35
18 32
31 25
15 28
14 15
16 26
37 14
38 18
39 21
26 19
37 27
36 33
21 19
23 24
31 13
15 24
37 15
15 32
39 27
34 17
28 15
16 32
36 17
16 22
38 23
22 38
18 38
16 19
35 29
37 21
38 29
20 22
33 22
13 35
34 34
30 32
21 29
32 19
32 38
34 33
17 22
34 25
14 27
27 35
28 21
