51 196
16 16
36 19
24 17
32 32
28 25
33 25
34 31
14 23
28 16
23 35
22 12
24 28
31 36
32 16
18 32
22 22
30 30
36 29
21 16
24 35
34 30
22 23
36 13
30 26
33 28
27 31
32 35
15 12
33 12
18 19
22 34
29 38
12 30
24 20
30 14
35 31
16 17
35 37
20 20
27 37
29 19
25 36
37 37
38 26
36 36
21 34
35 29
19 21
19 16
33 19
37 12
28 36
31 16
25 12
27 34
26 18
15 27
24 25
15 19
20 36
35 32
26 22
37 23
26 34
21 35
22 37
14 12
37 13
32 36
26 20
34 21
35 14
20 30
31 22
27 15
20 16
31 27
16 20
37 24
15 34
33 24
12 17
24 30
22 33
30 28
25 23
30 19
34 37
29 34
22 28
20 34
30 34
19 28
29 32
26 35
13 38
37 33
36 22
16 19
26 14
31 29
14 20
15 24
12 25
36 25
27 33
14 22
12 38
19 25
37 27
17 19
20 21
18 17
33 27
23 32
28 23
23 25
22 14
23 15
20 23
38 27
26 29
17 13
14 18
25 37
28 30
35 34
31 13
29 30
32 30
35 26
16 30
16 18
15 37
27 21
20 18
21 33
19 19
29 29
13 16
35 13
26 19
27 13
36 14
30 21
15 14
38 23
25 16
12 26
20 38
12 21
25 26
22 18
13 31
34 27
33 30
22 21
25 29
28 13
24 22
31 17
33 35
14 17
23 33
22 32
15 35
14 38
19 27
25 32
18 12
13 33
30 25
31 34
19 22
33 18
14 14
24 18
35 36
26 37
37 21
31 31
26 25
20 37
27 32
20 29
24 29
27 23
31 35
17 27
13 36
15 38
19 13
34 13
37 19
28 14
36 12
