53 163
31 29
19 34
13 30
37 30
27 16
27 17
37 22
19 33
19 13
27 24
29 24
20 18
18 29
34 27
29 32
21 21
26 37
31 26
14 31
17 29
34 21
17 16
13 36
39 21
36 29
23 30
28 16
13 39
30 24
26 30
23 34
15 24
20 26
15 23
33 30
27 25
31 14
13 13
34 36
13 14
13 20
31 24
33 25
26 38
39 13
21 25
18 28
19 16
32 21
22 23
33 37
25 25
29 30
14 25
25 15
23 29
36 31
38 31
36 24
19 15
33 34
22 22
28 14
27 19
28 26
39 23
25 30
19 25
16 34
36 18
23 36
37 26
33 22
17 33
13 28
27 36
15 32
26 24
16 24
38 39
16 27
25 23
27 18
14 37
28 31
26 16
20 15
36 39
37 35
23 18
24 36
13 34
33 21
38 36
32 24
19 39
15 28
14 23
30 25
18 16
37 13
38 37
25 34
15 39
20 28
20 17
16 15
34 37
24 24
30 34
29 15
27 26
38 24
30 14
35 23
32 17
24 15
39 14
22 20
25 37
29 22
16 38
28 24
16 29
17 20
32 33
37 36
27 22
30 38
22 26
22 32
16 28
36 14
24 23
25 28
24 26
24 32
20 24
21 36
28 25
37 21
33 35
39 28
32 13
23 23
18 14
35 28
35 24
17 13
18 33
27 28
32 14
35 34
28 15
32 29
17 36
17 39
19 17
20 21
27 29
30 30
35 22
31 16
