35 91
18 10
9 15
10 21
9 24
21 19
13 22
24 18
26 10
19 26
16 26
11 11
13 8
16 25
21 22
24 24
10 14
9 13
25 13
9 26
8 25
23 14
23 13
20 13
18 23
18 21
17 23
9 12
9 19
13 24
16 10
21 25
12 12
14 21
20 12
8 14
10 16
9 10
14 9
20 25
20 22
20 11
8 21
10 18
20 24
24 17
25 17
16 14
14 15
26 22
22 8
23 9
10 9
21 15
23 10
12 16
22 12
8 9
12 24
15 19
9 14
8 8
9 18
23 23
21 14
15 22
8 11
23 22
21 9
11 24
16 15
16 8
22 19
8 13
9 22
15 8
24 13
14 8
25 21
17 11
11 19
24 16
17 18
19 24
19 18
26 15
8 15
22 18
11 20
22 20
24 25
9 23
