39 100
19 18
17 21
27 18
19 9
13 16
26 20
16 15
16 27
23 15
18 14
25 27
18 17
16 26
22 9
18 29
14 19
18 26
28 20
25 28
11 19
19 20
22 18
12 21
13 28
18 16
28 28
19 29
12 20
24 12
22 11
29 16
27 25
9 26
22 24
20 19
28 23
9 20
29 12
24 28
17 24
21 13
22 28
10 14
20 20
13 27
19 13
9 27
27 11
12 22
22 27
13 9
15 16
12 17
11 20
21 15
20 16
18 28
18 20
20 25
28 17
15 20
27 29
20 28
18 24
16 29
16 9
19 17
22 20
9 15
29 22
29 13
21 26
10 9
17 29
29 29
13 11
10 24
11 29
24 22
27 23
23 25
22 29
24 16
27 10
11 17
29 26
14 18
13 18
17 15
12 26
29 24
28 24
9 10
9 29
17 16
21 23
23 26
16 13
22 14
27 19
