37 87
22 9
16 17
10 27
12 14
10 17
22 16
15 25
20 26
10 24
19 11
15 20
15 11
9 16
15 9
14 19
11 12
27 15
15 16
26 21
16 9
16 19
13 18
23 18
22 23
15 17
18 24
13 24
17 22
15 21
26 10
25 10
13 23
24 9
20 16
14 11
16 24
20 9
19 14
10 19
27 14
20 20
16 18
21 10
16 13
26 24
25 9
21 12
14 18
19 26
13 16
18 27
23 19
17 19
18 14
18 22
20 18
26 17
19 12
23 9
14 20
18 11
23 24
12 15
20 15
10 10
23 20
23 11
22 22
17 12
23 13
25 12
18 26
10 20
19 19
27 20
15 22
27 11
26 13
10 18
23 22
24 15
21 9
22 18
16 14
17 17
27 10
22 17
