45 128
30 22
23 25
15 23
22 33
20 17
20 15
24 17
33 31
17 19
26 13
14 15
19 21
11 13
28 28
26 11
13 11
12 23
11 14
13 19
13 30
12 27
32 26
24 31
15 30
21 17
19 25
18 15
17 16
26 28
29 11
17 31
11 16
16 26
12 26
17 23
27 18
27 26
29 21
21 29
19 28
32 14
12 21
33 30
16 32
29 22
26 33
20 33
32 17
31 13
19 31
27 13
22 32
21 28
30 27
15 12
17 29
20 14
32 22
24 27
16 17
23 17
19 15
25 22
18 33
13 18
27 30
31 17
20 12
33 28
31 27
15 31
28 32
24 14
29 27
20 13
13 33
22 20
25 13
21 25
14 12
23 21
27 11
20 29
12 19
19 11
31 20
14 11
20 26
26 26
25 29
11 29
12 24
30 32
21 22
25 23
13 26
24 16
25 19
24 26
20 23
31 12
28 15
20 27
20 31
16 21
18 31
19 30
13 22
32 23
29 23
15 25
24 21
32 32
17 33
19 32
32 24
19 17
23 33
22 28
17 15
15 26
18 14
11 17
27 17
18 11
26 24
21 18
15 15
