41 117
30 15
28 30
20 21
27 12
23 17
20 18
14 26
10 23
21 14
28 20
13 11
18 17
20 29
30 13
21 25
30 24
11 10
10 16
16 10
30 26
15 11
24 13
22 26
23 19
21 13
26 16
26 23
10 30
12 19
26 28
15 10
17 15
13 14
21 12
13 23
20 30
20 25
18 15
19 28
24 19
18 27
27 27
30 22
19 19
10 20
11 26
20 14
17 23
21 30
12 26
18 18
17 24
17 19
29 13
21 29
25 15
29 11
20 23
22 20
19 18
23 30
11 16
27 22
18 13
10 10
22 11
26 17
27 30
10 13
17 20
26 13
26 12
10 22
28 24
22 10
21 24
11 11
17 29
12 22
18 16
22 14
11 13
23 24
14 21
26 11
11 23
26 22
21 27
27 23
29 26
29 18
25 24
28 12
29 16
24 15
15 26
30 18
22 13
22 27
29 25
20 19
23 12
25 23
28 15
12 16
14 16
12 10
14 17
22 15
27 15
16 23
28 21
11 18
24 20
13 25
14 19
22 17
