35 90
9 23
17 26
9 9
19 13
19 8
23 20
10 20
14 10
15 24
12 21
16 11
13 9
23 15
19 25
21 15
24 10
18 25
22 16
11 20
8 12
22 23
22 11
16 15
26 22
20 22
19 19
11 13
16 14
25 9
11 17
22 8
23 26
22 25
11 8
24 16
24 12
23 14
8 10
17 16
18 12
17 8
18 10
11 11
13 21
18 15
24 14
22 26
20 19
20 15
17 17
16 26
12 25
17 19
10 26
26 26
9 22
13 11
17 21
14 16
15 26
9 20
10 24
26 15
19 9
21 23
26 11
22 14
23 17
20 13
15 23
10 17
10 16
22 12
24 11
12 10
17 13
8 17
21 17
23 13
13 16
16 25
12 23
9 11
23 23
11 24
22 22
18 21
20 26
22 13
11 16
