41 89
30 14
17 29
29 28
26 17
16 20
30 15
15 18
25 25
11 18
12 24
25 13
24 21
27 15
29 17
10 13
12 12
26 24
13 22
11 10
10 11
12 10
21 22
30 23
22 15
29 13
30 22
16 13
22 24
17 30
23 22
29 24
10 17
14 14
23 17
20 20
22 12
22 18
22 30
24 14
15 14
23 16
20 19
13 10
23 23
28 15
30 13
22 13
19 14
20 27
24 22
20 24
11 12
29 27
11 20
15 27
10 19
16 23
13 24
20 18
13 11
10 26
28 12
12 15
18 14
28 13
21 27
14 24
13 29
25 18
25 22
17 26
17 24
10 12
23 13
25 10
15 24
20 13
14 19
15 25
11 28
13 18
24 13
10 23
10 27
18 15
29 29
17 28
12 30
20 16
