51 154
38 25
15 23
38 24
17 26
18 32
15 26
33 35
19 18
28 16
30 21
35 36
24 31
36 35
15 36
32 27
22 34
23 16
29 28
23 37
16 30
14 29
25 35
28 21
17 22
14 25
37 17
22 25
15 37
13 28
19 30
16 25
35 15
32 33
30 36
29 36
38 36
26 13
21 20
25 26
16 15
12 36
33 22
31 38
24 22
25 12
24 35
29 19
22 28
34 27
29 14
24 15
16 33
16 26
14 32
22 14
25 31
17 24
36 37
19 31
30 30
17 32
22 29
16 31
34 35
32 14
16 34
25 13
30 38
36 12
24 27
35 26
14 12
19 21
37 35
35 27
24 23
38 31
31 14
16 27
27 12
13 29
23 33
19 16
38 27
27 17
25 19
37 36
22 26
20 15
14 23
21 17
16 36
26 18
28 20
38 13
31 33
21 27
30 34
29 32
29 31
36 33
15 18
33 27
30 32
15 19
13 34
33 18
36 13
26 37
17 33
18 13
15 31
21 18
21 37
32 34
29 17
19 19
18 19
30 15
23 28
24 14
23 38
13 19
27 35
25 17
15 12
22 20
20 20
34 36
17 20
14 36
34 37
13 15
23 36
22 27
33 17
22 36
27 32
30 17
18 22
18 23
25 24
19 33
15 35
27 18
31 12
27 20
15 25
37 24
23 12
28 27
29 18
26 31
25 38
