33 89
19 16
12 18
22 16
22 19
21 12
20 20
11 16
13 11
12 24
15 15
15 24
13 14
14 24
17 19
13 18
20 24
14 20
16 14
20 15
16 24
24 12
9 21
21 19
20 11
19 8
20 21
19 15
8 8
11 12
12 15
17 18
20 22
21 8
18 12
20 23
9 12
22 21
9 18
16 11
12 8
18 17
11 13
11 24
23 23
11 11
16 22
23 8
22 9
18 22
9 15
12 12
15 22
23 24
10 22
24 16
13 10
15 17
9 22
21 18
24 9
22 10
10 12
9 10
14 9
19 23
12 13
13 24
10 13
14 11
21 16
11 22
12 9
18 19
19 22
20 10
19 21
11 10
22 15
8 10
12 10
16 20
16 15
21 10
15 14
10 19
22 20
9 8
23 14
14 8
