57 201
31 35
20 29
42 35
14 42
30 23
41 34
23 24
28 17
24 36
30 42
22 40
27 22
32 42
30 30
22 16
29 38
16 40
22 37
24 37
17 19
36 22
28 19
40 19
38 15
36 24
34 21
19 37
37 24
23 30
17 31
41 26
32 35
34 19
30 20
20 16
25 19
16 19
21 34
26 19
29 24
14 35
22 17
19 35
28 41
17 36
34 23
40 42
35 39
18 34
23 18
22 14
29 26
15 34
23 40
23 41
32 16
20 32
21 25
34 35
39 22
19 17
39 16
28 26
14 24
27 35
25 21
18 17
25 22
36 35
17 18
38 19
25 27
26 24
37 17
21 26
17 35
27 27
18 32
19 18
39 38
41 28
33 14
42 40
33 31
38 32
42 29
19 15
34 34
16 18
19 30
38 23
34 33
21 22
31 14
33 22
25 23
20 33
33 16
29 23
41 16
37 36
36 25
19 14
22 27
19 16
41 17
31 41
29 40
26 35
30 28
23 23
16 36
42 28
17 22
22 38
25 16
21 18
41 14
17 25
29 35
23 39
25 36
41 29
31 21
18 16
17 16
41 18
32 22
33 29
42 15
32 26
26 23
41 24
17 17
37 29
26 27
17 41
14 36
42 17
41 31
23 35
20 40
18 14
28 32
42 37
36 18
15 17
17 38
33 42
29 30
40 34
15 15
18 28
24 41
40 23
26 14
20 14
29 16
25 29
27 39
22 18
26 34
41 42
29 18
34 36
30 21
16 14
32 28
30 15
17 24
42 25
16 34
30 14
30 17
28 25
21 27
41 15
23 33
31 27
35 37
20 34
31 25
17 42
22 26
42 24
37 37
37 42
17 15
17 39
31 31
14 32
16 39
16 15
21 14
27 21
29 33
33 24
35 31
24 16
15 30
27 19
