55 230
31 31
38 24
33 27
30 33
38 17
30 37
31 41
33 41
31 39
24 28
39 38
17 31
41 39
28 34
38 37
39 29
20 40
40 35
23 23
32 18
38 41
22 17
21 31
41 21
18 22
17 23
15 14
18 18
18 31
16 33
36 21
24 40
35 13
38 34
36 34
25 19
34 26
34 23
31 32
33 20
14 36
13 34
30 36
27 16
22 37
15 17
40 29
13 23
18 30
37 23
38 32
17 32
19 23
28 19
18 19
23 13
15 41
25 27
18 16
26 27
15 39
32 30
24 18
17 41
13 19
36 37
37 25
21 27
14 28
28 33
32 19
35 41
17 21
21 16
31 28
19 16
32 33
20 17
21 35
18 17
15 21
35 19
29 41
20 36
26 24
15 15
32 13
34 27
18 24
22 25
27 38
15 27
38 20
22 19
30 30
13 26
23 29
31 17
27 17
23 31
39 27
38 31
29 19
38 36
23 16
39 16
27 26
20 32
27 27
34 38
30 23
35 22
26 19
13 40
38 18
14 17
14 32
28 24
15 34
35 14
39 25
19 33
13 39
31 29
24 32
33 33
23 21
35 38
19 40
31 22
30 15
33 18
29 30
18 15
14 15
25 29
36 23
32 38
14 37
28 40
18 26
14 16
40 13
18 20
36 24
26 16
37 15
30 39
24 26
28 18
17 22
13 41
36 20
35 29
18 35
24 39
23 30
18 21
33 25
37 19
31 37
39 17
29 25
23 24
34 24
15 19
36 41
36 30
21 15
36 18
32 25
27 14
37 17
41 29
39 36
20 29
37 26
19 31
16 28
35 15
31 34
21 34
41 14
39 41
37 37
17 33
21 41
33 23
23 27
41 41
29 32
41 35
16 18
37 30
19 13
15 22
17 17
21 28
37 29
41 19
32 28
41 18
23 32
32 16
41 28
15 37
40 14
15 35
35 28
28 30
25 13
39 30
16 36
32 34
21 40
29 29
14 34
24 34
16 21
25 40
25 34
21 13
22 27
33 36
29 18
22 33
32 24
17 39
29 13
26 23
