39 85
9 23
17 17
12 10
27 13
24 26
13 26
24 29
18 27
19 29
28 10
24 12
11 19
27 27
22 26
25 28
20 12
16 9
22 22
15 18
21 15
10 13
15 15
24 15
19 11
27 23
21 10
22 19
21 13
18 21
26 17
12 27
22 20
20 14
15 12
17 9
26 25
14 25
27 19
22 13
19 19
9 25
13 20
14 14
14 28
24 10
27 18
9 16
19 20
24 24
28 18
25 29
24 9
24 20
15 23
10 26
25 19
29 17
18 15
15 10
24 22
29 9
21 20
17 26
17 29
11 22
11 14
24 28
11 12
12 20
23 25
21 19
19 21
18 23
29 10
23 20
11 20
17 16
13 22
24 23
10 18
16 22
26 12
20 23
14 16
23 26
