61 294
28 44
44 28
32 38
35 41
42 22
21 29
45 17
41 20
18 21
26 31
20 29
31 37
33 38
23 30
20 28
32 26
45 31
19 20
29 37
43 21
42 21
41 42
33 35
18 24
24 42
27 40
16 20
38 41
17 40
39 17
35 24
33 21
16 32
33 34
36 17
32 40
31 19
19 27
31 26
33 23
40 34
34 41
26 35
26 17
43 22
25 30
43 37
29 36
26 37
37 25
41 21
19 32
42 19
43 33
22 23
39 23
42 44
44 33
22 44
45 38
19 41
38 29
41 36
26 27
43 17
30 42
36 30
43 39
38 38
23 40
25 25
36 33
17 25
33 37
36 18
39 24
25 33
43 35
39 25
42 36
15 25
15 15
30 31
24 35
35 27
21 42
22 17
34 28
23 36
15 24
20 18
44 18
20 23
31 44
24 45
31 35
32 30
36 23
35 18
25 27
31 43
35 35
41 27
37 36
20 37
37 41
34 37
36 27
15 37
29 16
45 45
22 29
26 23
36 41
18 38
34 36
24 43
41 40
40 24
16 18
37 23
40 27
37 24
20 42
30 35
36 32
37 31
34 15
38 34
35 40
37 30
24 44
38 30
38 20
38 18
16 15
31 21
20 21
20 35
22 41
26 15
40 28
29 18
22 42
22 18
23 41
34 26
30 18
41 24
32 43
32 20
30 17
24 40
31 41
40 32
20 38
22 34
28 32
31 27
28 23
23 20
21 33
17 32
42 42
27 37
19 24
26 20
29 43
35 45
30 29
32 23
16 45
45 20
19 18
22 43
39 30
18 27
18 32
38 40
17 35
25 26
33 17
44 35
38 39
39 34
24 26
25 29
15 32
40 40
17 20
35 36
20 36
18 16
21 38
25 35
37 18
17 37
37 39
36 45
32 21
41 23
35 38
44 25
22 32
24 22
43 23
32 18
22 39
19 37
21 24
34 39
27 28
41 41
30 26
28 45
15 19
20 43
34 22
21 43
16 21
45 16
35 33
36 28
33 39
38 19
21 44
15 31
26 40
37 32
37 38
30 37
16 29
39 32
28 34
15 23
37 16
45 21
39 38
32 45
34 34
39 37
15 38
15 39
36 44
38 16
15 36
35 21
22 35
43 42
41 37
40 26
41 22
26 41
22 24
35 17
41 33
18 22
39 36
31 29
38 44
43 27
25 28
16 35
28 42
20 17
18 20
38 22
23 17
39 16
27 19
29 39
42 28
44 17
19 31
25 44
21 20
27 15
35 16
25 23
42 34
41 28
31 16
23 22
16 30
39 35
37 17
45 39
19 45
38 32
35 44
18 35
23 24
28 17
35 20
