57 246
42 41
17 29
22 28
38 16
24 32
20 41
23 21
24 21
33 19
23 19
41 34
27 29
35 29
21 14
14 27
25 32
15 26
17 21
18 18
14 23
14 24
41 15
24 14
27 16
31 31
19 38
28 32
41 24
19 23
33 25
22 17
20 19
15 41
32 24
34 21
29 28
42 36
17 14
40 23
34 19
36 40
27 40
19 21
34 42
21 24
14 33
17 18
33 42
30 31
17 25
20 35
16 37
19 42
32 18
19 27
37 29
40 33
19 15
25 17
40 28
21 17
36 29
16 17
35 24
38 42
20 32
16 41
15 19
31 40
17 38
35 37
16 34
37 40
18 23
36 26
34 40
35 21
35 26
29 29
29 17
32 25
23 31
31 25
16 31
37 30
36 34
16 18
23 36
40 38
40 30
26 30
36 32
20 21
39 40
25 23
37 23
23 41
21 29
18 41
32 23
17 20
33 23
29 23
30 38
27 41
14 42
19 26
39 23
21 33
41 37
26 39
14 15
29 42
24 28
32 33
38 15
35 22
31 22
41 17
26 25
39 28
36 33
36 27
25 19
21 41
14 40
23 20
33 15
39 31
26 36
14 19
31 30
24 17
31 29
26 31
22 29
17 32
30 26
24 20
34 39
24 41
21 31
22 40
21 27
24 38
27 21
41 23
21 21
34 26
16 33
36 30
18 21
27 28
40 20
40 21
36 39
28 17
36 19
25 20
26 27
22 39
37 39
20 34
36 37
30 39
38 34
25 18
22 30
27 19
34 18
19 18
17 36
25 21
32 14
42 14
35 32
22 21
20 42
27 39
26 15
30 41
34 37
34 22
28 40
19 17
40 34
16 40
35 16
22 25
16 32
32 28
31 16
30 28
39 38
15 30
21 23
29 26
35 39
18 25
39 22
41 14
23 42
23 30
22 35
20 14
18 32
34 15
18 37
39 29
22 16
41 35
28 28
31 26
36 24
18 14
39 24
22 14
41 22
14 22
19 24
14 41
37 31
15 27
31 15
25 15
27 22
17 39
24 30
27 27
17 42
38 40
42 19
14 30
25 30
39 27
24 15
41 20
30 22
22 18
19 19
39 21
25 14
25 42
42 40
19 14
39 35
