43 123
24 12
10 30
28 24
26 18
20 20
25 24
19 17
11 25
19 18
19 20
15 11
30 13
20 16
11 27
31 17
27 24
15 29
18 13
18 11
30 29
24 29
11 22
18 31
13 24
22 18
12 26
17 11
10 27
29 27
17 31
20 26
25 11
18 18
32 23
18 21
24 18
30 22
28 13
22 20
17 27
32 28
29 23
28 11
15 23
31 18
18 23
26 14
15 21
25 23
16 32
12 32
25 30
32 17
22 22
18 25
13 12
23 10
32 32
21 32
11 11
15 18
19 23
30 16
17 17
27 16
30 11
13 19
11 16
28 14
23 15
25 16
30 32
32 18
21 13
15 20
31 16
22 10
16 10
24 25
29 31
21 30
32 11
10 14
32 22
25 32
13 22
26 30
17 30
27 22
30 12
29 20
26 29
31 32
12 18
29 17
10 22
24 28
16 28
10 18
28 16
28 15
14 12
31 27
21 28
13 18
29 10
15 31
14 13
28 19
13 21
27 20
25 13
18 30
11 12
23 30
22 32
21 21
11 20
14 23
28 29
16 13
17 25
13 17
