45 144
15 28
16 12
25 25
28 17
30 19
23 23
11 28
27 33
21 29
12 13
33 32
20 25
23 12
19 17
26 23
12 21
21 21
29 33
22 29
26 12
12 28
32 32
21 19
23 31
18 32
28 23
26 21
27 30
24 30
28 30
13 31
32 18
15 22
29 19
26 16
32 25
31 12
32 33
27 26
30 12
24 27
32 17
14 16
28 16
19 25
20 15
21 18
29 26
13 25
31 23
22 24
14 28
24 25
17 32
26 19
26 28
28 18
22 22
17 11
30 26
19 20
29 31
14 32
31 15
18 13
20 24
33 25
18 17
11 29
14 13
15 17
19 30
26 32
14 26
23 25
18 12
25 16
11 21
17 23
15 30
13 13
13 28
32 15
28 19
21 11
16 31
16 22
28 12
31 31
22 27
31 24
29 12
18 24
24 17
30 23
19 18
16 15
25 20
14 17
21 20
20 23
17 31
33 24
18 26
15 26
32 31
15 33
31 29
14 15
20 19
24 20
18 16
28 28
32 28
12 15
18 25
29 20
27 28
20 33
17 26
14 19
22 19
17 33
18 20
31 22
30 14
11 23
25 26
11 19
31 17
25 22
12 22
21 31
24 14
13 11
20 11
30 29
12 25
14 18
30 16
16 28
24 31
13 32
27 31
