51 200
26 27
31 14
12 33
27 19
24 26
12 12
18 38
34 26
20 36
19 30
20 27
24 32
26 33
32 22
15 32
31 28
28 26
30 24
18 19
38 28
14 21
22 19
22 15
24 24
13 21
32 34
13 29
27 17
36 21
24 22
19 37
37 33
33 27
16 31
17 13
17 16
31 38
15 16
30 13
25 26
30 21
32 13
29 12
17 31
14 30
22 37
35 18
28 34
29 30
23 32
29 29
37 28
12 22
36 36
20 26
30 36
25 31
12 18
27 15
37 16
24 17
23 24
24 14
19 12
18 14
25 37
22 24
26 24
21 33
13 13
12 13
35 20
32 27
27 22
35 16
15 36
31 31
21 18
36 35
23 12
31 29
29 36
37 25
22 38
32 20
16 16
18 13
35 35
17 24
30 32
25 22
17 20
26 32
24 36
21 35
32 33
36 13
31 16
31 20
21 32
34 19
12 14
17 33
32 32
15 38
15 28
36 20
15 17
30 23
33 28
17 38
18 12
14 19
33 15
15 30
33 26
33 23
38 25
13 37
13 35
24 29
38 30
36 12
35 37
28 38
35 13
29 16
37 31
34 20
35 23
25 36
19 26
26 18
35 14
25 33
24 31
21 19
23 33
28 27
33 37
24 16
12 36
33 17
20 34
19 20
25 32
18 33
21 26
35 25
15 23
30 20
36 17
32 21
13 14
12 16
19 36
18 25
21 34
37 20
36 15
36 33
37 21
15 21
33 33
20 17
21 24
27 30
28 15
23 16
28 32
19 32
31 22
33 18
32 16
22 17
24 20
16 17
19 24
34 25
25 21
25 16
26 34
30 34
32 36
18 17
28 24
27 23
31 25
36 28
30 30
22 16
23 22
26 30
27 29
22 36
23 35
13 32
16 14
14 36
14 23
