59 94
37 29
18 35
27 36
41 37
32 29
19 20
31 35
18 27
43 29
23 17
30 21
41 23
44 32
19 38
16 15
28 25
24 34
19 33
28 19
33 15
22 38
34 27
42 32
41 14
36 16
30 34
40 38
28 44
28 26
40 37
34 36
26 34
29 39
34 20
39 32
26 30
33 37
26 31
43 18
29 30
20 32
43 42
42 31
24 33
15 23
42 16
41 20
22 23
35 44
26 41
24 30
14 33
22 27
21 42
22 24
28 41
30 39
36 14
31 25
18 29
32 14
19 44
44 43
25 15
41 17
15 42
23 30
23 33
15 26
39 15
38 33
28 14
17 42
44 24
29 43
31 29
16 43
20 42
43 34
25 28
41 35
39 20
28 28
19 24
20 23
30 33
40 23
35 30
29 15
15 31
31 23
21 24
32 40
14 21
