55 249
27 26
19 17
19 34
26 28
24 35
28 36
25 28
41 30
21 38
29 33
15 28
38 30
41 36
39 22
35 15
41 33
16 16
14 29
41 38
19 41
25 38
33 31
26 26
34 13
33 22
20 19
23 33
15 18
16 32
27 18
36 17
25 15
38 37
39 40
20 16
16 17
31 14
34 15
37 18
20 17
23 13
32 17
24 22
27 22
31 22
15 31
23 37
20 36
32 16
31 38
29 32
31 30
27 35
19 31
21 27
13 39
39 21
24 37
23 39
27 33
16 41
38 31
35 35
40 22
40 17
36 18
30 20
36 15
41 35
30 32
32 38
13 35
13 19
39 27
23 27
30 16
24 20
27 39
36 22
18 13
29 13
27 32
41 13
33 29
36 31
31 15
31 27
24 19
38 16
38 27
25 27
13 36
25 21
21 32
40 35
33 34
17 16
33 38
28 24
27 27
18 33
27 38
38 36
31 20
26 25
19 30
21 34
18 18
21 41
21 25
32 39
17 39
30 30
19 22
38 17
32 34
25 33
20 18
24 29
30 18
25 40
16 39
14 28
20 33
35 22
34 35
30 33
17 28
19 15
37 13
37 26
25 20
31 17
28 18
32 27
34 23
13 33
38 32
19 38
26 22
14 22
19 37
39 30
27 41
25 26
22 28
38 35
19 16
18 25
30 14
28 33
37 36
35 33
16 36
19 23
28 40
28 30
21 31
33 18
21 37
13 34
39 36
40 31
25 23
29 22
41 27
20 24
34 14
33 36
26 19
36 40
15 20
30 31
36 25
27 13
21 19
20 35
34 18
38 21
25 34
28 37
20 20
31 24
37 40
36 27
20 39
20 29
13 22
38 38
17 34
16 24
15 41
29 20
23 22
36 33
23 32
40 33
13 13
41 39
39 37
14 16
15 30
36 35
18 27
34 38
17 19
14 36
25 36
37 39
23 28
20 38
35 38
40 15
27 37
17 14
14 41
37 27
14 31
13 23
15 22
35 29
26 23
36 23
30 22
13 21
24 33
37 32
17 41
34 30
27 36
26 37
30 26
37 15
20 14
31 33
40 18
28 34
20 21
25 17
28 13
35 17
17 40
15 15
36 13
16 20
33 23
18 22
40 14
26 32
