59 186
39 33
40 42
36 29
23 37
15 37
44 21
18 28
36 21
24 14
27 44
26 44
30 24
32 43
22 34
25 41
34 34
39 27
18 22
33 27
27 15
42 28
24 37
35 39
21 28
24 32
24 19
43 30
35 34
32 42
29 29
37 19
25 44
41 15
22 21
20 36
14 20
18 32
44 42
16 29
28 15
42 42
31 33
14 30
16 42
39 20
34 39
16 23
14 25
37 23
38 39
37 44
20 18
15 44
18 31
21 31
33 29
26 21
26 26
30 26
29 26
21 26
18 20
20 16
17 14
42 20
38 36
31 30
33 34
28 24
35 35
42 44
25 19
42 14
21 21
36 40
36 15
40 14
43 44
44 23
22 29
34 22
27 41
19 36
33 28
41 28
19 39
17 32
19 44
31 32
35 44
32 32
22 26
23 40
39 28
34 14
37 21
23 26
17 33
44 35
40 16
21 39
41 19
44 24
28 25
25 24
30 30
18 41
37 35
31 40
14 19
24 25
28 35
21 15
20 23
17 31
26 32
43 38
28 21
27 34
35 15
30 34
44 33
25 25
22 39
15 25
34 37
31 27
23 19
41 42
40 18
38 37
24 42
23 30
36 24
30 33
24 28
40 17
25 17
36 16
29 40
18 17
26 36
15 27
16 21
14 15
41 44
31 21
16 35
43 20
43 28
22 22
28 34
40 41
35 23
19 24
37 41
34 36
33 40
39 15
25 30
35 18
33 33
39 40
34 38
15 31
24 31
33 16
41 39
38 23
25 20
31 28
14 39
30 36
19 26
27 40
35 31
22 27
26 41
31 39
39 22
33 17
30 17
42 17
33 35
16 22
25 22
