39 89
23 10
24 19
15 24
17 26
10 20
20 16
27 18
16 12
25 23
28 16
17 19
22 16
25 15
22 27
17 9
19 13
14 19
15 17
16 23
29 23
25 10
11 17
11 29
18 17
11 26
9 14
9 25
18 21
28 14
29 20
9 17
15 18
18 20
26 23
18 10
24 18
15 29
28 11
24 27
11 20
29 27
21 10
14 10
11 10
9 19
17 10
27 20
28 26
15 23
27 10
14 29
28 25
26 11
17 16
21 20
17 28
10 23
10 25
10 18
25 14
25 18
15 20
21 15
10 12
12 27
26 18
16 18
10 24
11 23
21 21
28 28
10 27
12 24
19 29
13 9
18 15
25 17
22 21
15 19
25 20
16 21
27 26
14 9
23 24
12 12
10 21
17 24
20 28
28 23
