49 152
35 20
28 20
21 32
16 14
21 28
31 22
18 12
35 32
21 18
13 25
32 24
13 33
33 24
13 32
15 31
18 25
19 24
24 31
34 31
23 17
17 19
25 34
21 25
35 13
15 12
36 19
25 12
25 24
34 35
33 23
27 36
17 16
23 18
13 30
17 35
12 15
19 26
18 17
22 36
34 32
36 26
18 30
36 22
27 34
16 15
24 16
29 35
23 26
27 21
19 19
23 25
32 20
22 15
29 20
36 25
17 22
29 14
32 35
29 26
30 21
36 31
14 35
27 19
13 31
33 18
30 24
14 26
12 21
32 18
34 36
31 21
32 22
31 24
29 33
18 27
27 33
19 30
31 25
27 30
18 19
22 33
27 18
26 26
25 26
28 26
36 21
12 32
23 34
27 28
34 13
26 29
33 14
14 31
24 29
24 24
31 17
31 33
29 28
17 25
28 24
35 16
30 28
36 12
30 36
26 21
25 23
33 36
34 15
26 25
20 18
33 31
14 24
36 30
21 15
19 12
30 31
17 29
26 35
33 32
23 31
32 16
30 20
20 30
15 16
23 23
19 34
33 12
19 35
23 19
18 33
25 19
14 36
25 20
23 27
20 27
23 14
35 31
32 33
25 18
35 35
24 34
25 28
21 21
13 13
25 30
30 17
28 21
18 20
20 34
17 14
35 22
17 32
