59 151
39 14
43 40
29 14
33 40
42 35
16 44
24 23
34 15
20 25
38 17
33 43
40 34
38 38
20 26
43 17
25 17
23 18
31 25
21 36
25 29
38 37
38 30
20 31
38 18
40 38
32 33
32 29
36 42
22 38
35 41
44 24
33 28
31 27
21 20
30 29
24 24
29 44
31 23
19 37
19 43
26 25
17 41
38 27
31 33
33 37
16 32
22 20
22 23
14 17
38 39
17 27
34 23
26 19
21 15
16 21
17 29
32 42
24 14
36 35
41 43
34 33
37 26
37 30
20 29
20 18
39 28
37 39
44 16
31 40
43 22
32 44
39 43
41 35
41 37
39 38
21 39
17 38
24 27
18 43
34 44
27 24
16 41
38 15
16 37
17 21
28 21
37 23
30 16
16 22
27 41
29 21
34 26
44 25
21 28
25 14
27 36
32 20
39 40
20 41
18 39
22 15
22 40
38 42
22 29
25 28
15 37
35 23
15 14
30 15
16 17
23 21
42 32
27 34
24 20
33 30
29 22
31 29
25 20
22 41
14 34
39 27
43 19
15 18
16 27
29 37
36 20
43 31
35 14
28 39
15 17
41 44
16 30
16 43
33 23
39 29
26 31
19 31
14 42
28 30
17 22
28 24
29 25
14 28
32 39
33 24
30 38
27 21
30 33
31 22
15 22
34 30
