49 101
19 20
27 36
19 22
28 34
31 14
33 13
13 28
29 17
14 23
14 15
36 16
25 14
35 32
28 33
21 17
17 27
19 34
26 33
27 14
19 35
13 25
30 12
17 12
30 15
19 29
21 18
28 15
22 15
22 36
15 22
18 17
29 35
20 15
24 27
16 35
24 20
31 21
13 17
36 35
29 30
12 17
31 27
36 30
17 20
30 25
22 26
20 21
16 21
26 30
15 12
25 28
28 30
18 25
12 34
28 12
26 23
15 15
25 30
30 27
16 27
24 19
29 24
21 26
36 20
21 34
29 19
34 31
29 33
30 17
31 18
35 24
31 25
29 26
18 16
26 35
33 21
15 31
19 26
22 29
29 14
36 18
33 28
22 16
16 30
34 32
25 29
22 31
29 15
35 29
31 16
17 32
16 25
17 17
22 30
20 12
21 23
26 25
13 32
33 32
18 18
20 20
