47 135
19 19
12 16
31 31
18 11
23 20
30 16
34 20
29 17
16 11
16 17
14 23
33 30
12 32
32 19
26 20
33 21
35 33
34 35
16 19
13 18
23 24
17 23
25 22
19 32
26 22
24 15
33 26
31 17
23 16
16 14
13 27
29 32
31 18
22 25
24 19
33 33
12 13
22 23
16 25
18 23
24 21
28 22
20 32
19 16
24 35
31 19
27 33
19 14
31 13
11 11
29 22
21 12
30 14
16 23
15 23
23 27
30 25
32 15
20 22
17 34
33 15
28 33
22 28
18 18
28 34
29 24
11 33
16 22
32 24
28 31
28 25
11 30
16 30
32 12
31 34
13 32
32 18
24 12
26 24
27 15
12 34
22 33
23 19
23 32
30 19
25 11
20 23
12 18
30 24
12 11
14 19
14 24
12 26
29 20
27 34
21 14
34 34
11 35
34 13
16 34
21 32
32 35
15 22
12 24
27 27
18 25
20 24
35 20
25 33
23 30
34 29
31 24
20 26
13 14
31 28
30 22
17 18
29 13
19 17
21 24
24 34
26 35
18 27
30 21
30 29
22 35
32 23
29 26
34 11
20 17
24 29
13 28
11 21
22 12
19 20
