51 83
27 22
20 21
24 32
25 31
37 12
23 26
34 32
35 30
13 33
18 12
35 34
36 23
21 29
19 21
14 33
21 14
37 27
31 21
16 30
14 37
18 23
33 17
34 38
35 38
31 20
24 24
20 31
27 12
37 20
21 28
31 29
20 30
27 31
13 22
19 13
23 28
24 18
28 22
30 20
22 15
28 19
16 38
18 19
35 16
15 30
29 18
13 27
14 21
25 25
38 20
27 24
16 36
32 32
12 25
14 17
21 15
26 38
29 28
26 33
24 37
35 18
29 25
38 16
35 37
24 16
27 25
18 30
33 37
19 32
17 27
33 33
17 18
31 16
13 37
27 19
37 35
25 18
17 26
31 12
27 29
16 26
12 21
28 28
