45 144
18 32
32 14
21 29
31 20
32 23
18 21
31 21
20 15
22 16
32 30
23 22
26 32
27 20
30 29
13 12
23 28
14 21
17 28
32 24
24 30
13 28
17 24
19 16
33 21
15 30
18 16
27 31
14 15
18 24
11 19
32 15
33 28
16 19
30 20
27 30
33 26
13 20
25 25
23 27
11 31
24 16
30 33
23 15
32 13
11 12
24 28
26 31
26 17
29 13
21 33
22 19
11 33
23 21
33 16
23 23
15 21
14 19
22 22
31 29
17 14
31 17
21 21
28 15
26 20
25 18
22 11
21 20
20 17
14 23
16 18
27 11
19 29
25 32
25 12
30 22
28 30
17 32
24 13
23 30
20 28
14 28
24 15
24 27
12 12
21 25
19 18
31 12
16 21
28 17
12 19
13 22
23 29
16 28
31 19
31 27
18 33
25 22
19 30
11 16
25 19
15 24
31 16
32 32
15 32
15 22
30 21
24 14
15 17
13 15
30 16
33 30
23 13
25 33
25 14
15 19
29 20
25 20
11 11
30 31
33 17
32 18
33 11
21 12
14 18
16 33
20 31
19 21
19 32
11 32
11 28
20 18
14 20
17 29
20 27
21 28
17 13
20 22
21 11
29 19
13 24
12 13
13 25
18 15
15 25
