43 136
21 19
13 30
28 28
24 22
18 17
11 28
29 31
31 32
16 21
17 20
30 14
31 29
25 15
24 28
29 26
15 12
23 13
12 32
11 14
23 20
15 18
11 31
14 18
23 10
22 18
21 23
20 21
15 17
23 23
27 26
13 28
16 30
28 10
24 31
11 32
31 22
28 14
24 20
23 17
12 19
30 30
22 23
27 18
18 18
12 15
20 10
31 19
13 29
22 31
31 18
30 11
32 23
10 20
18 32
32 30
30 31
31 17
32 28
23 32
15 26
28 25
22 19
28 13
22 14
11 19
19 18
29 14
30 28
29 24
27 29
18 14
29 29
10 18
13 13
17 30
32 27
17 13
16 10
28 31
17 32
24 15
19 21
15 20
32 32
27 13
25 30
19 24
10 10
26 10
20 20
19 20
29 25
23 28
21 10
18 23
29 30
10 12
29 21
14 15
25 21
32 24
10 17
27 28
16 20
16 23
31 24
26 18
20 24
14 31
20 16
27 11
32 25
28 11
16 18
16 32
22 22
19 30
14 27
29 19
32 19
25 27
29 15
28 12
10 13
14 10
23 14
32 26
14 22
30 23
16 19
27 27
13 22
26 22
29 22
24 10
10 11
