61 118
27 16
26 40
28 33
30 40
32 45
42 39
26 26
36 33
37 29
25 34
45 39
27 34
15 20
40 42
18 44
32 26
22 28
43 38
19 16
40 45
41 34
26 25
36 22
42 34
35 23
36 31
34 37
33 33
33 20
39 21
17 26
39 15
18 17
30 38
43 25
36 36
16 22
30 31
42 26
42 28
35 36
39 41
45 25
43 21
43 44
36 30
31 28
24 40
28 18
28 16
34 45
19 36
37 19
20 35
15 31
21 35
41 33
23 23
45 16
39 25
43 37
31 39
36 45
29 23
25 26
37 41
17 42
44 34
38 42
30 29
30 19
23 37
35 22
23 28
43 41
24 24
22 45
31 31
18 40
32 44
31 17
35 40
26 44
34 39
26 29
17 45
37 31
40 30
39 39
15 40
21 30
27 22
45 28
43 24
22 42
44 31
18 18
28 17
35 25
42 25
45 30
21 40
20 44
27 17
34 27
42 35
37 20
19 44
31 21
44 41
38 20
23 40
34 28
24 41
42 24
22 36
21 41
45 26
