55 225
36 30
33 34
35 15
38 17
16 30
25 16
21 27
28 24
35 35
14 30
13 35
41 25
29 39
28 15
27 24
29 33
41 30
30 33
29 23
23 41
26 18
16 33
18 17
15 17
16 36
19 38
31 25
17 38
34 20
37 31
31 15
30 24
35 37
25 27
28 20
26 34
22 37
23 23
16 34
36 28
27 13
18 15
20 14
33 15
34 30
39 28
39 38
14 28
16 41
21 37
15 35
13 15
14 21
19 24
23 24
40 39
29 15
29 32
13 41
26 13
32 13
30 16
39 18
40 34
38 23
21 13
30 18
24 34
24 17
33 21
39 29
21 25
40 35
16 23
31 20
25 32
25 22
26 25
16 21
31 37
18 37
21 34
21 31
27 21
34 32
27 36
23 13
40 13
36 33
31 31
33 33
39 13
27 35
32 38
15 27
26 23
28 25
35 23
24 13
40 33
25 17
28 37
24 32
14 29
13 22
37 40
26 35
33 30
35 19
24 31
20 20
21 24
23 38
32 41
17 39
25 28
38 33
24 15
34 13
19 37
18 34
15 36
26 33
25 30
31 14
41 16
22 24
40 21
37 27
35 40
17 36
23 30
36 39
26 17
38 39
30 38
28 14
37 17
23 35
27 25
15 13
34 21
29 14
26 24
17 29
18 18
30 26
20 40
14 34
23 29
41 24
34 17
34 27
21 41
35 39
17 18
27 15
32 31
28 17
20 15
31 18
19 35
36 18
22 21
20 37
24 41
14 13
18 24
31 24
40 19
34 34
27 39
32 37
36 14
41 36
37 26
13 36
19 29
30 27
29 22
39 22
16 26
41 31
35 31
23 15
15 24
17 15
40 40
22 40
27 34
29 20
29 37
41 38
40 27
33 41
31 23
14 39
20 30
24 18
18 19
22 32
30 19
13 21
27 18
19 40
38 19
26 29
14 37
39 16
38 41
34 40
23 19
39 24
23 16
15 38
25 25
29 29
34 38
41 29
15 39
40 32
27 29
16 19
33 39
13 31
