41 111
18 10
15 26
23 30
24 30
29 13
15 29
30 27
12 27
20 16
13 26
25 19
20 22
17 29
22 29
26 22
15 12
13 22
25 18
16 30
14 12
22 10
30 16
16 28
12 26
23 25
22 15
29 29
29 15
14 14
26 13
13 12
11 16
13 21
11 14
15 16
20 21
29 14
13 25
26 14
12 16
29 18
28 22
16 23
12 18
27 26
14 15
22 28
28 19
16 10
28 11
14 24
24 23
21 26
21 12
18 30
27 15
16 26
12 21
12 30
28 10
23 16
22 12
20 23
23 29
26 20
26 29
30 14
24 13
26 10
13 13
22 18
29 27
30 29
20 10
18 15
11 30
20 24
24 21
14 27
23 12
26 24
24 10
24 12
28 29
22 20
11 26
13 14
13 27
24 20
22 23
15 11
15 30
12 12
20 18
14 11
28 17
21 24
18 13
12 15
15 24
15 18
10 19
14 17
17 30
29 26
22 26
12 25
26 27
27 12
22 11
19 24
