41 131
11 20
28 13
12 19
13 18
10 20
10 10
16 22
18 28
27 22
28 28
22 15
12 13
16 28
16 26
17 17
18 15
11 21
30 15
28 29
10 24
19 23
16 17
10 16
20 15
22 19
22 18
30 26
26 28
17 25
20 13
14 22
20 23
29 30
22 11
17 13
19 28
18 14
28 27
13 17
21 30
26 30
24 13
14 18
28 30
19 11
18 13
22 26
14 24
16 15
29 12
11 12
27 12
14 25
20 16
19 25
27 18
17 21
16 25
25 11
12 25
13 25
23 18
30 30
25 27
11 15
21 20
28 19
16 23
23 14
24 24
27 24
24 21
21 25
19 27
14 20
28 21
20 25
22 12
21 11
11 25
16 24
12 23
23 29
26 17
14 21
26 11
24 17
23 26
29 11
23 23
23 10
29 15
29 13
17 28
25 26
19 18
30 22
14 10
25 16
11 10
29 25
20 18
27 28
11 24
29 29
13 20
14 30
11 16
25 21
11 18
24 15
27 10
25 28
23 25
14 26
10 23
19 30
17 14
22 30
25 19
13 15
26 24
18 12
10 21
13 23
23 17
27 25
12 30
30 16
17 23
29 18
