61 130
23 15
42 19
28 26
24 41
32 16
25 27
15 24
23 25
18 34
26 43
42 20
26 16
45 29
42 21
43 43
34 41
15 44
45 16
43 44
23 31
19 43
39 30
41 42
17 21
41 38
30 18
22 23
36 36
42 43
25 19
35 31
18 19
36 27
44 40
39 44
24 37
32 35
35 27
19 25
18 44
27 33
25 29
21 36
17 37
31 23
16 24
21 35
36 42
35 20
37 19
44 17
39 28
29 23
31 18
23 41
15 41
31 39
27 30
17 36
30 31
44 28
19 30
28 18
27 43
27 45
39 19
41 34
36 39
19 22
20 32
15 29
30 44
29 28
35 24
28 21
34 37
38 23
38 33
16 20
39 45
19 40
18 33
25 16
18 40
16 22
34 38
23 21
20 44
29 35
29 21
32 44
30 22
24 18
26 23
32 29
42 31
21 25
27 32
40 17
25 26
34 19
36 44
38 19
40 24
40 19
20 38
30 33
27 26
44 31
25 20
17 16
39 29
37 38
29 20
22 31
43 16
28 20
21 28
23 26
43 23
18 43
17 42
28 25
32 37
16 33
25 30
32 22
33 15
40 32
17 29
