61 214
32 40
36 18
41 15
40 24
39 15
43 44
21 15
39 36
43 38
38 17
37 40
44 26
35 28
31 36
43 39
35 15
34 37
31 35
39 28
28 26
15 27
33 19
41 41
23 26
36 25
20 35
19 27
25 18
18 37
44 24
34 28
34 24
25 19
20 33
33 32
34 25
36 45
18 33
17 33
25 35
20 25
18 34
29 28
18 22
24 18
32 27
25 15
21 35
30 34
28 28
20 24
26 24
19 34
19 33
29 30
25 32
29 26
36 34
39 30
36 24
31 20
36 38
26 41
26 36
30 29
18 25
32 35
28 30
28 19
21 23
29 43
19 24
20 26
40 44
44 19
37 31
27 18
41 25
40 29
23 29
45 18
43 15
16 38
18 28
15 29
36 27
21 31
18 39
42 19
29 16
29 44
19 38
25 28
31 32
32 43
24 16
36 33
41 26
21 28
29 19
25 39
21 17
44 33
40 33
23 22
28 36
35 27
26 35
29 45
33 31
16 37
16 15
39 32
27 33
41 31
33 23
39 25
22 40
15 44
25 17
33 26
19 30
21 18
21 32
37 19
31 18
45 23
38 31
29 38
17 36
22 36
22 24
18 16
23 43
17 45
35 26
42 16
27 28
22 29
17 28
41 38
22 32
32 32
33 16
36 36
39 26
40 38
29 41
33 25
28 35
15 22
23 25
19 22
25 22
30 43
44 27
36 23
39 20
44 40
45 38
22 16
34 17
38 35
28 34
34 40
39 17
22 25
29 15
40 43
26 32
36 44
28 22
22 21
26 30
32 22
27 35
43 35
27 24
41 44
33 24
35 21
37 24
34 34
41 21
45 27
31 22
37 26
19 26
42 42
26 27
25 42
43 40
29 31
37 28
35 35
25 25
43 19
20 42
15 33
44 17
29 39
37 36
35 40
33 42
30 40
41 18
17 26
28 15
24 26
23 45
41 23
29 37
38 20
42 43
