51 144
26 27
24 32
13 28
19 15
27 15
38 19
29 34
16 13
25 16
23 15
18 32
18 16
21 23
20 35
27 37
36 20
34 27
23 24
17 34
37 33
35 30
20 24
34 17
35 24
19 27
12 31
18 28
38 38
28 16
15 15
37 37
25 38
17 13
28 38
38 12
36 19
35 14
33 29
37 26
30 31
19 16
35 34
21 16
32 34
38 32
32 17
22 26
29 16
16 36
28 19
29 17
15 21
20 37
30 22
23 30
27 28
29 28
19 31
30 32
17 37
36 27
33 24
36 30
16 22
17 28
15 20
31 30
31 37
35 25
33 20
35 32
22 27
38 20
22 18
20 18
38 17
19 38
38 25
33 22
20 38
38 30
27 21
21 35
34 13
23 22
36 18
36 13
38 23
24 33
24 19
23 32
34 26
26 34
33 14
33 33
12 33
37 24
32 19
23 27
31 23
37 32
23 13
37 17
37 28
26 24
27 30
34 18
15 23
25 25
36 16
12 15
22 16
30 38
28 12
15 14
17 22
32 20
22 19
31 21
14 28
26 15
21 30
28 28
17 23
33 25
22 14
14 36
32 23
28 32
25 30
26 30
14 32
34 37
32 28
35 21
18 35
18 24
38 33
15 19
32 14
23 21
24 18
34 30
38 36
