47 143
26 22
24 33
11 26
19 25
11 27
17 18
35 23
14 15
25 16
25 27
27 24
25 12
14 11
31 30
23 29
33 18
17 23
18 26
16 30
29 33
17 11
34 18
35 15
29 15
19 15
21 31
22 23
31 14
19 27
27 29
35 21
23 34
17 25
24 14
21 34
14 14
13 35
33 17
27 18
33 26
22 19
34 25
15 26
30 25
23 17
13 13
29 34
26 25
30 27
35 14
13 18
21 19
25 14
11 14
18 19
19 17
21 23
35 13
32 34
22 13
33 34
11 24
34 29
22 34
24 21
35 32
13 22
14 32
35 26
33 29
24 23
18 15
30 29
34 26
18 31
18 34
31 35
29 12
21 25
32 11
22 16
30 20
27 21
25 13
35 12
32 33
21 15
15 29
34 32
19 30
19 13
27 28
17 13
20 29
12 35
25 29
14 28
33 14
29 24
18 24
16 24
30 12
25 24
18 35
23 16
23 24
35 18
21 29
31 24
15 23
11 16
16 27
29 25
18 12
11 11
33 33
13 32
17 17
16 13
16 19
24 13
30 34
25 34
11 23
27 30
25 31
15 21
29 19
12 29
19 33
27 31
33 35
28 17
31 15
14 18
21 33
30 15
29 21
26 34
15 31
34 33
19 21
14 20
