45 128
24 18
21 12
29 21
17 27
19 14
24 25
25 14
28 14
31 31
26 33
15 18
24 32
25 18
23 30
25 23
33 18
13 22
27 33
31 18
18 20
31 22
19 19
19 16
17 19
28 18
14 22
31 14
32 26
15 11
33 25
31 27
31 26
16 18
27 19
31 16
14 25
32 33
28 11
22 29
11 28
25 28
25 22
28 20
16 31
23 28
21 31
25 29
33 32
14 13
11 32
20 33
30 22
15 32
14 21
29 29
25 11
25 19
16 33
20 17
18 32
26 23
15 14
20 26
19 12
28 32
29 31
14 14
13 11
27 29
13 26
31 32
14 32
24 29
12 31
30 30
17 13
15 29
23 20
14 26
22 12
16 21
18 28
21 15
20 20
26 13
12 15
22 21
20 19
15 13
21 24
11 11
17 31
20 15
17 22
21 14
21 28
29 27
22 16
19 30
16 17
32 14
29 14
16 14
31 17
15 27
24 24
22 13
13 29
33 26
17 30
12 12
11 25
32 15
30 24
18 17
17 29
27 18
30 33
23 12
23 22
30 11
29 19
11 14
31 11
11 33
30 16
28 24
29 24
