51 89
30 29
32 28
12 13
27 35
32 22
22 12
16 17
20 34
18 16
34 20
37 34
33 13
21 16
32 25
24 34
24 32
26 30
35 17
12 36
32 18
30 25
27 13
18 29
13 15
13 36
14 21
30 15
32 38
22 27
13 31
34 35
37 25
17 17
30 13
18 19
35 35
21 24
13 20
27 12
15 34
17 19
29 27
18 15
26 37
34 32
12 17
23 27
30 12
23 33
35 20
35 29
14 24
31 20
19 22
23 19
19 16
18 13
12 22
25 21
34 36
31 36
38 23
18 32
21 25
27 20
34 37
15 15
31 27
15 19
22 29
12 38
13 30
38 35
23 16
27 29
27 31
28 31
22 36
28 18
16 23
24 22
18 23
23 24
32 33
17 28
33 26
33 22
30 34
18 27
