51 211
37 28
16 38
17 16
15 32
15 17
20 35
26 38
30 23
38 24
20 32
12 20
37 18
25 16
12 28
18 16
28 13
31 32
38 34
16 34
18 38
16 22
25 23
13 21
25 31
12 15
13 34
20 17
35 33
38 17
19 23
26 16
26 19
14 32
34 19
15 27
21 18
33 38
17 19
13 29
33 20
12 18
19 32
27 34
29 31
23 16
20 20
33 29
37 16
35 13
27 35
15 33
31 25
23 17
21 20
36 13
19 21
28 30
20 22
14 35
33 22
27 29
21 27
31 31
25 26
28 23
12 12
12 21
24 25
25 22
32 21
23 38
33 18
38 18
27 16
32 38
26 37
21 17
30 25
19 13
37 21
12 33
29 20
17 13
33 25
29 27
21 38
13 27
13 20
19 22
29 25
35 27
15 12
22 14
36 21
24 23
20 30
38 38
36 20
27 21
29 16
23 21
22 16
14 34
30 32
21 30
17 26
28 32
23 20
18 20
27 24
16 25
24 16
16 24
35 17
27 19
30 29
13 35
29 15
18 33
34 13
34 25
24 20
33 13
17 25
13 28
34 15
28 28
19 30
14 13
22 22
24 33
30 38
35 30
25 18
36 22
23 22
15 24
31 26
35 25
12 19
35 38
27 37
24 13
32 25
36 30
18 28
26 33
35 32
35 21
31 35
23 29
17 18
20 34
37 14
22 31
18 32
33 32
33 12
31 23
16 36
21 22
24 38
37 25
28 24
30 17
38 30
26 32
29 26
36 17
21 31
24 14
16 31
35 14
22 32
27 32
37 33
26 15
37 29
26 22
20 15
23 18
26 13
22 21
38 19
38 27
20 28
29 13
27 13
18 34
17 21
32 24
34 20
18 22
22 23
21 12
35 26
37 31
37 27
14 27
24 19
19 26
25 37
14 21
12 22
28 37
19 17
20 13
33 34
16 19
31 33
15 36
