59 157
23 34
33 23
17 18
25 22
38 36
33 28
29 43
40 31
28 39
36 31
25 18
17 34
20 30
37 34
23 14
16 42
16 23
33 15
24 35
28 25
18 26
37 32
37 21
29 17
43 44
34 35
38 25
28 21
27 29
27 42
15 40
31 26
18 44
32 34
16 19
16 28
14 31
22 25
30 44
43 30
15 34
34 34
43 23
29 18
14 32
26 37
38 26
21 36
22 44
42 32
19 35
25 31
38 38
40 14
29 41
27 20
22 30
28 16
22 21
22 27
40 41
39 19
15 16
29 26
18 37
41 32
27 26
42 38
30 15
23 31
20 22
39 29
35 22
37 22
15 44
33 36
37 18
39 22
37 40
26 23
21 30
15 32
25 26
26 27
40 37
22 31
30 41
28 23
17 32
40 25
23 44
34 37
34 27
27 32
37 31
18 33
23 25
40 33
17 28
40 28
22 26
42 29
29 20
17 44
24 16
19 20
31 42
39 40
30 36
28 34
30 23
38 16
31 33
17 25
16 26
37 35
27 22
21 29
34 19
25 28
38 18
27 24
39 17
15 42
21 26
19 33
36 28
39 20
29 30
33 44
25 27
24 22
44 39
16 32
37 30
22 28
22 15
42 43
17 31
33 24
35 15
41 27
27 16
28 17
44 25
30 32
41 20
41 29
39 28
22 19
16 40
44 20
35 42
14 43
30 34
38 31
18 43
