53 155
27 33
17 22
35 39
30 35
19 24
21 21
15 25
39 28
29 39
26 13
17 24
38 22
25 19
37 19
39 24
19 28
24 15
26 14
37 32
35 14
18 26
34 31
38 33
31 26
36 19
35 19
30 18
13 16
32 25
24 27
32 34
29 31
35 22
32 37
24 13
19 32
15 30
27 39
31 28
29 35
16 13
16 33
37 39
21 39
30 30
25 39
25 31
34 15
38 24
22 17
34 36
29 25
32 39
34 26
24 17
22 38
26 34
23 17
28 23
26 20
24 36
35 21
17 38
33 31
18 28
35 29
19 38
25 29
22 25
20 27
24 25
27 29
18 21
34 19
33 18
17 14
38 19
33 20
20 28
39 26
13 27
26 21
32 15
22 32
23 32
19 21
22 36
19 13
15 28
16 23
17 39
34 37
29 33
15 24
17 13
28 22
39 25
14 29
38 39
15 22
33 29
23 33
23 20
19 31
15 20
32 32
18 13
14 24
28 28
15 27
14 30
13 13
38 15
22 33
18 15
22 16
25 23
14 15
29 20
27 18
22 31
26 26
25 20
35 34
31 38
27 20
27 24
33 25
26 31
33 30
35 17
23 39
25 33
16 32
39 17
38 27
15 31
26 22
37 13
31 34
39 15
14 18
35 35
35 23
29 23
27 31
32 22
37 35
13 33
16 21
39 29
28 17
37 30
26 15
26 35
