43 151
13 19
11 20
11 27
10 10
29 10
21 21
25 10
29 20
22 11
28 31
19 20
24 11
11 23
30 32
26 17
12 18
26 27
26 14
12 32
28 18
29 12
14 24
20 16
21 17
19 32
22 16
29 26
11 17
21 10
18 21
12 30
22 31
18 24
13 10
32 12
20 17
18 11
31 24
21 19
10 21
20 29
31 10
10 15
27 24
28 27
26 24
13 31
27 12
20 32
11 26
23 26
31 14
19 23
32 14
18 10
16 14
16 13
27 23
24 22
10 30
12 31
13 18
29 23
27 18
21 18
14 31
13 16
24 18
32 17
16 31
20 13
12 11
26 10
25 22
25 26
17 28
28 22
29 31
29 22
18 13
30 23
15 15
30 10
14 12
11 19
17 27
10 13
25 25
27 11
10 22
16 18
19 30
15 18
22 15
13 30
10 27
11 32
24 14
13 26
16 15
20 14
26 11
11 28
15 31
31 21
22 19
23 30
31 23
26 30
20 31
32 24
17 26
20 26
29 15
31 11
24 13
31 22
14 28
19 14
32 15
30 21
28 25
28 23
15 23
28 10
22 18
16 32
27 15
32 30
13 27
12 26
15 24
31 15
25 18
13 12
16 12
17 18
29 14
31 12
20 20
18 32
13 22
23 18
21 28
32 27
28 14
23 29
23 12
12 14
31 18
12 20
