41 118
16 18
17 19
13 30
10 13
22 19
14 26
18 13
21 25
14 24
21 18
11 27
28 16
12 20
23 26
10 12
11 21
16 25
30 14
10 14
17 17
13 27
22 25
26 28
15 23
15 19
26 16
22 14
20 20
23 16
29 14
23 21
29 13
19 28
27 12
24 22
20 23
17 20
30 10
13 18
17 22
11 17
30 13
22 15
11 19
17 11
10 27
18 29
18 10
16 24
15 26
27 23
29 17
15 16
18 19
17 25
10 26
20 12
12 21
15 29
11 24
29 12
17 13
30 11
23 28
14 10
19 27
21 20
25 13
20 15
20 30
30 20
11 25
26 23
15 22
30 26
29 16
10 21
16 15
24 19
24 28
26 25
17 28
19 11
20 11
29 24
18 28
21 30
17 27
29 10
15 28
15 21
29 19
22 30
16 13
17 14
15 20
11 10
19 30
22 20
30 17
12 15
12 12
21 16
23 20
25 29
28 29
11 14
25 20
23 30
16 17
11 13
10 19
18 18
19 17
26 22
12 14
28 15
24 17
