51 152
13 29
26 13
25 13
28 27
22 23
30 31
17 34
30 17
13 14
35 30
30 30
13 27
21 19
29 25
19 23
25 25
19 20
35 31
23 19
37 16
12 19
32 23
19 38
28 33
21 23
24 37
17 25
30 22
33 33
17 23
38 12
20 28
15 20
25 22
17 24
17 33
27 13
21 15
22 34
33 31
19 26
26 37
33 19
38 25
33 30
34 14
29 26
35 27
14 20
27 27
29 38
21 13
25 37
21 36
12 15
30 20
35 37
14 26
26 27
30 32
15 17
32 14
23 31
19 14
17 20
16 36
28 28
33 37
30 26
15 19
25 20
31 35
31 36
27 24
38 30
36 29
17 17
23 34
35 36
28 26
16 29
28 18
28 16
12 36
31 34
21 25
25 27
21 37
26 26
36 31
22 20
32 17
30 19
19 18
28 32
14 15
26 30
26 31
38 18
26 22
24 29
23 15
28 19
18 24
14 19
18 34
34 22
16 14
17 38
36 37
33 38
25 35
19 22
31 13
34 19
36 18
28 20
21 16
16 27
37 23
17 22
25 15
32 35
21 22
34 37
36 33
13 28
17 12
32 18
29 18
34 23
14 14
30 38
30 23
19 12
33 27
19 17
14 23
16 13
26 20
27 33
18 32
23 21
32 37
24 28
16 31
24 19
29 16
37 27
27 30
13 33
22 17
