59 103
36 22
30 17
40 20
35 27
28 14
18 38
25 22
41 33
16 38
42 23
33 22
16 16
32 38
43 16
34 40
26 16
39 31
43 22
20 36
33 25
22 38
39 20
30 38
26 29
23 41
37 41
30 29
44 37
44 22
28 38
36 25
34 35
15 33
35 37
21 33
40 29
17 25
37 38
36 38
28 42
14 16
14 34
22 26
18 31
39 21
17 37
41 39
38 28
36 23
43 34
30 25
42 33
20 19
42 34
35 31
14 41
18 21
34 21
17 23
43 44
25 18
16 42
39 27
41 31
22 21
43 26
41 42
28 28
21 41
40 41
18 20
20 14
30 44
33 42
21 21
14 38
29 32
21 29
26 42
20 31
43 31
29 30
32 34
23 15
40 17
43 35
17 24
44 36
38 14
41 37
31 35
42 28
41 22
21 44
26 17
19 26
41 23
21 20
21 34
17 29
19 25
23 44
37 16
