59 137
23 44
18 37
15 19
20 26
35 25
27 28
21 42
39 21
27 21
34 41
32 23
38 24
41 20
15 16
19 28
40 14
23 24
25 14
30 34
24 42
17 14
15 38
16 14
25 29
32 26
20 30
43 33
27 20
28 36
31 22
19 44
40 16
23 28
18 39
14 36
26 20
23 34
16 42
15 24
33 32
26 43
26 15
24 34
33 22
24 17
43 20
39 42
37 30
41 25
27 36
15 18
40 34
20 42
41 35
22 14
23 29
14 37
36 20
29 40
27 38
24 23
17 35
44 33
35 43
32 40
30 31
21 32
32 14
28 42
24 31
14 27
30 19
15 32
20 44
26 30
16 35
38 33
24 18
21 27
38 35
30 20
39 20
40 29
28 19
19 36
34 39
41 21
19 17
16 24
40 23
16 28
17 19
27 27
29 41
27 37
41 17
31 38
23 36
21 41
39 26
25 26
37 40
39 17
16 41
27 40
27 42
40 26
30 43
21 35
23 23
42 37
23 26
42 41
41 41
25 17
36 19
35 27
26 18
38 32
36 29
30 17
15 34
23 43
39 30
19 16
31 32
19 14
22 20
40 39
21 28
31 14
42 38
36 28
18 16
30 30
32 41
35 18
