41 102
10 14
27 17
30 27
16 20
22 24
20 11
13 29
17 18
30 23
13 19
14 26
24 26
24 20
23 15
17 25
25 13
12 18
17 21
15 26
20 26
21 25
16 15
11 13
16 30
11 15
18 27
26 17
26 26
15 14
21 28
15 25
15 18
19 25
12 23
21 26
12 13
15 29
11 11
22 22
10 19
19 14
10 22
21 30
13 13
23 29
17 12
30 21
19 27
18 25
26 27
19 15
29 11
16 19
13 18
15 10
30 22
23 11
16 27
29 23
29 16
20 13
17 26
26 23
12 26
29 28
10 24
20 19
27 14
24 16
22 25
21 24
12 15
27 24
19 16
28 29
10 10
14 19
28 24
27 19
19 20
26 15
23 19
22 13
18 20
15 20
20 27
25 18
18 11
12 11
22 19
13 22
19 24
13 26
18 16
14 30
20 10
13 28
10 11
17 30
15 30
18 12
15 23
