43 144
10 31
31 10
22 28
25 26
13 32
20 12
32 18
21 16
21 14
32 13
28 31
23 18
12 29
10 16
25 18
18 19
23 32
12 18
20 14
23 31
10 24
29 25
23 20
28 16
16 17
29 15
10 20
27 20
29 26
10 30
27 18
12 10
25 10
20 13
17 24
28 26
31 19
24 22
28 15
19 14
12 12
20 10
32 19
31 22
23 26
17 25
20 30
24 14
32 26
14 28
23 28
13 31
32 15
31 30
27 17
26 10
24 26
16 19
22 25
25 20
16 25
25 21
15 29
18 31
27 10
20 25
23 17
26 28
21 13
10 14
18 30
17 21
16 10
21 15
20 31
18 32
15 15
32 17
30 30
28 24
20 16
28 32
10 18
30 23
13 15
27 27
13 16
14 23
18 20
10 28
14 21
15 17
24 25
30 12
25 24
21 24
15 13
27 28
31 24
17 16
16 16
19 31
25 11
24 31
10 26
21 32
22 17
25 13
14 27
14 30
11 19
31 21
28 11
17 14
26 12
28 19
14 26
26 27
15 27
12 28
27 14
18 17
26 16
22 16
18 11
15 25
25 14
26 17
30 19
16 18
19 13
14 32
30 26
11 31
11 32
11 30
23 23
10 11
11 17
16 20
30 17
19 23
14 18
21 26
