55 221
31 25
27 14
24 36
19 38
17 17
34 13
17 22
28 20
23 32
36 17
38 17
20 32
29 37
28 36
29 32
41 15
31 21
25 35
35 22
27 35
20 27
35 31
18 16
31 33
38 19
25 17
37 41
41 22
18 35
19 39
36 39
37 15
36 23
39 38
41 26
16 31
35 38
29 14
27 24
16 24
14 39
22 15
16 21
30 29
35 33
27 26
18 21
22 35
14 17
33 26
34 27
30 36
39 14
21 28
23 17
27 38
34 18
15 14
26 23
37 40
27 13
23 40
15 27
35 23
20 23
35 28
16 29
29 21
22 25
17 16
25 32
38 37
34 36
22 24
24 33
31 41
20 40
13 28
35 15
29 34
33 37
36 15
26 39
27 40
20 36
40 23
13 26
27 17
22 17
26 29
40 31
25 24
30 34
35 21
13 13
39 29
13 39
38 21
19 19
17 34
14 20
22 14
34 35
37 22
26 33
17 27
41 41
17 37
15 33
37 14
23 26
22 21
29 23
20 18
13 35
39 34
16 30
37 30
19 18
28 40
32 33
37 36
34 33
39 16
31 40
25 19
26 20
27 30
37 26
41 16
38 24
15 38
15 35
14 36
18 14
16 41
31 13
41 24
13 38
13 22
30 16
41 27
23 41
33 16
20 33
13 18
23 35
22 37
29 24
23 16
15 18
33 21
27 22
13 30
38 18
18 17
36 34
25 40
21 30
25 23
14 27
29 13
39 13
26 41
25 26
25 39
37 39
15 22
34 39
34 14
18 22
36 40
29 26
21 33
38 20
33 40
13 40
28 17
14 32
13 32
33 24
16 23
23 14
30 25
41 30
38 36
35 30
22 30
21 32
40 27
32 14
40 37
29 36
39 23
37 31
33 32
41 19
14 18
22 16
17 24
31 20
32 28
28 33
26 26
24 40
22 31
25 20
13 27
23 15
15 37
32 36
19 14
29 20
21 15
18 18
16 39
30 33
24 27
38 40
21 13
33 35
