45 114
16 18
30 23
32 12
22 18
32 22
32 24
30 13
23 32
19 27
14 19
22 23
29 13
15 28
24 23
24 25
27 22
26 15
28 25
15 20
23 27
26 12
20 29
13 11
29 27
16 30
13 16
16 14
29 19
25 11
17 15
19 20
11 26
13 25
19 22
28 19
12 32
32 27
18 14
30 14
15 30
32 33
23 31
20 27
24 32
13 18
21 24
25 30
13 26
16 15
24 28
30 20
33 14
23 13
30 11
19 29
13 30
30 16
12 33
29 30
11 24
22 28
23 12
32 28
26 31
28 13
16 32
23 25
16 13
23 20
25 19
24 15
31 33
31 31
20 30
31 11
16 21
11 16
13 29
19 30
30 12
18 12
31 18
31 24
31 17
18 24
16 31
26 16
15 26
31 26
31 25
16 22
24 24
23 18
23 22
20 26
32 32
14 24
22 12
32 20
22 31
19 23
18 31
29 12
22 29
16 27
21 21
20 21
26 22
27 31
11 21
11 28
27 27
22 27
22 11
