45 160
21 26
21 18
31 19
32 12
27 24
28 13
14 27
33 13
20 17
23 15
15 31
18 11
12 13
21 21
20 13
17 16
32 25
23 32
15 15
16 29
15 21
25 23
26 16
31 24
26 13
27 22
18 29
15 27
33 17
11 30
15 32
28 23
31 20
12 22
33 25
12 12
11 27
20 18
33 11
22 20
15 23
20 19
29 29
16 12
26 32
13 17
31 32
15 13
24 23
32 33
12 15
23 26
24 14
11 25
14 18
26 31
22 28
23 18
22 27
20 29
14 24
30 22
19 26
22 17
16 18
11 21
24 26
24 21
25 33
16 15
16 16
16 32
30 20
11 32
12 16
21 23
16 11
16 13
29 20
27 30
18 17
12 28
28 31
20 31
14 33
21 28
15 20
31 30
15 18
15 29
21 12
14 26
33 32
26 27
31 23
16 14
32 31
17 17
14 23
18 31
11 16
29 22
21 32
33 12
11 12
18 26
30 32
22 29
32 19
16 23
20 24
32 21
26 12
23 16
31 22
11 29
25 28
29 26
32 23
19 16
31 13
18 20
17 21
28 25
16 22
30 23
23 28
12 27
33 28
30 13
25 13
33 23
25 31
24 19
18 32
14 15
27 27
21 25
25 27
23 23
13 33
26 30
26 28
21 13
23 33
26 15
25 11
12 21
26 19
16 25
20 11
30 15
28 22
14 31
12 33
23 24
27 32
24 33
20 15
21 27
