51 132
15 14
28 12
16 18
35 15
32 33
34 21
31 12
20 28
35 27
14 19
35 22
21 34
38 38
21 31
26 23
29 19
20 29
28 24
36 14
33 26
24 15
22 29
13 35
20 17
20 26
26 27
15 22
31 36
21 30
24 32
21 19
16 34
19 38
34 33
30 21
17 35
30 20
19 34
29 32
34 29
35 23
34 31
26 24
24 27
31 31
35 16
28 19
27 36
36 36
36 33
16 21
32 38
28 27
23 19
19 22
23 32
34 38
37 14
23 38
37 19
15 12
31 13
15 32
29 37
12 14
36 20
16 23
38 23
27 21
29 30
29 35
24 29
13 17
28 13
17 37
35 12
29 13
20 35
14 35
27 15
30 27
37 35
18 15
38 28
13 22
19 24
17 24
12 15
13 38
14 30
23 26
20 19
17 13
15 17
30 18
38 36
35 30
22 33
33 38
27 23
20 36
17 26
34 37
16 36
17 21
15 28
21 20
17 38
28 21
12 21
21 17
14 36
37 25
24 18
18 14
34 18
20 31
14 26
20 13
22 38
24 35
32 19
28 15
20 37
37 17
35 21
28 32
35 35
12 24
17 22
12 18
36 30
