45 100
23 21
14 19
15 15
18 25
24 15
11 12
32 11
33 17
24 21
31 26
31 28
29 21
25 22
27 18
29 13
24 23
14 25
24 26
13 18
21 15
15 12
20 17
30 26
22 30
33 29
21 29
21 17
16 27
23 17
18 16
22 32
15 19
22 28
28 21
27 29
22 18
11 16
31 14
13 27
30 14
31 27
33 31
27 25
13 24
30 19
28 16
20 29
17 14
26 25
26 27
21 12
13 21
28 27
22 11
30 23
27 17
18 28
21 13
30 24
18 12
13 16
11 11
19 27
30 31
14 15
20 12
26 11
28 17
17 31
25 27
19 32
19 15
14 20
31 22
16 22
28 13
33 26
20 19
26 28
33 30
31 18
27 32
13 26
28 23
18 32
20 31
26 16
25 28
15 29
19 17
17 13
26 31
22 12
15 31
25 17
11 21
16 20
12 13
33 14
33 22
