51 149
25 19
24 27
13 36
26 36
32 31
23 32
25 29
19 21
16 28
36 37
17 19
17 38
32 16
16 23
16 35
36 17
15 14
30 24
28 13
19 26
36 26
17 34
35 34
23 31
34 15
13 13
13 35
16 18
23 19
18 34
15 31
30 37
24 35
29 23
37 33
36 33
13 14
38 30
33 18
18 24
34 14
16 33
16 31
30 26
38 24
36 23
23 38
37 31
14 28
28 38
34 36
28 15
22 14
26 29
20 23
29 15
19 25
38 25
12 38
20 24
24 14
30 31
38 36
38 19
25 31
38 21
26 19
29 21
20 31
27 30
28 25
36 12
15 16
17 37
26 28
25 37
36 32
31 32
19 38
24 37
13 24
30 35
17 16
17 12
19 22
28 28
32 27
12 13
36 19
19 19
31 15
28 30
21 13
24 32
27 36
35 27
15 24
16 26
20 21
30 15
21 15
24 13
17 31
24 26
32 26
14 20
20 14
30 21
27 21
30 16
19 36
34 18
12 14
37 17
28 17
20 30
35 38
22 28
25 12
28 23
31 25
19 31
33 25
37 15
31 35
36 16
32 19
24 31
18 21
33 20
33 29
27 13
12 17
37 30
34 25
29 16
26 30
19 34
25 20
35 30
12 31
23 22
33 13
29 31
22 21
30 32
28 12
35 32
25 16
