55 205
25 30
27 37
25 36
39 27
15 35
27 27
33 29
39 21
24 13
16 30
36 38
39 36
20 23
25 25
16 18
21 20
33 20
21 15
32 38
15 25
41 26
41 20
27 38
25 19
15 18
18 41
26 40
30 13
17 38
15 34
35 13
26 35
19 40
37 32
23 34
37 37
20 28
33 26
27 36
36 40
41 19
28 20
20 14
13 17
21 21
26 33
26 25
30 23
17 18
31 21
31 16
39 22
27 21
18 33
21 37
36 27
34 25
22 21
38 38
25 41
16 34
28 19
18 16
34 24
32 24
34 33
30 18
28 33
38 22
38 28
40 18
26 30
38 34
23 22
41 29
37 26
30 28
33 33
21 22
15 20
39 20
28 31
20 13
17 35
41 38
21 18
38 20
18 29
20 33
38 18
13 33
39 16
22 35
21 13
37 35
29 38
32 16
33 27
27 33
23 24
30 31
24 37
18 31
33 39
23 21
14 40
20 36
29 33
38 25
25 26
40 24
36 15
26 22
26 32
21 32
20 21
21 17
33 15
37 13
14 16
16 41
21 26
17 36
41 30
33 24
32 27
17 29
23 29
15 21
33 13
28 37
41 33
31 27
24 27
28 17
20 39
17 21
27 13
35 26
22 31
20 19
39 34
41 37
34 31
38 17
18 34
40 22
28 23
21 39
40 32
19 36
36 20
15 39
37 15
31 18
14 28
33 18
26 20
32 17
24 21
41 16
38 31
13 32
41 24
35 31
19 16
40 36
36 36
29 20
40 27
29 35
41 39
35 21
25 40
29 27
27 39
19 20
26 28
16 25
16 24
22 33
30 25
28 16
36 32
20 35
34 18
22 38
16 14
21 16
16 16
38 13
26 38
18 39
41 40
23 27
41 41
36 30
36 14
15 13
16 39
22 39
13 19
18 15
40 35
34 14
