51 199
29 37
15 30
18 22
28 34
16 37
30 14
29 38
33 36
12 15
25 33
13 20
26 35
35 19
38 32
32 37
21 15
31 38
34 38
34 27
20 24
14 33
27 36
31 32
31 22
22 12
21 19
14 15
29 33
20 17
28 36
25 20
28 19
17 35
35 25
33 28
32 31
25 17
27 19
31 36
22 34
18 25
37 16
20 34
21 24
28 32
25 15
37 38
16 18
18 17
38 12
19 17
33 25
15 25
37 18
27 34
30 16
29 36
19 38
15 27
16 20
37 30
17 17
22 21
26 36
14 19
13 29
37 34
38 29
29 27
15 34
12 28
13 30
34 34
19 14
38 15
24 26
18 29
14 31
34 26
26 22
15 18
36 13
12 20
20 28
28 16
25 38
35 17
23 36
18 20
21 27
18 14
36 27
12 30
32 28
30 29
23 12
17 20
27 32
31 13
20 38
27 30
37 35
20 13
21 14
35 37
35 34
28 13
25 37
31 30
33 33
21 32
24 35
17 24
33 15
25 12
35 13
30 32
16 27
32 38
12 13
24 28
38 19
22 18
38 27
30 28
31 33
20 30
37 14
15 38
23 23
29 14
33 30
15 16
29 17
13 25
15 20
34 15
12 16
25 16
34 22
30 15
16 19
38 36
17 25
28 12
20 19
37 36
21 38
16 24
36 33
31 19
37 19
13 35
32 23
26 23
25 25
26 30
36 25
28 17
35 14
13 28
20 14
38 34
23 20
18 23
29 35
26 27
38 23
33 31
27 27
18 32
27 13
38 17
38 25
23 35
24 15
14 12
34 30
25 21
16 33
22 27
16 16
15 24
18 18
26 12
33 32
33 37
34 35
27 12
15 31
17 12
36 29
18 35
34 36
31 21
15 37
23 37
37 21
35 35
