53 121
16 25
36 14
36 39
26 36
36 27
17 38
14 19
24 23
13 20
18 25
17 14
18 32
17 19
19 29
17 24
34 18
13 34
14 36
22 16
33 14
28 15
35 13
38 14
30 22
27 13
36 24
26 39
19 37
31 29
27 21
33 15
32 27
31 20
17 36
33 37
24 28
16 15
24 39
30 37
27 29
26 26
34 17
32 18
27 19
17 39
33 23
37 13
39 35
33 30
16 35
38 23
29 32
35 27
22 30
13 15
35 30
36 31
35 25
14 31
33 21
39 39
30 19
34 34
29 29
23 32
22 29
14 29
25 19
34 20
27 35
19 14
29 16
19 16
14 32
26 32
24 34
38 38
30 38
15 35
23 22
30 28
24 32
30 29
17 37
18 18
35 37
14 26
31 21
34 39
19 19
30 13
39 32
37 23
19 36
38 15
17 25
27 16
32 35
38 36
15 18
14 28
33 18
37 34
35 26
39 37
23 34
17 13
25 33
31 39
24 37
13 27
15 13
33 31
32 28
14 18
37 16
15 38
15 26
36 38
39 22
32 34
