55 135
33 30
28 16
22 13
39 27
25 36
32 27
36 21
36 22
24 19
30 19
15 25
21 19
35 14
39 25
21 17
25 14
19 30
20 37
16 41
24 31
39 32
25 35
22 36
41 20
26 27
22 16
18 24
30 17
25 26
26 19
40 20
27 15
37 40
32 39
23 19
24 24
31 28
29 22
15 34
37 14
16 14
13 37
40 18
39 20
34 35
37 29
35 35
24 33
30 41
31 15
22 32
21 18
23 29
23 18
17 35
24 15
24 37
34 29
21 34
20 36
14 13
34 37
15 40
41 13
28 17
13 15
32 22
32 32
26 34
27 14
33 18
28 18
33 28
20 15
27 22
30 37
16 22
25 17
36 18
18 22
14 14
23 35
16 29
29 41
27 41
30 28
35 13
33 34
30 24
17 21
35 36
29 38
15 20
18 40
13 32
14 27
15 13
13 36
25 37
24 28
16 39
28 33
41 41
24 25
39 34
34 27
26 16
28 20
32 36
19 33
18 35
24 29
17 37
40 15
36 20
13 33
38 35
35 18
41 36
16 40
41 31
27 40
15 30
35 29
31 41
37 34
24 13
28 36
19 22
33 14
29 17
39 41
31 27
16 32
30 20
