55 172
22 15
40 13
29 13
39 38
40 14
33 19
21 41
32 24
37 16
32 32
22 22
29 27
17 19
26 19
17 22
36 33
36 40
16 25
37 13
21 26
32 15
24 17
17 26
25 20
15 24
38 22
32 29
39 32
24 37
38 16
23 28
28 22
17 16
13 13
17 32
41 16
36 19
30 20
18 39
38 25
28 17
19 23
19 40
37 32
31 17
25 15
24 26
22 18
17 39
27 33
27 34
33 13
34 39
18 33
23 37
35 13
37 33
31 16
17 14
13 19
33 29
14 31
22 23
30 19
16 24
41 33
31 32
23 38
21 36
18 30
30 23
31 35
41 20
27 17
20 32
13 25
41 40
32 30
41 37
29 18
38 39
20 30
31 25
39 18
25 17
34 32
36 26
35 18
28 16
13 22
40 36
14 23
19 38
33 15
32 16
17 13
40 33
29 19
25 18
25 31
38 31
37 31
32 17
34 15
40 32
19 24
21 16
19 29
18 16
33 37
33 14
40 20
29 36
22 13
20 39
35 25
27 32
23 20
40 41
24 32
34 27
17 24
29 16
35 20
21 20
28 41
29 22
32 19
19 19
38 41
18 28
31 39
29 31
28 36
40 23
39 29
39 33
31 31
28 23
37 34
22 38
34 29
41 34
28 31
29 15
32 37
25 41
33 34
19 14
26 14
41 15
35 15
38 28
31 29
24 20
24 16
24 24
13 27
21 40
14 20
25 21
16 37
38 14
14 38
13 30
20 17
34 33
38 21
34 13
24 29
15 39
29 23
