51 162
27 27
37 36
18 19
24 24
17 13
33 33
14 36
25 24
14 21
29 25
35 22
16 13
30 20
24 31
34 14
31 33
35 16
12 15
30 14
15 38
38 33
23 32
34 26
24 12
33 22
27 26
33 29
36 33
29 17
36 23
37 37
12 22
19 13
37 31
12 28
29 14
35 19
34 28
12 13
27 30
30 24
20 24
31 19
23 18
13 30
25 31
18 34
19 28
12 32
19 25
25 23
12 27
20 12
21 23
15 37
32 15
15 23
37 14
38 24
28 20
31 35
17 19
13 35
13 34
36 30
37 34
22 38
28 24
15 21
12 34
27 20
29 31
19 27
14 26
30 31
34 24
31 32
31 30
28 37
21 20
33 25
18 21
22 31
28 14
18 18
37 19
30 32
36 22
16 23
15 16
38 13
15 28
21 31
23 26
33 14
18 23
20 15
32 26
12 24
23 15
26 33
29 21
20 38
16 31
25 15
34 32
30 37
24 36
33 17
27 13
34 27
34 35
33 24
21 30
18 31
19 18
29 34
21 29
20 23
31 14
37 21
29 13
18 38
13 37
35 24
17 30
26 27
19 26
29 16
22 27
32 37
25 19
18 32
36 34
33 38
38 20
26 28
36 25
38 30
20 32
14 29
31 20
29 28
14 13
37 22
18 33
19 38
35 25
28 29
22 16
37 12
38 17
25 34
21 17
33 37
28 28
21 27
25 30
27 16
12 38
16 36
13 36
