37 112
26 15
27 25
26 19
17 10
18 11
21 17
12 27
14 15
13 11
22 20
14 26
14 11
21 20
20 25
25 15
25 9
19 27
12 16
9 12
11 12
13 20
18 14
18 16
19 10
16 22
19 18
9 16
23 19
11 25
21 13
12 26
15 18
23 14
24 24
24 9
23 18
21 18
16 24
10 24
19 20
19 16
16 17
17 16
12 23
9 26
22 22
11 21
19 26
10 21
10 27
17 21
9 18
19 25
18 21
12 19
16 23
22 16
10 19
15 12
27 16
27 26
22 21
26 10
9 20
17 9
19 14
10 14
21 21
21 12
13 27
12 9
10 16
14 9
24 25
20 10
12 25
11 16
11 24
20 23
11 17
15 15
23 17
27 23
14 25
20 18
18 10
18 18
27 27
27 10
25 21
15 27
12 13
15 14
16 26
22 14
17 22
26 12
14 19
23 16
19 12
23 21
20 14
17 17
23 24
23 12
27 18
27 9
14 13
21 11
12 11
27 13
25 19
