57 150
28 36
28 16
16 30
36 29
38 27
35 33
37 17
33 15
22 38
35 29
27 19
34 34
42 23
22 22
38 41
21 26
18 29
41 36
15 42
22 33
40 26
31 28
25 42
15 24
38 24
17 18
26 34
31 30
31 32
21 35
35 36
31 34
42 41
15 31
38 31
26 35
28 34
37 21
25 40
35 35
22 16
40 34
25 21
33 23
15 22
32 21
39 16
33 24
17 28
29 24
42 39
21 16
17 36
29 41
23 39
18 24
22 15
36 28
40 15
41 19
35 15
16 16
26 24
22 28
39 42
33 18
15 18
14 42
36 32
25 24
19 32
34 36
31 41
32 17
28 38
19 22
21 37
17 39
26 42
20 17
42 14
23 30
28 35
15 34
24 23
32 16
24 37
15 33
33 42
27 22
26 28
27 42
16 42
38 15
38 26
16 28
32 27
17 32
19 19
24 41
21 19
35 16
38 25
24 17
16 18
19 39
34 22
25 27
29 29
18 42
17 19
15 39
25 17
18 17
15 35
18 41
33 35
29 19
21 38
39 19
25 25
24 39
21 20
20 40
40 29
35 31
33 21
22 27
31 42
35 19
25 22
34 32
33 41
16 26
36 23
41 31
42 20
34 18
27 28
28 25
32 30
37 26
19 24
27 32
16 40
19 34
19 38
28 14
24 29
20 28
