45 142
19 29
16 32
32 12
15 14
23 18
31 24
18 26
22 20
11 30
27 23
29 23
21 28
26 23
26 31
28 31
28 16
24 18
29 18
26 11
20 30
18 29
30 28
29 31
17 12
14 11
21 29
26 26
11 22
26 13
12 13
22 25
22 12
13 15
15 29
20 21
12 19
24 30
11 16
16 33
16 17
31 23
19 20
28 33
25 14
27 13
26 18
33 20
32 22
32 17
12 32
28 22
11 31
21 21
17 15
12 15
30 26
14 23
13 30
25 27
15 25
19 31
16 15
16 25
12 27
17 17
13 26
22 11
28 19
28 20
33 27
32 31
15 11
25 20
13 31
23 31
22 18
17 13
13 22
18 27
20 20
12 26
15 16
21 16
30 18
17 32
21 14
11 19
21 31
14 26
17 11
24 28
18 12
18 25
21 20
12 23
30 17
33 11
26 28
25 12
26 19
19 17
30 27
18 13
33 18
15 30
20 18
26 32
13 21
28 23
31 13
20 22
12 17
27 28
11 17
32 32
14 15
17 29
13 20
11 21
15 12
33 25
11 11
28 27
11 13
32 18
32 21
28 18
15 21
14 17
33 15
27 14
28 24
24 11
25 30
30 33
27 29
31 29
19 33
33 26
24 31
16 20
33 16
