41 128
17 21
14 19
19 24
27 29
25 25
25 12
11 22
11 30
13 24
18 14
25 17
18 23
26 13
13 18
18 12
11 19
24 17
10 14
15 26
17 24
19 10
17 19
19 27
15 24
30 14
19 16
10 27
13 30
12 12
17 27
14 17
10 28
20 21
21 27
20 24
29 16
23 10
20 17
26 21
23 16
17 25
29 29
23 22
22 17
10 17
11 23
12 21
20 26
12 29
26 18
22 27
25 26
16 13
12 22
18 27
30 30
25 19
29 26
17 28
26 14
13 17
21 23
12 17
21 20
19 18
17 10
15 10
25 16
28 26
16 20
11 10
17 11
17 22
22 18
14 11
28 12
16 12
12 25
14 15
29 18
10 26
14 28
29 27
20 14
23 13
25 28
13 16
11 18
27 28
28 21
24 28
15 29
16 25
13 12
10 16
24 15
10 21
16 10
10 18
24 13
21 26
10 30
13 25
12 16
16 30
29 15
27 21
10 20
11 28
25 21
14 18
23 18
11 13
14 16
29 30
13 22
11 25
16 15
11 16
30 24
29 19
19 23
21 10
16 18
25 24
18 24
13 10
11 20
