39 95
18 20
24 24
26 18
23 27
28 20
22 23
20 27
26 21
14 21
24 14
22 22
25 23
9 22
19 28
18 26
17 25
25 9
27 27
19 12
22 13
22 26
23 17
16 15
11 15
20 10
13 23
22 12
22 28
19 25
23 25
14 13
9 20
20 12
10 25
22 18
25 10
11 28
11 25
28 19
28 18
27 16
10 18
27 14
12 11
12 9
18 21
29 14
23 11
14 20
11 10
23 9
17 11
28 25
9 27
19 18
16 25
25 25
17 26
10 17
13 19
17 17
27 24
27 10
18 14
28 29
16 27
24 11
18 24
19 19
25 11
29 28
13 16
29 25
19 17
16 21
17 18
16 16
29 11
28 15
16 19
18 23
28 26
27 15
21 26
11 27
16 28
13 18
25 21
23 14
11 24
9 28
14 23
27 9
15 18
21 18
