51 204
27 31
12 24
18 30
18 27
21 28
32 18
14 30
14 22
21 14
28 25
17 13
29 37
17 21
24 21
17 17
16 16
17 15
35 21
19 25
35 25
33 35
25 33
15 19
25 28
21 38
12 20
26 29
34 14
26 18
20 13
18 25
38 37
31 17
20 20
29 34
17 22
31 29
24 38
19 36
33 26
15 36
19 31
31 16
15 31
30 34
31 21
15 26
34 32
36 35
17 12
20 28
34 24
14 34
38 35
29 33
30 13
13 24
24 37
28 33
25 26
21 12
37 12
35 16
26 31
15 23
18 32
28 26
13 22
21 26
15 38
32 22
26 23
31 12
31 31
32 33
17 34
25 14
22 13
16 21
34 27
29 38
24 34
12 30
36 25
16 28
27 20
28 30
17 24
26 16
38 33
22 12
36 19
25 37
29 21
26 13
30 25
21 25
24 22
16 36
32 36
35 32
16 29
23 14
18 26
12 36
18 38
27 37
33 22
14 14
17 33
25 17
24 15
23 30
14 20
26 14
20 14
28 32
27 22
19 29
20 29
24 29
33 21
35 33
33 16
29 26
17 27
22 20
21 18
34 18
23 15
29 17
13 35
30 36
26 37
37 35
23 27
21 22
29 16
30 19
33 13
27 36
38 25
14 26
17 30
37 16
25 31
15 14
24 27
34 38
29 12
16 34
33 28
13 38
34 33
25 19
30 24
17 26
30 26
15 20
18 20
37 26
17 29
14 19
16 14
29 18
30 33
19 35
28 23
15 15
33 31
12 38
37 30
16 33
15 24
37 29
24 13
12 37
29 25
32 26
21 19
24 26
20 17
18 36
34 35
35 15
29 27
23 13
35 34
20 35
25 22
24 30
12 23
27 35
19 33
38 36
18 14
36 38
26 17
33 23
21 35
13 27
12 26
18 29
31 28
