57 110
18 39
21 17
30 18
15 32
16 22
30 24
15 42
33 41
23 25
39 17
17 42
33 17
28 34
30 25
30 39
39 42
14 16
34 41
31 26
17 31
29 32
18 20
23 31
32 39
32 38
17 33
37 14
36 42
16 41
39 14
39 39
31 25
41 25
35 30
36 39
19 37
27 27
37 33
20 20
28 32
35 31
18 30
29 15
29 25
31 29
28 30
38 14
30 23
39 34
34 19
29 41
32 32
39 30
15 25
30 22
25 15
18 21
40 36
18 15
16 39
19 14
20 31
26 31
33 16
22 26
36 26
36 30
41 34
17 28
29 34
23 33
27 42
42 39
28 31
18 42
23 39
36 18
24 14
23 26
14 33
17 19
39 38
42 15
35 19
31 21
14 37
22 36
28 20
31 33
19 15
25 39
19 36
39 25
16 14
33 39
37 42
38 15
20 28
15 29
27 37
35 23
27 36
27 40
15 24
14 18
37 30
26 17
31 20
16 21
21 37
