47 158
16 11
25 22
23 13
33 16
22 35
23 17
11 23
26 13
13 23
34 23
24 17
12 20
16 27
28 16
11 34
31 30
23 28
13 13
30 35
15 23
22 11
20 12
27 23
32 19
20 35
20 31
11 30
16 21
17 28
27 25
20 30
23 30
30 13
26 19
26 32
14 34
17 17
18 26
15 17
32 13
25 30
32 30
25 26
18 29
21 19
23 35
16 34
11 31
18 35
19 22
11 26
12 16
34 31
26 28
26 23
25 14
11 18
27 20
23 29
29 34
35 24
31 29
19 13
18 14
13 19
29 33
16 18
17 33
20 32
35 25
23 14
18 20
17 27
12 21
35 12
30 27
16 12
15 33
33 34
13 29
19 33
11 12
16 25
28 21
29 12
21 14
19 14
26 26
19 31
27 27
12 31
15 19
16 14
35 32
27 19
28 26
30 17
25 28
33 14
31 19
24 11
22 33
30 22
14 22
15 24
19 16
19 27
35 34
25 23
19 18
31 26
12 29
33 22
22 29
28 15
34 12
30 18
24 28
35 14
30 29
15 26
32 18
25 31
13 28
31 11
17 20
28 33
15 14
33 12
19 26
20 19
19 30
22 12
30 16
13 12
23 32
14 13
17 21
25 24
32 34
21 34
17 34
11 28
13 21
23 24
29 32
17 15
12 35
29 21
18 31
23 16
31 17
32 20
31 22
16 35
15 29
21 22
16 31
