59 278
14 29
26 20
19 21
40 33
36 21
26 28
43 14
16 41
22 21
27 42
28 36
33 38
30 27
29 36
25 22
25 34
41 32
36 20
32 24
20 24
27 32
18 25
17 32
16 40
39 15
37 26
23 34
17 40
39 36
26 27
21 42
31 30
19 41
44 18
31 26
15 38
41 24
17 15
34 25
42 25
29 18
20 36
44 30
27 29
21 31
18 21
32 25
40 25
44 17
17 38
21 28
24 16
27 23
29 28
15 16
14 40
43 43
29 21
40 21
42 42
34 16
34 38
37 23
28 30
30 17
24 15
38 38
30 29
43 18
34 19
42 41
20 37
27 39
21 39
31 24
16 21
44 31
39 24
35 43
31 43
20 29
40 18
34 17
20 42
15 15
28 20
19 25
16 35
30 19
20 21
37 20
18 17
36 34
15 14
31 27
43 26
23 17
32 21
22 22
25 33
44 14
27 19
25 42
40 31
19 29
33 37
42 23
19 23
42 20
25 19
43 38
26 23
40 17
18 40
39 20
30 42
26 15
39 32
37 18
23 23
35 40
38 26
34 26
21 14
30 44
28 16
33 17
25 40
22 43
39 19
17 19
27 28
26 36
34 15
43 41
36 26
18 14
35 15
17 16
42 36
26 44
14 30
30 20
23 33
35 17
42 43
31 25
16 16
33 18
29 23
28 22
35 37
24 19
14 33
36 30
34 28
17 14
15 27
16 29
41 44
17 22
43 17
28 35
26 18
26 16
43 31
35 38
15 40
17 35
28 14
24 35
35 23
31 28
24 28
15 31
23 29
42 28
31 32
28 44
42 32
39 38
27 22
42 24
43 29
19 24
41 30
21 23
23 44
37 14
18 34
33 41
41 25
23 30
41 37
14 44
16 22
27 25
33 22
33 35
44 24
18 23
39 43
38 28
26 37
19 43
35 27
22 28
20 39
28 19
41 15
15 42
15 22
40 29
22 33
29 43
14 35
28 21
44 26
20 25
43 39
36 35
23 26
27 16
22 32
18 29
18 18
41 22
28 32
28 34
27 20
16 19
18 22
37 37
39 29
32 28
22 27
20 20
36 29
37 19
26 29
32 15
40 37
26 40
21 15
21 17
24 44
39 37
28 31
42 44
23 21
38 34
31 29
29 14
28 37
17 27
14 36
15 30
20 43
37 35
40 43
26 41
28 42
27 14
25 44
41 33
36 25
41 18
21 21
24 23
37 40
42 18
25 23
44 22
24 36
21 37
24 20
20 32
14 39
