57 178
22 39
37 17
27 20
34 38
32 28
23 15
24 18
42 38
16 32
36 15
23 27
35 23
38 29
20 18
27 31
27 32
26 29
26 41
21 32
41 19
17 30
15 41
15 14
24 15
30 22
29 26
25 40
37 37
19 30
41 26
36 29
41 31
17 32
28 41
31 37
37 40
19 37
41 16
20 19
36 33
20 29
42 30
32 31
27 23
20 34
40 30
24 33
17 31
35 33
26 22
34 17
14 17
15 39
19 22
19 41
32 34
17 17
25 24
36 28
18 39
36 40
42 22
42 16
39 16
35 30
19 15
14 26
37 34
18 19
17 40
14 39
36 23
28 42
23 26
23 30
29 14
36 37
32 38
14 41
28 29
15 15
20 15
39 39
41 22
32 27
32 15
29 22
21 33
27 27
40 26
24 34
42 18
15 37
18 22
37 23
18 25
24 23
39 19
24 40
25 14
24 20
38 27
26 32
30 38
21 26
23 35
35 24
29 18
16 35
14 40
24 31
41 41
32 18
30 20
33 23
22 22
32 23
29 19
40 21
22 34
34 32
32 42
16 38
17 37
39 21
29 39
21 23
29 16
26 14
41 36
23 40
16 39
34 25
35 35
35 27
25 21
41 21
26 21
19 31
17 36
19 25
27 16
35 41
20 33
20 22
15 42
25 16
41 32
26 27
31 34
30 33
40 42
22 20
35 20
31 19
42 20
19 39
21 15
39 14
17 20
33 21
39 20
37 25
38 16
27 34
18 20
26 31
24 26
21 41
35 19
22 16
31 29
18 23
39 27
31 28
15 25
41 40
29 23
