61 296
20 33
37 30
25 41
42 40
17 43
39 28
21 31
26 32
35 28
28 15
20 41
19 20
36 38
38 17
21 40
42 22
34 32
29 25
17 34
29 41
37 44
44 39
24 25
20 21
45 42
37 45
29 20
30 18
44 45
35 36
38 31
43 17
40 25
27 28
15 44
25 19
28 34
18 36
19 31
41 22
32 25
23 17
21 43
30 38
40 31
18 31
19 26
28 44
35 44
26 29
25 30
25 16
29 15
20 34
36 16
37 27
31 19
16 40
23 31
37 16
29 33
24 22
24 43
17 26
29 23
33 40
33 22
32 37
18 30
33 41
30 43
27 31
34 39
45 19
44 28
45 25
35 33
20 16
31 15
30 27
22 44
30 20
40 17
44 42
40 42
34 38
38 33
28 20
42 39
44 25
43 43
25 18
28 36
20 20
38 40
38 38
36 43
15 34
38 37
34 23
28 40
34 16
23 33
32 45
27 37
33 37
22 27
45 35
45 33
31 22
44 32
35 18
35 39
45 32
35 34
34 18
27 16
33 23
41 43
21 22
16 37
36 34
36 37
25 28
36 42
15 27
36 39
23 43
18 21
36 36
37 24
23 44
37 29
29 22
23 23
33 25
35 30
23 21
44 37
29 37
35 26
45 37
18 33
28 43
34 30
15 26
43 19
31 23
20 29
39 36
32 30
44 21
16 23
19 17
39 15
45 15
31 34
31 37
31 21
17 16
28 41
44 44
20 37
41 42
22 40
34 25
37 20
37 28
17 23
40 43
30 23
35 43
39 44
16 41
19 42
30 15
25 40
26 38
33 20
20 25
24 29
30 28
27 15
25 38
35 16
33 35
30 33
35 24
21 35
41 21
39 20
42 34
28 18
26 19
16 25
41 41
28 16
30 40
42 36
20 36
38 34
42 29
31 28
39 23
26 16
24 33
43 15
23 18
44 19
44 41
23 20
40 22
42 26
16 45
24 39
36 19
29 29
38 35
17 38
43 34
28 32
27 45
40 15
33 43
27 39
43 42
26 45
15 37
26 33
42 15
31 41
15 42
15 22
32 16
24 34
37 22
34 44
27 18
15 35
36 15
29 26
22 34
42 35
40 28
42 17
40 33
15 17
25 20
25 27
19 23
21 37
43 18
41 23
21 21
29 19
33 38
18 40
29 21
38 44
24 37
38 23
28 26
38 29
34 40
45 21
20 17
33 17
36 18
45 20
25 29
45 34
31 26
28 25
17 22
20 27
17 45
16 16
17 37
16 18
18 45
39 42
41 25
32 18
25 43
35 15
32 22
45 43
17 28
38 15
41 34
34 36
22 38
43 22
15 40
27 30
24 17
