53 167
14 29
25 25
30 23
27 37
28 19
25 33
18 32
31 16
22 39
16 21
24 35
28 27
30 16
15 31
21 32
27 33
17 22
24 31
36 26
21 18
17 20
36 36
30 28
14 32
34 16
17 17
16 27
30 21
29 32
14 26
39 16
32 26
33 19
17 25
36 20
31 18
38 23
28 21
31 22
33 37
29 23
31 32
18 38
16 14
21 33
25 28
38 37
27 22
28 38
24 23
15 17
31 38
14 16
29 20
24 13
30 24
27 32
25 38
37 28
27 27
37 38
38 25
23 35
32 33
36 32
16 13
28 32
21 16
16 26
32 23
14 35
39 36
30 15
23 20
29 17
38 15
37 22
31 17
26 14
23 25
24 14
26 30
38 21
22 36
31 37
37 16
17 33
33 23
17 13
23 37
39 28
28 16
21 28
34 13
14 22
21 24
19 14
15 35
37 34
32 14
33 38
32 24
33 18
15 30
24 21
33 34
27 21
32 20
14 37
30 14
21 14
19 35
33 27
33 39
38 38
38 17
27 20
34 32
39 15
33 15
38 36
25 23
20 19
35 17
38 22
20 39
29 19
31 14
16 20
35 39
21 17
17 14
16 34
18 23
19 18
26 35
34 23
13 20
13 13
36 15
17 15
25 29
25 35
24 32
26 34
24 24
16 31
28 29
15 36
29 39
30 35
22 35
18 25
25 30
37 13
19 17
27 23
39 30
35 24
17 30
21 36
38 13
13 30
28 14
23 38
28 30
17 28
