55 201
21 20
15 13
15 28
27 35
39 29
24 25
14 26
18 35
19 13
36 41
41 24
40 32
40 33
18 34
31 38
30 35
23 25
33 25
29 40
20 20
29 19
20 15
18 23
35 20
14 15
28 18
19 30
17 19
17 30
17 24
22 38
22 16
37 16
23 37
16 21
28 24
39 19
13 36
31 39
16 27
37 14
21 13
29 34
38 14
17 41
27 37
23 31
23 26
25 18
32 26
23 20
27 30
17 31
24 32
30 13
39 32
25 15
13 16
41 35
41 21
21 33
17 32
25 19
39 15
33 22
19 38
41 19
37 31
41 13
37 18
38 30
39 20
18 24
28 37
41 18
34 41
19 34
16 19
29 21
23 23
27 39
26 19
19 35
18 26
24 15
30 23
16 22
36 26
15 32
38 38
13 26
25 31
23 19
24 17
14 13
27 25
22 37
25 17
28 35
28 41
21 26
27 22
15 20
28 19
23 17
27 32
19 26
29 41
35 29
39 27
15 41
36 16
15 27
40 19
13 22
22 29
15 21
22 31
26 33
29 23
18 33
35 24
32 30
14 39
32 37
31 37
19 17
39 28
31 23
30 39
25 24
20 14
20 36
24 36
33 19
41 16
16 32
29 25
40 31
17 16
20 16
39 17
32 23
38 23
31 24
21 37
14 29
31 34
15 38
32 22
30 28
30 37
20 30
14 20
37 35
18 15
13 19
19 41
37 13
40 18
33 21
13 40
32 17
31 33
34 36
41 39
16 29
41 28
17 20
29 38
41 32
23 29
41 40
34 27
24 23
20 22
27 23
22 22
37 38
40 17
35 18
22 19
33 41
18 37
37 28
22 30
29 17
15 39
16 40
38 24
27 18
41 27
30 41
18 14
14 40
16 16
26 32
20 39
27 27
19 37
26 37
