57 206
25 16
21 33
20 16
29 20
14 30
29 31
32 26
23 23
39 40
16 29
29 18
31 21
21 23
38 18
21 39
31 14
33 15
20 31
27 24
20 14
24 21
38 22
38 35
31 18
20 25
34 26
33 34
36 40
42 34
29 26
37 31
35 40
33 33
30 35
34 18
33 25
14 41
28 15
31 40
26 28
30 42
24 40
22 38
24 15
25 40
42 18
17 24
17 22
19 35
21 37
21 42
24 23
38 27
22 15
18 14
14 35
39 25
30 33
28 36
35 23
15 42
27 28
38 20
15 29
24 22
27 38
24 24
22 20
31 31
15 37
33 36
36 17
30 21
27 19
23 14
42 20
27 21
25 17
17 20
19 19
41 35
21 27
34 38
25 34
22 37
29 22
39 21
33 32
24 39
41 26
40 26
31 35
38 39
27 20
42 26
33 17
35 35
28 25
41 29
32 19
17 14
22 29
26 35
19 21
25 21
42 30
42 19
17 37
36 25
17 32
35 24
40 17
26 37
25 15
38 38
40 42
18 17
41 32
18 15
14 17
30 31
16 19
19 24
28 33
24 19
41 39
34 24
34 42
26 29
42 38
27 37
26 27
22 39
29 15
34 20
23 20
30 34
33 19
24 28
30 20
14 28
19 39
31 19
18 28
17 42
41 37
27 32
18 35
41 34
34 23
27 27
18 36
36 39
33 35
30 25
36 26
27 16
28 21
27 33
28 16
15 26
41 31
14 34
28 23
34 41
23 33
34 30
32 38
34 19
25 39
36 37
39 34
32 29
23 42
22 17
35 42
40 31
26 20
17 35
41 41
16 21
28 38
36 16
18 24
37 33
25 35
23 38
19 37
18 34
24 14
20 27
18 16
40 21
14 37
15 36
15 19
14 27
39 26
26 40
18 41
28 31
33 24
39 30
39 18
20 32
23 24
