41 92
23 20
27 29
28 12
20 19
20 26
24 16
12 15
10 27
18 22
23 27
18 24
20 18
27 14
10 12
30 12
18 29
27 12
14 30
16 24
25 11
28 16
19 23
19 16
15 25
11 30
18 12
23 19
19 20
23 13
27 21
25 25
26 18
10 13
22 20
18 27
26 16
20 28
15 30
18 21
10 23
14 19
21 30
22 17
11 28
15 29
16 10
12 11
12 20
18 23
16 16
12 19
26 13
16 20
15 14
16 28
13 26
11 27
18 16
10 16
23 26
11 22
11 20
15 28
13 29
26 12
23 28
20 29
12 30
29 18
27 20
21 27
27 10
14 14
30 14
25 13
10 18
26 11
30 30
27 18
12 23
29 26
25 22
28 10
18 18
21 23
24 15
11 24
11 11
30 20
16 30
23 21
30 29
