43 96
16 21
15 31
32 17
13 21
15 24
22 29
32 18
14 16
29 18
25 13
20 19
10 22
13 18
32 14
15 12
27 31
24 31
15 13
18 31
12 11
16 10
13 31
18 17
19 26
24 11
10 20
31 16
20 13
15 10
26 32
13 29
14 21
22 12
26 23
30 28
12 10
26 25
10 21
16 18
19 13
13 19
21 30
30 11
17 24
24 21
31 18
15 17
29 16
18 15
30 32
31 27
23 20
32 11
21 18
10 26
16 13
24 17
16 19
14 22
10 28
15 11
28 13
12 29
18 13
14 29
13 28
21 15
22 10
22 27
30 19
16 14
30 12
12 23
27 10
17 22
21 17
14 32
29 12
17 11
18 32
13 27
23 32
25 10
10 18
16 24
21 26
27 15
29 24
14 31
24 16
15 21
24 12
21 29
23 31
31 21
10 17
