35 94
14 8
14 18
17 15
23 25
12 11
10 19
9 15
21 20
9 23
15 21
10 10
9 14
24 16
11 17
24 13
23 15
23 21
24 11
25 12
11 21
22 14
11 18
26 23
11 12
13 21
19 24
21 11
17 24
22 9
14 20
21 12
14 26
17 12
10 11
23 11
9 17
8 15
15 14
9 9
16 8
18 11
19 8
20 11
9 25
12 18
18 21
19 14
14 19
20 24
20 9
13 14
11 10
15 19
13 20
26 14
11 16
15 16
14 10
17 25
15 15
16 14
16 9
8 18
12 23
21 19
22 24
10 18
18 24
20 21
16 25
24 23
19 10
24 20
18 10
14 16
10 17
19 17
10 23
13 13
18 18
12 8
20 13
21 13
18 25
18 8
18 15
18 13
21 18
20 19
14 17
13 18
9 12
8 10
26 25
