41 97
23 13
18 27
19 27
24 23
20 12
30 16
22 16
19 16
27 24
18 24
14 25
18 18
19 19
20 13
20 25
15 18
28 26
10 26
14 28
26 20
28 16
29 30
11 11
25 29
29 25
30 20
16 10
19 15
13 25
23 26
25 18
22 18
28 29
11 20
21 17
15 12
14 27
22 22
22 23
17 17
18 21
21 18
21 21
27 12
19 18
27 14
10 19
22 24
17 28
24 11
21 20
22 30
12 11
12 10
22 12
23 27
27 29
16 23
16 14
25 28
24 24
24 25
23 10
26 12
18 25
28 10
21 13
26 14
13 13
16 24
25 24
27 15
12 30
11 29
11 23
16 19
15 21
10 28
22 15
16 11
17 11
16 29
12 21
21 24
12 20
23 15
16 27
27 21
20 23
27 19
29 24
11 25
30 29
14 17
19 25
14 30
26 19
