45 97
25 26
18 31
17 24
30 27
17 33
11 30
31 24
14 19
17 18
29 23
22 28
23 28
26 31
32 19
22 11
23 17
24 21
14 23
25 13
33 32
20 28
32 15
11 23
28 27
25 16
25 14
27 24
22 27
13 24
13 28
19 30
15 21
26 27
16 32
15 30
16 19
11 16
17 17
26 32
27 17
25 28
21 11
15 20
11 22
21 30
28 28
17 20
21 33
12 13
29 16
11 28
16 30
16 26
31 26
25 18
19 29
16 13
13 14
32 22
16 29
16 12
19 17
13 31
32 27
28 33
30 24
19 11
14 31
14 14
11 32
20 18
19 33
23 20
28 17
22 23
11 24
33 30
12 32
13 27
33 17
26 13
11 20
20 16
21 22
29 21
15 25
26 30
24 32
30 31
20 23
28 25
32 31
16 28
16 15
15 22
16 27
25 25
