45 148
12 11
12 30
18 30
20 33
26 15
21 12
23 17
27 21
28 31
30 18
26 21
22 25
22 20
16 27
24 23
27 15
22 24
12 21
11 14
14 25
28 19
30 28
23 28
21 26
28 12
13 13
26 16
14 23
26 26
22 13
11 18
32 29
18 32
20 11
30 11
16 14
17 17
26 20
27 18
25 12
23 14
16 25
24 19
13 27
18 11
16 23
31 15
12 19
22 19
16 32
30 29
22 30
24 28
22 22
31 13
25 28
20 16
32 27
18 25
20 17
17 19
28 16
29 21
18 33
11 31
21 11
21 32
11 28
12 28
19 13
15 33
15 26
20 30
11 33
16 22
15 19
13 26
28 32
25 20
13 18
28 25
12 23
29 31
15 23
22 11
26 33
33 26
16 33
32 16
19 19
23 25
33 28
16 12
13 21
17 33
20 18
13 25
17 32
29 13
24 13
33 12
14 21
12 15
28 11
17 23
15 15
20 24
16 20
30 16
25 19
24 29
25 15
17 28
13 15
29 30
18 16
20 20
30 17
28 15
30 13
13 29
17 31
17 11
18 24
16 13
18 27
27 11
20 29
18 31
16 29
33 14
26 14
24 12
24 14
28 26
13 24
18 12
18 29
14 19
14 29
26 19
25 21
27 32
33 16
18 22
29 12
26 18
19 12
