37 95
17 18
20 16
26 11
17 27
23 16
12 20
16 26
15 21
12 27
27 9
22 25
18 14
23 21
9 15
13 9
9 9
24 22
19 26
19 24
18 13
20 11
19 10
13 20
20 15
15 17
24 18
12 12
18 21
23 13
16 15
18 25
19 21
14 18
27 22
10 25
10 13
16 17
25 18
10 21
18 17
24 19
9 18
18 24
13 24
22 13
12 10
19 15
24 21
14 23
19 11
19 17
20 12
24 9
21 19
24 23
22 12
23 23
9 16
23 9
22 18
24 26
25 16
13 21
25 13
21 15
24 15
14 24
14 16
27 13
20 27
25 10
14 26
17 23
23 12
26 9
15 27
20 23
27 24
11 17
11 15
13 25
21 12
11 13
13 18
21 9
25 19
27 12
18 9
15 15
18 26
18 18
17 15
21 17
23 17
19 19
