55 125
23 16
33 25
35 17
26 16
34 24
37 15
34 15
33 16
39 17
40 29
16 13
17 29
14 19
34 34
29 14
15 30
27 38
35 36
20 15
21 14
17 27
20 41
24 39
18 24
36 31
36 19
34 26
29 40
22 17
40 24
30 31
18 17
25 40
39 38
27 29
29 16
16 14
34 20
28 16
28 41
36 14
28 22
39 23
31 22
41 30
28 26
14 39
16 29
16 30
21 37
28 13
23 22
37 35
21 36
41 35
26 32
39 41
24 14
36 23
32 29
19 30
20 31
23 14
20 30
24 34
29 21
28 38
33 23
27 32
32 18
27 27
22 26
41 22
39 35
20 21
13 30
37 18
18 40
39 19
18 30
13 20
19 17
18 18
40 25
14 15
32 19
25 24
27 34
18 38
30 30
20 32
22 18
22 31
26 27
13 19
26 38
35 35
40 13
18 34
39 29
23 17
25 13
31 14
22 28
25 31
26 23
17 14
13 24
37 17
21 41
13 36
24 31
13 38
15 34
27 33
36 13
22 22
20 19
13 14
26 40
33 31
32 24
35 26
31 15
40 14
