59 117
38 31
35 29
19 22
40 18
28 27
32 39
19 41
43 33
36 33
27 31
19 39
40 35
37 19
22 42
41 14
41 28
31 40
38 25
23 38
44 14
18 39
41 39
43 25
21 32
18 43
44 32
14 18
40 27
30 37
39 36
29 28
43 32
33 43
36 25
16 42
14 40
20 16
15 31
27 34
29 40
43 16
17 27
30 40
25 23
44 33
37 33
41 38
18 19
33 39
42 35
44 24
18 26
25 31
15 38
29 31
25 42
14 14
35 35
31 16
28 34
29 35
31 41
24 15
36 32
31 30
43 28
41 27
26 36
37 28
40 26
17 44
26 20
26 23
18 21
25 41
38 16
25 14
31 28
20 31
44 27
16 31
40 31
18 37
44 44
43 29
17 16
24 39
31 37
21 16
24 17
27 21
14 38
43 44
42 33
21 41
30 22
34 38
35 36
23 24
35 22
44 37
14 39
18 29
24 26
27 19
38 39
19 23
15 20
30 14
28 35
31 43
26 31
20 44
22 21
44 35
24 29
16 20
