51 211
22 22
19 38
12 32
13 20
35 30
16 29
20 19
17 25
18 21
14 25
35 37
36 30
15 16
24 20
24 32
27 29
24 16
17 37
27 37
24 38
26 21
18 31
37 21
24 35
37 38
19 31
21 29
28 33
16 24
21 26
12 17
16 35
32 13
37 22
31 14
17 17
18 36
25 22
23 14
31 37
33 20
26 36
33 33
29 26
35 28
30 19
34 17
26 33
20 16
33 22
29 17
25 19
16 26
22 25
36 33
32 30
28 32
25 23
33 18
30 38
25 20
21 22
33 16
24 26
22 36
22 12
20 15
28 21
34 36
38 21
16 17
28 35
20 26
21 13
14 13
27 24
36 24
38 23
33 25
31 19
18 29
38 31
14 33
15 18
32 14
21 21
16 12
37 34
34 22
30 26
32 27
15 27
36 23
16 33
30 21
21 18
34 34
13 26
35 33
37 26
34 37
25 18
15 19
16 20
30 16
16 13
13 32
12 24
23 29
23 16
23 31
17 32
15 33
15 26
15 34
17 33
19 37
15 30
34 23
19 23
37 25
13 12
17 13
14 38
32 12
25 12
28 15
26 17
15 24
32 18
18 32
28 36
16 38
29 38
35 35
31 36
34 15
33 36
37 36
22 17
31 27
16 27
13 33
29 21
16 37
24 12
36 36
13 13
13 27
14 27
16 32
37 20
21 23
27 25
23 33
19 22
33 27
29 27
19 16
19 21
33 32
12 35
20 36
34 35
19 12
19 33
33 15
19 28
29 30
20 24
30 22
32 28
38 32
20 14
24 28
29 12
25 30
29 15
16 21
17 23
27 27
32 16
38 17
12 21
18 24
18 30
27 17
19 26
14 16
35 34
22 19
20 23
37 24
38 38
15 31
35 25
31 25
37 12
26 23
38 29
17 22
23 35
36 29
26 30
28 38
36 37
17 26
19 30
26 15
27 12
25 13
