55 91
31 25
22 19
34 30
40 22
19 34
32 19
37 17
16 35
31 30
26 15
33 32
20 37
17 22
14 35
17 21
38 32
39 26
17 30
38 19
40 37
32 26
26 19
16 37
39 33
26 24
36 37
40 39
32 14
31 22
29 28
13 23
13 37
13 34
19 22
40 21
33 40
23 32
20 36
25 14
28 17
25 22
19 40
31 40
13 21
25 28
23 31
33 27
38 35
14 19
24 18
23 33
27 17
20 31
41 31
24 25
41 30
18 41
21 24
40 19
36 34
36 18
35 23
25 36
15 35
35 28
17 13
32 32
31 17
38 16
13 27
13 18
39 29
31 19
41 38
35 13
31 38
38 23
26 14
24 26
18 18
25 13
39 14
34 32
29 15
34 15
13 14
39 21
27 31
26 41
40 27
30 22
