45 91
22 21
30 26
14 26
14 30
24 27
26 16
33 17
14 28
23 21
27 18
17 15
30 24
24 15
20 25
14 16
27 12
20 26
28 32
25 33
31 21
32 25
32 20
24 26
21 16
16 17
31 33
31 29
20 24
26 18
12 19
19 11
25 25
18 20
25 28
20 14
23 15
27 27
24 25
33 15
27 16
12 18
26 26
22 27
15 22
24 21
24 23
12 16
27 11
28 15
17 26
23 11
22 20
28 22
14 18
23 23
16 30
29 18
27 30
24 33
11 22
12 20
21 17
26 15
21 12
33 26
11 30
28 30
25 23
17 27
15 23
14 20
17 29
22 15
16 31
16 33
13 23
17 28
21 18
33 29
20 16
29 26
21 15
17 12
14 13
17 21
26 28
30 33
20 22
19 18
13 13
18 25
