55 122
18 33
18 23
20 26
31 17
23 25
17 26
29 29
38 18
32 34
24 20
30 36
31 24
39 24
25 34
30 24
32 18
17 14
36 23
20 16
36 20
14 39
25 39
13 39
20 27
32 27
23 19
17 37
24 35
24 21
38 39
31 20
15 17
14 14
16 21
13 37
23 18
20 24
15 30
38 36
26 22
38 30
21 18
23 23
40 34
40 14
28 19
27 24
22 32
19 28
39 16
37 29
17 27
23 22
30 40
31 21
27 25
31 35
38 22
18 41
36 38
15 24
22 40
31 40
28 38
29 35
23 15
25 38
17 35
40 33
21 14
36 14
30 33
26 18
24 39
32 24
36 21
35 40
17 21
20 35
19 29
38 21
31 18
30 37
34 20
33 19
19 24
25 21
15 27
24 17
27 32
41 20
20 31
31 22
13 28
24 13
23 38
17 23
16 23
16 39
20 13
21 13
21 41
30 41
33 37
38 38
22 18
21 16
29 37
35 37
38 15
25 37
35 15
27 13
32 38
35 27
37 35
41 39
37 36
41 35
21 21
19 27
27 23
