41 92
25 25
24 13
19 23
22 21
17 16
21 12
30 16
14 20
22 16
12 11
16 27
11 23
16 20
11 22
28 21
22 29
15 14
10 15
26 19
20 10
12 23
10 19
12 25
27 10
13 19
14 16
29 22
11 11
11 21
12 30
17 22
16 15
15 19
29 10
30 14
16 30
21 15
15 18
30 30
22 28
23 28
27 15
12 29
16 23
16 21
14 17
26 18
19 25
23 23
15 28
13 21
19 30
23 26
12 27
14 15
21 17
17 20
12 21
20 11
20 12
15 27
23 16
20 27
14 28
29 21
19 20
12 18
10 21
28 16
25 17
27 17
13 10
28 30
16 24
21 27
11 30
13 29
10 17
19 26
27 18
24 10
15 16
28 18
24 29
14 11
28 24
13 23
25 20
21 23
30 10
18 15
16 14
