49 106
35 22
12 21
18 15
28 15
30 22
15 30
31 22
33 12
15 35
32 34
15 12
33 36
21 26
16 15
25 19
33 21
15 15
25 13
23 12
17 12
35 26
15 26
35 13
16 26
12 28
34 18
13 21
14 26
13 14
27 25
12 18
33 23
34 19
14 23
28 33
31 20
33 27
34 17
19 36
19 33
12 29
31 15
35 32
22 32
25 29
14 36
27 24
16 21
27 22
20 28
36 23
26 24
32 31
15 20
22 15
21 32
28 32
26 21
27 29
24 12
33 28
30 30
15 23
35 15
22 24
25 31
14 25
35 28
25 25
31 21
13 31
12 22
28 26
24 18
30 17
18 24
19 12
28 35
34 16
16 16
26 32
17 34
31 17
29 23
22 23
16 24
35 19
22 34
34 15
20 24
17 32
20 35
24 23
35 31
19 29
26 14
32 32
31 27
23 34
21 31
12 30
12 33
25 24
24 17
22 30
15 33
