61 178
19 15
23 42
17 24
42 31
40 21
24 30
19 37
25 31
18 37
34 43
29 20
17 34
30 23
43 40
15 39
43 37
19 45
32 19
28 22
29 28
45 19
38 37
27 34
35 41
28 44
19 42
33 21
26 25
30 20
43 39
30 17
17 35
24 40
34 44
29 31
21 21
18 18
35 45
20 40
17 17
44 33
17 38
31 45
36 26
40 45
32 20
31 42
24 38
36 37
18 33
25 45
24 21
17 45
17 21
45 17
28 40
24 20
25 40
29 33
42 28
35 17
22 37
18 43
32 30
36 29
16 33
39 39
44 42
21 30
22 18
37 35
40 27
32 42
40 33
42 39
35 21
40 36
16 21
45 30
38 23
28 28
21 31
37 24
19 31
43 20
22 41
40 22
44 40
25 43
34 22
40 29
15 18
19 35
40 34
27 29
29 30
34 45
28 25
45 44
15 19
41 19
42 34
17 18
23 43
37 20
28 24
15 29
22 25
44 26
35 38
18 21
16 23
31 22
29 25
45 29
35 33
44 20
42 23
31 32
35 30
20 31
19 28
36 41
42 22
37 42
27 30
39 15
29 24
21 23
41 21
33 29
38 24
45 40
17 23
38 16
28 30
19 38
35 18
26 30
35 24
36 15
43 15
24 18
23 26
32 23
25 34
37 34
27 27
25 39
42 35
38 25
25 36
43 42
25 35
27 42
39 33
43 32
26 23
20 34
25 30
38 42
25 23
45 35
32 33
41 23
34 17
16 20
30 33
22 20
43 35
39 35
27 28
38 40
23 44
23 29
36 31
17 30
42 16
