37 3
125 10
73 3
32 7
142 10
94 9
165 5
184 2
51 7
144 10
120 1
1 0
178 6
140 1
157 10
58 7
68 7
124 9
183 6
80 3
195 4
184 4
183 4
178 4
173 4
169 4
165 4
161 4
157 4
144 4
143 4
142 4
140 4
125 4
124 4
120 4
102 4
101 4
94 4
93 4
87 4
80 4
73 4
68 4
60 4
58 4
51 4
48 4
37 4
32 4
2 0
22 4
19 4
18 4
17 4
11 4
49 2
57 2
192 9
20 4
155 8
86 1
199 9
182 8
150 7
56 10
9 9
83 2
3 0
72 10
75 10
127 1
43 4
121 2
172 7
189 3
187 3
182 3
172 3
155 3
150 3
148 3
141 3
136 3
134 3
129 3
127 3
121 3
112 3
86 3
83 3
79 3
76 3
75 3
72 3
69 3
57 3
56 3
53 3
49 3
43 3
41 3
27 3
21 3
20 3
11 3
10 3
9 3
138 7
130 8
116 1
33 4
88 4
106 6
123 1
118 6
146 7
4 0
171 10
50 3
7 8
111 2
199 5
192 5
191 5
171 5
159 5
146 5
138 5
137 5
123 5
118 5
116 5
111 5
109 5
106 5
91 5
90 5
88 5
85 5
63 5
52 5
50 5
34 5
33 5
31 5
17 5
9 5
7 5
158 8
100 7
13 3
176 8
197 8
96 9
5 0
108 7
66 1
147 10
97 9
61 4
114 6
115 6
133 6
107 9
197 2
176 2
158 2
147 2
133 2
130 2
126 2
122 2
115 2
114 2
110 2
108 2
107 2
100 2
97 2
96 2
92 2
74 2
71 2
66 2
64 2
61 2
54 2
6 0
7 0
18 2
14 2
13 2
10 2
9 2
186 10
42 4
152 1
128 4
78 5
77 3
15 2
8 0
16 2
40 2
99 5
151 4
36 6
28 1
200 8
186 8
179 8
163 8
154 8
151 8
128 8
119 8
99 8
82 8
78 8
77 8
67 8
42 8
40 8
36 8
28 8
19 8
17 8
16 8
15 8
9 0
10 0
11 0
13 8
188 1
113 10
38 5
24 4
62 5
95 5
160 10
12 0
13 0
14 0
15 0
16 0
17 0
18 0
19 0
20 0
21 0
185 10
174 5
47 8
194 7
190 7
188 7
185 7
174 7
160 7
152 7
117 7
113 7
98 7
95 7
84 7
62 7
55 7
54 7
47 7
46 7
38 7
35 7
31 7
28 7
27 7
24 7
22 0
23 0
24 0
26 1
103 2
105 2
131 2
156 10
180 10
162 2
149 3
25 0
26 0
27 0
28 0
196 6
196 9
181 9
180 9
175 9
168 9
162 9
156 9
149 9
145 9
139 9
132 9
131 9
105 9
103 9
70 9
65 9
61 9
45 9
29 0
41 9
39 9
36 9
33 9
32 9
31 9
135 2
89 3
166 2
59 8
153 3
30 0
31 0
32 0
33 0
34 0
35 0
36 0
37 0
38 0
39 0
104 8
198 1
193 1
170 1
166 1
153 1
135 1
104 1
89 1
81 1
64 1
59 1
40 0
41 0
42 0
43 0
50 1
49 1
48 1
46 1
45 1
177 10
167 8
44 0
45 0
46 0
47 0
48 0
49 0
50 0
51 0
52 0
53 0
54 0
55 0
56 0
57 0
58 0
59 0
60 0
61 0
62 0
63 0
64 0
65 0
66 0
177 6
167 6
67 0
68 0
69 0
70 0
71 0
72 0
73 0
74 0
75 0
76 0
77 0
78 0
79 0
80 0
81 0
82 0
83 0
84 0
85 0
86 0
87 0
88 0
89 0
90 0
91 0
92 0
93 0
94 0
95 0
96 0
97 0
98 0
99 0
100 0
101 0
102 0
103 0
104 0
105 0
106 0
107 0
108 0
109 0
110 0
111 0
112 0
113 0
114 0
115 0
116 0
117 0
118 0
119 0
120 0
121 0
122 0
123 0
124 0
125 0
126 0
127 0
128 0
129 0
130 0
131 0
132 0
133 0
134 0
135 0
136 0
137 0
138 0
139 0
140 0
141 0
142 0
143 0
144 0
145 0
146 0
147 0
148 0
149 0
150 0
151 0
152 0
153 0
154 0
155 0
156 0
157 0
158 0
159 0
160 0
161 0
162 0
163 0
164 0
165 0
166 0
167 0
168 0
169 0
170 0
171 0
172 0
173 0
174 0
175 0
176 0
177 0
178 0
179 0
180 0
181 0
182 0
183 0
184 0
185 0
186 0
187 0
188 0
189 0
190 0
191 0
192 0
193 0
194 0
195 0
196 0
197 0
198 0
199 0
200 0
