63 7
35 6
50 6
145 8
43 1
109 5
154 2
51 6
67 7
7 2
119 5
13 2
108 4
12 7
143 9
1 0
45 1
129 5
139 5
91 3
145 10
143 10
139 10
129 10
126 10
124 10
120 10
119 10
109 10
108 10
107 10
92 10
91 10
84 10
82 10
65 10
51 10
50 10
49 10
45 10
43 10
38 10
35 10
15 10
13 10
12 10
9 10
7 10
163 3
191 1
85 7
158 8
2 0
189 3
172 8
197 1
79 5
196 3
178 8
134 9
166 2
87 7
103 7
190 8
105 7
197 4
196 4
191 4
190 4
189 4
178 4
177 4
172 4
166 4
163 4
162 4
158 4
157 4
154 4
151 4
148 4
144 4
134 4
113 4
112 4
105 4
103 4
100 4
98 4
87 4
85 4
79 4
67 4
63 4
62 4
57 4
56 4
42 4
39 4
31 4
7 4
117 3
96 6
16 10
146 9
132 8
78 7
164 9
128 3
192 1
40 10
17 4
125 6
20 4
167 9
3 0
186 9
195 1
200 5
195 5
192 5
186 5
175 5
173 5
167 5
164 5
146 5
142 5
132 5
128 5
125 5
121 5
117 5
104 5
97 5
96 5
89 5
78 5
77 5
76 5
69 5
48 5
40 5
30 5
20 5
17 5
16 5
9 5
7 5
6 5
72 4
19 10
180 8
66 10
4 0
32 5
198 9
110 1
75 4
34 5
36 5
14 7
14 9
59 5
54 9
122 1
170 2
90 6
136 1
180 7
174 7
170 7
160 7
136 7
122 7
115 7
110 7
106 7
94 7
90 7
88 7
81 7
80 7
75 7
72 7
66 7
64 7
59 7
54 7
37 7
36 7
34 7
32 7
31 7
19 7
14 7
12 7
6 7
140 8
83 2
21 10
130 2
86 4
46 10
29 5
95 4
58 10
5 0
6 0
184 1
55 5
101 4
156 8
135 2
198 6
187 6
184 6
179 6
159 6
156 6
153 6
140 6
135 6
130 6
101 6
95 6
86 6
83 6
74 6
73 6
58 6
55 6
47 6
46 6
39 6
29 6
7 0
24 6
23 6
21 6
13 6
12 6
9 6
138 1
199 3
8 0
9 0
71 2
181 1
194 1
33 5
131 8
44 4
22 10
10 0
199 9
194 9
181 9
176 9
149 9
138 9
131 9
118 9
99 9
71 9
53 9
44 9
42 9
33 9
22 9
18 9
16 9
15 9
14 9
12 9
165 4
26 7
11 0
12 0
13 0
14 0
15 0
16 0
17 0
18 0
25 9
185 3
182 4
116 8
102 10
152 8
188 1
185 1
183 1
182 1
165 1
152 1
127 1
116 1
102 1
61 1
56 1
41 1
35 1
27 1
26 1
19 0
20 0
21 0
25 1
22 0
23 0
24 0
25 0
26 0
27 0
137 4
93 10
150 3
114 10
70 1
28 0
29 0
30 0
31 0
32 0
33 0
34 0
123 10
171 8
150 8
147 8
137 8
123 8
114 8
93 8
70 8
35 0
36 0
37 0
38 0
39 0
40 0
41 0
42 0
43 0
44 0
45 0
46 0
47 0
48 0
49 0
50 0
51 0
69 8
65 8
60 8
57 8
56 8
55 8
54 8
53 8
68 4
169 3
52 0
53 0
54 0
55 0
56 0
57 0
58 0
59 0
60 0
61 0
155 1
111 10
133 10
169 2
161 2
155 2
133 2
111 2
102 2
82 2
76 2
73 2
71 2
68 2
62 0
63 0
64 0
65 0
66 0
67 0
68 0
69 0
70 0
71 0
72 0
73 0
74 0
75 0
76 0
77 0
78 0
79 0
80 0
81 0
82 0
83 0
84 0
85 0
86 0
87 0
88 0
89 0
90 0
91 0
92 0
93 0
94 0
95 0
96 0
97 0
98 0
99 0
100 0
101 0
102 0
103 0
104 0
105 0
106 0
107 0
108 0
109 0
110 0
111 0
112 0
113 0
114 0
115 0
116 0
117 0
118 0
119 0
120 0
121 0
122 0
123 0
124 0
125 0
126 0
127 0
128 0
129 0
130 0
131 0
132 0
133 0
134 0
135 0
136 0
137 0
138 0
139 0
140 0
168 7
141 0
142 0
143 0
144 0
145 0
146 0
147 0
148 0
149 0
150 0
151 0
152 0
153 0
154 0
155 0
156 0
157 0
158 0
159 0
193 6
193 3
179 3
176 3
171 3
168 3
160 0
161 0
162 0
163 0
164 0
165 0
166 0
167 0
168 0
169 0
170 0
171 0
172 0
173 0
174 0
175 0
176 0
177 0
178 0
179 0
180 0
181 0
182 0
183 0
184 0
185 0
186 0
187 0
188 0
189 0
190 0
191 0
192 0
193 0
194 0
195 0
196 0
197 0
198 0
199 0
200 0
