124 5
1 0
25 3
85 10
144 6
21 9
55 3
117 10
185 1
146 6
154 6
137 5
126 10
193 1
3 9
97 3
19 9
200 2
122 3
14 6
200 7
196 7
195 7
193 7
185 7
158 7
138 7
2 0
137 7
128 7
126 7
124 7
122 7
119 7
117 7
113 7
97 7
85 7
66 7
55 7
29 7
25 7
19 7
3 0
18 7
14 7
7 7
154 3
146 8
144 9
141 7
23 3
60 3
149 8
47 9
179 2
115 3
84 9
174 10
118 3
4 0
90 9
103 9
157 8
64 8
116 9
40 6
40 8
22 1
145 7
46 8
194 6
181 6
179 6
174 6
167 6
165 6
150 6
145 6
141 6
118 6
116 6
115 6
106 6
103 6
90 6
84 6
68 6
60 6
47 6
46 6
40 6
23 6
22 6
13 6
12 6
7 6
123 8
5 0
133 8
26 5
162 1
92 5
186 1
31 7
74 7
164 3
83 7
111 5
148 9
169 3
129 5
187 1
34 6
191 10
187 10
186 10
169 10
164 10
162 10
159 10
154 10
148 10
144 10
140 10
139 10
133 10
132 10
129 10
123 10
111 10
92 10
83 10
79 10
74 10
64 10
49 10
34 10
31 10
26 10
21 10
16 10
15 10
6 0
7 0
14 10
12 10
182 5
75 3
9 3
81 7
56 6
87 7
39 10
8 0
9 0
120 7
114 3
41 10
199 2
163 8
67 6
199 4
198 4
183 4
182 4
166 4
163 4
157 4
155 4
149 4
146 4
127 4
121 4
120 4
114 4
93 4
89 4
87 4
81 4
75 4
72 4
69 4
67 4
65 4
56 4
50 4
41 4
39 4
18 4
13 4
12 4
170 5
10 0
20 7
17 10
24 6
45 6
143 3
105 6
82 7
99 7
190 2
188 2
176 2
170 2
143 2
110 2
109 2
105 2
99 2
88 2
82 2
58 2
54 2
45 2
35 2
24 2
22 2
20 2
19 2
17 2
14 2
12 2
152 1
70 7
30 6
142 7
180 8
134 6
86 10
125 10
147 7
62 4
100 4
11 0
12 0
37 2
102 4
101 2
184 3
180 3
172 3
156 3
152 3
147 3
142 3
134 3
125 3
102 3
101 3
100 3
91 3
86 3
70 3
63 3
62 3
13 0
61 3
57 3
42 3
37 3
14 0
15 0
16 0
17 0
18 0
19 0
20 0
21 0
22 0
30 3
23 0
24 0
25 0
26 0
29 3
94 1
77 7
80 7
175 8
96 1
38 2
197 8
189 5
52 6
173 1
27 0
171 7
78 6
197 9
189 9
175 9
173 9
171 9
136 9
135 9
28 0
29 0
30 0
31 0
107 9
96 9
94 9
80 9
78 9
77 9
71 9
32 0
59 9
55 9
53 9
52 9
51 9
40 9
39 9
38 9
37 9
35 9
34 9
178 1
33 0
34 0
35 0
48 6
98 7
160 8
178 5
161 5
160 5
130 5
98 5
95 5
73 5
36 0
37 0
38 0
39 0
40 0
41 0
42 0
66 5
57 5
51 5
50 5
49 5
48 5
46 5
45 5
108 7
43 0
76 10
168 7
131 10
112 3
153 10
177 8
168 8
153 8
131 8
112 8
108 8
85 8
76 8
64 8
61 8
56 8
54 8
52 8
47 8
45 8
192 7
44 0
45 0
46 0
47 0
48 0
49 0
50 0
51 0
52 0
53 0
54 0
55 0
56 0
57 0
58 0
59 0
60 0
61 0
62 0
63 0
64 0
65 0
66 0
67 0
68 0
69 0
70 0
71 0
72 0
73 0
74 0
75 0
76 0
77 0
78 0
79 0
80 0
81 0
82 0
83 0
84 0
85 0
86 0
87 0
88 0
89 0
90 0
91 0
92 0
93 0
94 0
95 0
96 0
151 4
104 6
192 1
97 0
98 0
99 0
100 0
101 0
102 0
151 1
130 1
125 1
114 1
113 1
111 1
108 1
107 1
105 1
104 1
103 0
104 0
105 0
106 0
107 0
108 0
109 0
110 0
111 0
112 0
113 0
114 0
115 0
116 0
117 0
118 0
119 0
120 0
121 0
122 0
123 0
124 0
125 0
126 0
127 0
128 0
129 0
130 0
131 0
132 0
133 0
134 0
135 0
136 0
137 0
138 0
139 0
140 0
141 0
142 0
143 0
144 0
145 0
146 0
147 0
148 0
149 0
150 0
151 0
152 0
153 0
154 0
155 0
156 0
157 0
158 0
159 0
160 0
161 0
162 0
163 0
164 0
165 0
166 0
167 0
168 0
169 0
170 0
171 0
172 0
173 0
174 0
175 0
176 0
177 0
178 0
179 0
180 0
181 0
182 0
183 0
184 0
185 0
186 0
187 0
188 0
189 0
190 0
191 0
192 0
193 0
194 0
195 0
196 0
197 0
198 0
199 0
200 0
