18 7
91 8
180 9
90 7
149 2
1 0
166 3
106 8
45 3
198 1
111 8
129 6
37 10
61 3
179 2
79 3
69 10
186 9
50 7
3 7
198 4
186 4
181 4
180 4
179 4
170 4
149 4
145 4
134 4
129 4
127 4
111 4
106 4
103 4
98 4
91 4
79 4
76 4
73 4
69 4
61 4
45 4
37 4
5 4
4 4
3 4
191 2
100 7
63 6
168 3
156 8
13 4
131 10
123 7
15 4
197 2
120 6
138 1
187 3
54 4
2 0
174 8
157 5
110 4
197 9
191 9
187 9
183 9
174 9
168 9
166 9
159 9
157 9
156 9
143 9
140 9
139 9
138 9
132 9
131 9
125 9
123 9
120 9
112 9
110 9
100 9
92 9
72 9
63 9
54 9
50 9
21 9
15 9
14 9
13 9
3 0
4 0
5 0
80 1
155 8
133 3
185 5
135 3
66 4
115 2
68 4
165 8
78 4
162 3
107 7
44 9
6 0
86 1
146 2
190 5
190 6
185 6
176 6
171 6
165 6
162 6
155 6
146 6
142 6
135 6
133 6
128 6
115 6
107 6
104 6
94 6
90 6
86 6
84 6
80 6
78 6
74 6
68 6
66 6
60 6
59 6
44 6
41 6
37 6
18 6
13 6
11 6
75 4
26 9
196 10
189 2
23 6
188 5
193 2
7 0
57 9
96 7
164 1
99 7
9 1
116 7
163 7
200 8
196 8
193 8
189 8
188 8
163 8
160 8
144 8
141 8
119 8
116 8
99 8
96 8
88 8
82 8
75 8
57 8
45 8
36 8
26 8
23 8
14 8
11 8
9 8
43 9
8 0
9 0
172 1
77 4
124 4
184 1
52 9
24 6
151 5
95 9
30 6
117 9
108 6
199 3
184 3
172 3
164 3
158 3
151 3
147 3
137 3
124 3
121 3
117 3
114 3
108 3
101 3
95 3
77 3
61 3
52 3
47 3
43 3
30 3
24 3
15 3
13 3
11 3
167 1
118 4
148 4
154 4
178 10
10 0
11 0
126 2
85 9
17 8
46 6
34 8
32 3
173 1
182 10
194 5
182 5
178 5
173 5
169 5
167 5
154 5
148 5
126 5
118 5
109 5
85 5
69 5
65 5
51 5
49 5
46 5
39 5
38 5
34 5
32 5
25 5
21 5
18 5
17 5
14 5
13 5
113 4
12 0
13 0
14 0
15 0
122 4
19 5
152 7
29 3
87 2
22 5
55 9
150 4
152 1
150 1
130 1
122 1
113 1
87 1
73 1
56 1
55 1
50 1
40 1
37 1
31 1
29 1
24 1
23 1
22 1
20 1
19 1
17 1
195 2
58 9
161 7
136 4
16 0
17 0
18 0
19 0
20 0
21 0
22 0
23 0
24 0
25 0
26 0
177 7
27 0
83 9
93 9
64 6
195 10
192 10
177 10
161 10
136 10
102 10
93 10
83 10
81 10
76 10
64 10
58 10
54 10
41 10
36 10
33 10
32 10
30 10
29 10
89 4
48 8
97 4
53 8
71 9
28 0
29 0
30 0
31 0
32 0
33 0
34 0
42 5
62 8
70 8
153 7
35 0
36 0
37 0
97 7
89 7
79 7
71 7
70 7
63 7
62 7
53 7
48 7
45 7
44 7
43 7
42 7
38 0
39 0
40 0
41 0
42 0
43 0
44 0
45 0
46 0
47 0
48 0
49 0
50 0
51 0
52 0
53 0
54 0
55 0
56 0
57 0
58 0
59 0
60 0
61 0
62 0
63 0
64 0
65 0
66 0
175 4
105 3
67 0
68 0
69 0
70 0
71 0
72 0
73 0
74 0
75 0
76 0
175 2
105 2
77 0
78 0
79 0
80 0
81 0
82 0
83 0
84 0
85 0
86 0
87 0
88 0
89 0
90 0
91 0
92 0
93 0
94 0
95 0
96 0
97 0
98 0
99 0
100 0
101 0
102 0
103 0
104 0
105 0
106 0
107 0
108 0
109 0
110 0
111 0
112 0
113 0
114 0
115 0
116 0
117 0
118 0
119 0
120 0
121 0
122 0
123 0
124 0
125 0
126 0
127 0
128 0
129 0
130 0
131 0
132 0
133 0
134 0
135 0
136 0
137 0
138 0
139 0
140 0
141 0
142 0
143 0
144 0
145 0
146 0
147 0
148 0
149 0
150 0
151 0
152 0
153 0
154 0
155 0
156 0
157 0
158 0
159 0
160 0
161 0
162 0
163 0
164 0
165 0
166 0
167 0
168 0
169 0
170 0
171 0
172 0
173 0
174 0
175 0
176 0
177 0
178 0
179 0
180 0
181 0
182 0
183 0
184 0
185 0
186 0
187 0
188 0
189 0
190 0
191 0
192 0
193 0
194 0
195 0
196 0
197 0
198 0
199 0
200 0
