27 4
121 8
16 5
187 3
1 0
19 5
167 9
134 8
7 4
29 5
84 6
82 1
22 4
68 5
80 5
62 4
140 8
36 7
147 8
26 8
187 2
167 2
143 2
133 2
124 2
111 2
88 2
84 2
82 2
80 2
76 2
68 2
62 2
39 2
36 2
32 2
29 2
26 2
22 2
19 2
16 2
7 2
110 5
120 5
60 1
2 0
30 4
130 3
18 2
23 2
138 3
74 1
44 4
183 10
40 2
3 0
180 8
43 2
10 10
192 6
47 4
33 10
198 7
192 7
184 7
180 7
147 7
140 7
138 7
134 7
130 7
128 7
121 7
120 7
118 7
115 7
114 7
110 7
103 7
93 7
74 7
60 7
54 7
47 7
45 7
44 7
43 7
40 7
38 7
33 7
30 7
27 7
23 7
18 7
12 7
10 7
7 7
5 7
176 9
86 6
4 0
5 0
189 10
89 6
173 3
90 6
146 6
131 1
186 9
170 5
48 2
8 7
63 2
132 1
194 10
99 2
102 2
194 8
189 8
186 8
183 8
176 8
173 8
172 8
170 8
166 8
153 8
150 8
149 8
146 8
132 8
131 8
102 8
99 8
91 8
90 8
89 8
86 8
69 8
67 8
63 8
58 8
52 8
48 8
25 8
21 8
16 8
13 8
8 8
7 8
163 9
70 5
136 6
199 1
174 4
81 5
57 2
152 6
195 4
42 7
164 9
6 0
7 0
8 0
97 5
106 5
199 3
195 3
190 3
174 3
168 3
164 3
163 3
152 3
142 3
136 3
126 3
9 0
112 3
108 3
106 3
104 3
97 3
81 3
70 3
64 3
59 3
57 3
46 3
42 3
10 0
11 0
12 0
13 0
14 0
19 3
18 3
16 3
196 9
144 5
83 10
73 7
182 6
158 5
15 0
16 0
177 5
188 6
87 10
122 10
169 10
156 7
100 2
200 1
196 1
188 1
185 1
182 1
181 1
177 1
169 1
160 1
158 1
156 1
144 1
127 1
122 1
100 1
98 1
87 1
85 1
83 1
73 1
65 1
56 1
24 1
23 1
22 1
21 1
18 1
113 7
72 2
155 10
161 6
96 2
107 2
17 0
18 0
19 0
137 5
77 3
197 9
197 4
175 4
161 4
159 4
155 4
145 4
137 4
117 4
113 4
107 4
96 4
92 4
77 4
72 4
61 4
42 4
37 4
27 4
26 4
25 4
21 4
109 9
191 6
49 8
20 0
21 0
22 0
23 0
24 0
25 0
26 0
27 0
129 9
28 0
29 0
30 0
34 7
157 9
71 1
135 1
31 0
32 0
148 1
191 10
179 10
162 10
157 10
148 10
135 10
129 10
109 10
75 10
71 10
66 10
56 10
51 10
49 10
48 10
46 10
37 10
36 10
34 10
33 0
34 0
193 5
94 1
53 8
79 3
35 0
36 0
37 0
38 0
39 0
40 0
151 9
193 6
165 6
41 0
42 0
43 0
44 0
45 0
46 0
47 0
48 0
49 0
151 6
139 6
116 6
105 6
94 6
79 6
65 6
62 6
61 6
57 6
54 6
53 6
52 6
51 6
123 1
119 4
50 0
51 0
52 0
53 0
54 0
154 1
178 9
171 9
154 9
123 9
119 9
78 9
73 9
72 9
68 9
60 9
59 9
58 9
57 9
56 9
101 1
55 0
56 0
57 0
58 0
59 0
60 0
61 0
62 0
63 0
64 0
65 0
66 0
67 0
68 0
69 0
70 0
71 0
72 0
73 0
74 0
75 0
76 0
77 0
78 0
79 0
80 0
81 0
82 0
95 6
125 9
141 9
141 5
125 5
119 5
109 5
101 5
83 0
84 0
85 0
86 0
87 0
88 0
89 0
90 0
91 0
92 0
93 0
99 5
98 5
97 5
96 5
95 5
94 0
95 0
96 0
97 0
98 0
99 0
100 0
101 0
102 0
103 0
104 0
105 0
106 0
107 0
108 0
109 0
110 0
111 0
112 0
113 0
114 0
115 0
116 0
117 0
118 0
119 0
120 0
121 0
122 0
123 0
124 0
125 0
126 0
127 0
128 0
129 0
130 0
131 0
132 0
133 0
134 0
135 0
136 0
137 0
138 0
139 0
140 0
141 0
142 0
143 0
144 0
145 0
146 0
147 0
148 0
149 0
150 0
151 0
152 0
153 0
154 0
155 0
156 0
157 0
158 0
159 0
160 0
161 0
162 0
163 0
164 0
165 0
166 0
167 0
168 0
169 0
170 0
171 0
172 0
173 0
174 0
175 0
176 0
177 0
178 0
179 0
180 0
181 0
182 0
183 0
184 0
185 0
186 0
187 0
188 0
189 0
190 0
191 0
192 0
193 0
194 0
195 0
196 0
197 0
198 0
199 0
200 0
