98 6
36 7
40 7
78 7
13 3
193 4
80 7
189 5
143 10
69 3
24 1
33 1
19 10
29 10
27 1
41 10
108 6
52 10
3 9
1 0
198 8
193 8
189 8
173 8
162 8
159 8
121 8
108 8
98 8
91 8
84 8
80 8
78 8
70 8
69 8
56 8
52 8
41 8
40 8
36 8
29 8
27 8
19 8
13 8
12 8
3 8
161 6
142 9
46 1
74 1
26 8
43 8
165 6
192 5
88 1
73 8
76 8
112 1
180 2
51 4
125 1
95 8
164 10
2 0
6 4
47 4
197 3
192 3
180 3
175 3
168 3
165 3
164 3
161 3
150 3
145 3
143 3
142 3
134 3
126 3
125 3
122 3
112 3
95 3
88 3
76 3
74 3
73 3
58 3
47 3
46 3
43 3
39 3
33 3
28 3
26 3
3 0
24 3
17 3
12 3
6 3
116 4
107 5
44 8
163 6
106 8
110 5
103 3
49 6
60 6
140 9
75 6
4 0
85 6
170 7
174 7
128 4
99 6
104 3
61 4
117 5
190 1
177 1
174 1
170 1
153 1
140 1
129 1
124 1
117 1
110 1
107 1
106 1
104 1
103 1
99 1
90 1
85 1
81 1
75 1
61 1
60 1
49 1
44 1
20 1
14 1
13 1
11 1
6 1
163 9
156 5
151 4
32 8
93 10
5 0
6 0
141 10
123 8
111 3
48 1
30 10
10 10
25 10
82 1
65 10
182 2
101 1
186 2
196 6
186 6
182 6
176 6
163 6
156 6
151 6
144 6
136 6
131 6
128 6
123 6
119 6
116 6
111 6
101 6
100 6
82 6
66 6
65 6
51 6
48 6
32 6
25 6
19 6
16 6
12 6
11 6
10 6
148 5
7 0
130 10
34 8
135 10
8 0
63 8
160 5
97 8
195 2
149 10
96 3
54 1
115 8
191 7
132 8
137 8
166 5
195 4
191 4
187 4
185 4
178 4
166 4
160 4
149 4
148 4
137 4
135 4
132 4
130 4
120 4
115 4
97 4
96 4
92 4
63 4
54 4
45 4
34 4
30 4
27 4
17 4
15 4
13 4
10 4
79 7
133 5
114 7
31 8
9 0
10 0
11 0
12 0
13 0
14 0
15 0
16 0
17 0
200 2
68 8
102 8
71 4
154 10
59 3
87 4
172 10
89 4
23 1
200 9
194 9
184 9
172 9
154 9
141 9
133 9
118 9
114 9
102 9
93 9
89 9
87 9
86 9
79 9
71 9
68 9
67 9
59 9
53 9
50 9
31 9
29 9
27 9
24 9
23 9
20 9
19 9
183 10
18 0
19 0
20 0
105 1
169 2
22 5
22 10
157 7
169 5
157 5
127 5
109 5
105 5
77 5
44 5
38 5
36 5
30 5
26 5
25 5
23 5
22 5
183 2
179 7
138 1
139 1
171 1
167 8
62 4
42 6
158 4
155 6
113 3
57 9
199 2
83 9
21 0
22 0
23 0
199 10
183 10
179 10
171 10
167 10
158 10
155 10
146 10
139 10
138 10
113 10
83 10
64 10
62 10
57 10
24 0
25 0
26 0
27 0
28 0
29 0
30 0
31 0
50 10
49 10
42 10
32 0
33 0
34 0
35 0
36 0
37 0
38 0
39 0
40 0
41 0
42 0
43 0
44 0
45 0
46 0
47 0
48 0
49 0
50 0
51 0
52 0
53 0
54 0
55 0
56 0
57 0
58 0
59 0
60 0
61 0
62 0
63 0
64 0
65 0
66 0
67 0
68 0
69 0
70 0
71 0
152 4
72 0
73 0
74 0
75 0
76 0
77 0
78 0
79 0
80 0
81 0
82 0
83 0
84 0
85 0
86 0
87 0
88 0
89 0
90 0
91 0
181 2
152 2
92 0
93 0
147 2
113 2
105 2
102 2
100 2
99 2
98 2
96 2
95 2
188 10
94 0
95 0
96 0
97 0
98 0
99 0
100 0
101 0
102 0
103 0
104 0
105 0
106 0
107 0
108 0
109 0
110 0
111 0
112 0
113 0
114 0
115 0
116 0
117 0
118 0
119 0
120 0
121 0
122 0
123 0
124 0
125 0
126 0
127 0
128 0
129 0
130 0
131 0
132 0
133 0
134 0
135 0
136 0
137 0
188 7
138 0
139 0
140 0
141 0
142 0
143 0
144 0
145 0
146 0
147 0
148 0
149 0
150 0
151 0
152 0
153 0
154 0
155 0
156 0
157 0
158 0
159 0
160 0
161 0
162 0
163 0
164 0
165 0
166 0
167 0
168 0
169 0
170 0
171 0
172 0
173 0
174 0
175 0
176 0
177 0
178 0
179 0
180 0
181 0
182 0
183 0
184 0
185 0
186 0
187 0
188 0
189 0
190 0
191 0
192 0
193 0
194 0
195 0
196 0
197 0
198 0
199 0
200 0
