2 8
16 8
55 8
24 7
155 2
75 3
7 1
21 1
1 0
34 7
80 3
54 7
169 2
158 5
13 6
190 2
174 5
144 4
37 1
26 6
190 10
174 10
169 10
158 10
155 10
144 10
126 10
125 10
111 10
105 10
103 10
80 10
75 10
59 10
57 10
55 10
54 10
37 10
34 10
26 10
24 10
21 10
18 10
16 10
2 0
13 10
7 10
141 9
88 4
27 10
30 10
101 7
66 10
89 4
171 5
167 2
4 6
69 10
93 4
104 7
49 6
14 9
3 0
112 3
160 3
175 5
188 5
193 8
188 8
175 8
171 8
167 8
160 8
154 8
151 8
112 8
106 8
104 8
101 8
95 8
93 8
92 8
89 8
88 8
86 8
76 8
69 8
67 8
66 8
53 8
49 8
4 0
32 8
30 8
27 8
14 8
7 8
6 8
96 4
20 10
81 10
68 8
138 1
45 6
136 4
119 10
5 0
10 1
159 9
200 2
135 10
102 8
132 8
197 3
147 5
60 6
15 1
200 7
197 7
196 7
189 7
159 7
147 7
141 7
139 7
136 7
135 7
132 7
119 7
114 7
109 7
102 7
96 7
87 7
81 7
77 7
68 7
6 0
7 0
60 7
48 7
45 7
20 7
15 7
14 7
13 7
10 7
172 9
98 8
182 4
137 5
43 10
78 10
51 7
113 8
33 3
153 1
145 5
8 0
192 4
131 8
90 10
192 2
182 2
181 2
177 2
172 2
170 2
164 2
153 2
145 2
138 2
137 2
133 2
131 2
129 2
116 2
113 2
107 2
98 2
90 2
78 2
72 2
58 2
51 2
43 2
33 2
27 2
16 2
10 2
173 9
198 4
146 3
100 5
35 8
195 1
31 10
73 8
61 10
9 0
10 0
39 2
44 2
161 3
149 5
127 8
183 9
165 3
198 6
195 6
186 6
183 6
178 6
173 6
165 6
161 6
149 6
146 6
143 6
128 6
127 6
117 6
108 6
100 6
73 6
70 6
62 6
61 6
46 6
44 6
41 6
40 6
39 6
35 6
31 6
30 6
18 6
16 6
13 6
140 9
166 3
28 2
17 7
64 8
25 10
11 0
22 7
166 4
148 4
140 4
120 4
115 4
99 4
85 4
64 4
32 4
29 4
28 4
27 4
25 4
22 4
21 4
17 4
14 4
13 4
123 3
152 5
150 3
12 0
13 0
14 0
15 0
16 0
17 0
18 0
168 1
191 1
194 1
82 8
42 2
36 6
184 5
52 2
194 9
191 9
184 9
168 9
163 9
152 9
150 9
142 9
123 9
122 9
110 9
84 9
82 9
79 9
52 9
49 9
42 9
36 9
33 9
30 9
24 9
21 9
20 9
199 5
162 8
94 7
63 2
179 3
23 4
56 6
91 2
83 6
19 0
20 0
21 0
130 7
199 1
185 1
179 1
176 1
162 1
157 1
130 1
121 1
94 1
91 1
83 1
63 1
56 1
53 1
45 1
43 1
31 1
26 1
24 1
23 1
22 0
23 0
24 0
25 0
26 0
27 0
28 0
29 0
30 0
31 0
32 0
33 0
34 0
35 0
36 0
37 0
156 8
124 4
65 10
38 0
39 0
40 0
41 0
42 0
43 0
44 0
45 0
46 0
97 10
50 9
180 8
187 3
180 3
156 3
124 3
118 3
47 0
48 0
97 3
74 3
66 3
65 3
64 3
61 3
60 3
54 3
53 3
51 3
50 3
49 0
50 0
51 0
52 0
53 0
54 0
55 0
56 0
57 0
58 0
59 0
60 0
61 0
62 0
63 0
64 0
65 0
66 0
67 0
68 0
69 0
70 0
134 4
71 0
72 0
73 0
74 0
75 0
76 0
77 0
78 0
79 0
80 0
81 0
82 0
83 0
84 0
134 5
85 0
86 0
87 0
88 0
89 0
90 0
91 0
92 0
93 0
94 0
95 0
96 0
97 0
98 0
99 0
100 0
101 0
102 0
103 0
104 0
105 0
106 0
107 0
108 0
109 0
110 0
111 0
112 0
113 0
114 0
115 0
116 0
117 0
118 0
119 0
120 0
121 0
122 0
123 0
124 0
125 0
126 0
127 0
128 0
129 0
130 0
131 0
132 0
133 0
134 0
135 0
136 0
137 0
138 0
139 0
140 0
141 0
142 0
143 0
144 0
145 0
146 0
147 0
148 0
149 0
150 0
151 0
152 0
153 0
154 0
155 0
156 0
157 0
158 0
159 0
160 0
161 0
162 0
163 0
164 0
165 0
166 0
167 0
168 0
169 0
170 0
171 0
172 0
173 0
174 0
175 0
176 0
177 0
178 0
179 0
180 0
181 0
182 0
183 0
184 0
185 0
186 0
187 0
188 0
189 0
190 0
191 0
192 0
193 0
194 0
195 0
196 0
197 0
198 0
199 0
200 0
