5 10
132 7
133 7
108 1
100 3
32 10
180 8
164 2
60 5
81 4
1 0
99 4
142 7
192 6
182 8
50 10
157 7
83 5
89 5
63 10
192 9
187 9
182 9
180 9
166 9
164 9
157 9
142 9
135 9
133 9
132 9
116 9
108 9
106 9
100 9
99 9
94 9
89 9
83 9
81 9
80 9
75 9
63 9
60 9
56 9
50 9
32 9
21 9
5 9
78 2
92 2
57 10
86 10
137 6
74 9
18 3
46 3
19 1
145 6
104 2
128 2
40 1
175 4
96 10
25 1
178 4
2 0
151 6
189 5
186 5
183 5
178 5
175 5
163 5
151 5
145 5
137 5
128 5
127 5
119 5
104 5
96 5
92 5
86 5
78 5
74 5
57 5
54 5
53 5
48 5
46 5
31 5
25 5
18 5
9 5
6 5
5 5
120 7
37 9
36 5
55 1
138 10
103 1
70 9
59 5
167 6
8 2
26 2
45 2
171 6
3 0
122 7
30 6
107 1
112 1
82 9
194 3
174 3
138 3
126 3
125 3
122 3
120 3
117 3
112 3
107 3
103 3
91 3
82 3
70 3
59 3
55 3
45 3
40 3
38 3
37 3
36 3
30 3
26 3
21 3
19 3
12 3
8 3
5 3
95 8
44 9
115 1
51 9
150 4
17 5
141 1
179 10
109 8
76 9
90 9
140 8
172 6
16 3
4 0
179 7
176 7
173 7
172 7
171 7
167 7
150 7
147 7
141 7
140 7
139 7
123 7
115 7
109 7
98 7
95 7
90 7
76 7
72 7
69 7
51 7
44 7
32 7
27 7
22 7
17 7
16 7
5 0
6 0
10 7
9 7
8 7
197 10
195 8
64 9
131 1
152 1
71 9
190 1
111 9
7 0
8 0
9 0
10 0
87 2
102 2
165 9
136 2
39 6
197 4
195 4
190 4
185 4
184 4
165 4
160 4
152 4
136 4
131 4
124 4
111 4
102 4
101 4
87 4
79 4
71 4
64 4
50 4
49 4
39 4
35 4
18 4
16 4
12 4
153 8
196 10
200 10
105 9
15 4
154 8
33 5
144 9
181 1
11 0
77 5
161 6
43 3
200 2
196 2
181 2
169 2
161 2
156 2
155 2
154 2
153 2
144 2
121 2
110 2
105 2
77 2
66 2
65 2
56 2
43 2
33 2
25 2
19 2
17 2
15 2
12 0
143 9
47 5
52 5
14 1
14 6
29 7
34 7
13 0
14 0
15 0
16 0
17 0
18 0
19 0
97 5
193 8
24 3
84 4
159 10
134 5
73 7
193 1
170 1
162 1
159 1
149 1
148 1
146 1
143 1
134 1
97 1
84 1
73 1
60 1
52 1
47 1
35 1
34 1
31 1
29 1
28 1
25 1
24 1
22 1
21 1
177 6
85 9
62 5
42 4
158 9
130 5
191 6
114 4
20 0
21 0
22 0
41 2
199 8
199 10
198 10
191 10
177 10
158 10
130 10
129 10
114 10
88 10
85 10
67 10
63 10
62 10
46 10
42 10
41 10
39 10
33 10
27 10
26 10
24 10
168 8
58 4
93 9
23 0
24 0
25 0
26 0
27 0
28 0
29 0
30 0
31 0
32 0
33 0
34 0
35 0
36 0
37 0
38 0
39 0
40 0
41 0
42 0
43 0
44 0
45 0
46 0
47 0
48 0
188 8
68 10
188 6
168 6
118 6
113 6
93 6
75 6
68 6
62 6
61 6
58 6
49 0
50 0
51 0
52 0
53 0
54 0
55 0
56 0
57 0
58 0
59 0
60 0
61 0
62 0
63 0
64 0
65 0
66 0
67 0
68 0
69 0
70 0
71 0
72 0
73 0
74 0
75 0
76 0
77 0
78 0
79 0
80 0
81 0
82 0
83 0
84 0
85 0
86 0
87 0
88 0
89 0
90 0
91 0
92 0
93 0
94 0
95 0
96 0
97 0
98 0
99 0
100 0
101 0
102 0
103 0
104 0
105 0
106 0
107 0
108 0
109 0
110 0
111 0
112 0
113 0
114 0
115 0
116 0
117 0
118 0
119 0
120 0
121 0
122 0
123 0
124 0
125 0
126 0
127 0
128 0
129 0
130 0
131 0
132 0
133 0
134 0
135 0
136 0
137 0
138 0
139 0
140 0
141 0
142 0
143 0
144 0
145 0
146 0
147 0
148 0
149 0
150 0
151 0
152 0
153 0
154 0
155 0
156 0
157 0
158 0
159 0
160 0
161 0
162 0
163 0
164 0
165 0
166 0
167 0
168 0
169 0
170 0
171 0
172 0
173 0
174 0
175 0
176 0
177 0
178 0
179 0
180 0
181 0
182 0
183 0
184 0
185 0
186 0
187 0
188 0
189 0
190 0
191 0
192 0
193 0
194 0
195 0
196 0
197 0
198 0
199 0
200 0
