132 7
102 8
9 7
154 8
157 8
48 1
169 5
50 1
156 9
85 3
79 2
194 4
70 1
1 0
168 8
101 3
2 0
119 3
165 9
16 7
194 6
171 6
169 6
168 6
165 6
158 6
157 6
156 6
154 6
119 6
108 6
102 6
101 6
99 6
85 6
79 6
77 6
71 6
70 6
66 6
58 6
56 6
53 6
50 6
48 6
31 6
27 6
16 6
9 6
135 7
6 4
45 1
81 10
140 8
38 6
111 10
25 4
3 0
60 1
28 4
49 6
143 8
104 1
10 7
164 3
146 8
177 9
164 9
160 9
146 9
143 9
140 9
136 9
134 9
130 9
111 9
104 9
81 9
73 9
65 9
60 9
55 9
54 9
49 9
45 9
43 9
39 9
38 9
28 9
25 9
18 9
15 9
10 9
9 9
6 9
131 1
30 6
126 6
40 9
161 7
180 10
122 9
17 10
128 6
80 10
4 0
92 10
170 7
114 10
34 8
41 8
176 7
196 2
193 2
182 2
176 2
170 2
161 2
153 2
135 2
132 2
131 2
128 2
126 2
122 2
121 2
114 2
93 2
92 2
80 2
47 2
46 2
41 2
40 2
34 2
30 2
17 2
16 2
12 2
6 2
118 5
78 6
8 2
5 0
152 4
95 6
190 3
87 9
62 2
19 10
150 5
89 9
112 6
63 2
139 6
37 10
166 4
13 1
195 7
190 7
181 7
166 7
152 7
151 7
150 7
144 7
139 7
133 7
118 7
112 7
103 7
95 7
91 7
89 7
87 7
78 7
69 7
63 7
62 7
37 7
27 7
19 7
13 7
9 7
8 7
6 0
109 6
61 2
76 2
167 4
186 10
59 9
84 2
23 7
7 0
74 9
155 5
24 7
198 3
186 3
180 3
172 3
167 3
163 3
155 3
148 3
113 3
109 3
97 3
86 3
84 3
83 3
76 3
75 3
74 3
61 3
59 3
31 3
24 3
23 3
8 0
9 0
10 0
15 3
14 3
13 3
12 3
124 8
106 6
110 6
20 7
51 7
115 6
11 0
12 0
13 0
14 0
15 0
16 0
17 0
18 0
32 2
120 6
197 4
175 10
192 10
200 1
197 1
192 1
191 1
175 1
162 1
147 1
138 1
137 1
124 1
120 1
116 1
115 1
110 1
106 1
98 1
90 1
57 1
52 1
51 1
48 1
44 1
32 1
30 1
25 1
23 1
20 1
19 0
20 0
82 6
129 4
96 6
21 0
33 9
188 5
183 10
187 10
179 4
145 6
188 8
187 8
183 8
179 8
178 8
145 8
142 8
129 8
123 8
96 8
82 8
50 8
36 8
34 8
33 8
28 8
27 8
24 8
23 8
189 4
117 5
125 5
184 5
22 0
23 0
24 0
25 0
67 6
141 6
88 2
64 9
72 9
199 4
100 2
199 10
189 10
184 10
149 10
141 10
125 10
117 10
107 10
100 10
88 10
72 10
67 10
64 10
53 10
40 10
38 10
37 10
31 10
30 10
27 10
174 7
29 8
68 3
127 3
35 1
26 0
27 0
94 6
185 5
174 5
173 5
159 5
127 5
94 5
68 5
62 5
59 5
56 5
42 5
41 5
39 5
35 5
32 5
30 5
29 5
28 0
29 0
30 0
31 0
32 0
33 0
34 0
35 0
36 0
37 0
38 0
39 0
40 0
41 0
42 0
43 0
44 0
45 0
46 0
47 0
48 0
49 0
50 0
51 0
52 0
53 0
54 0
55 0
56 0
57 0
58 0
59 0
60 0
61 0
62 0
63 0
64 0
65 0
66 0
67 0
68 0
69 0
70 0
71 0
72 0
73 0
74 0
75 0
76 0
77 0
78 0
79 0
80 0
81 0
82 0
83 0
84 0
85 0
86 0
87 0
88 0
89 0
90 0
91 0
92 0
93 0
94 0
95 0
96 0
97 0
98 0
99 0
100 0
101 0
102 0
103 0
104 0
105 0
106 0
107 0
108 0
109 0
110 0
111 0
112 0
113 0
114 0
115 0
116 0
117 0
118 0
119 0
120 0
121 0
122 0
123 0
124 0
125 0
126 0
127 0
128 0
129 0
130 0
131 0
132 0
133 0
134 0
135 0
136 0
137 0
138 0
139 0
140 0
141 0
142 0
143 0
144 0
145 0
146 0
147 0
148 0
149 0
150 0
151 0
152 0
153 0
154 0
155 0
156 0
157 0
158 0
159 0
160 0
161 0
162 0
163 0
164 0
165 0
166 0
167 0
168 0
169 0
170 0
171 0
172 0
173 0
174 0
175 0
176 0
177 0
178 0
179 0
180 0
181 0
182 0
183 0
184 0
185 0
186 0
187 0
188 0
189 0
190 0
191 0
192 0
193 0
194 0
195 0
196 0
197 0
198 0
199 0
200 0
