6 9
89 5
53 6
31 3
93 5
118 5
17 9
8 1
1 0
180 8
130 4
172 4
115 10
33 3
37 3
196 8
43 3
147 5
157 5
117 10
196 7
180 7
172 7
164 7
157 7
147 7
135 7
130 7
122 7
118 7
117 7
115 7
93 7
89 7
87 7
81 7
76 7
64 7
53 7
49 7
43 7
37 7
33 7
31 7
20 7
17 7
10 7
8 7
7 7
6 7
2 0
84 1
60 7
69 7
146 6
192 4
114 3
29 2
116 3
3 0
110 5
42 2
150 6
185 9
139 3
44 2
160 10
192 8
185 8
162 8
160 8
155 8
151 8
150 8
146 8
139 8
116 8
114 8
110 8
106 8
102 8
101 8
90 8
84 8
69 8
65 8
60 8
47 8
46 8
44 8
42 8
29 8
6 8
179 4
198 9
128 1
199 9
4 0
169 3
189 4
86 2
131 1
190 4
176 3
142 1
177 3
73 7
188 3
138 6
18 8
199 10
198 10
190 10
189 10
188 10
183 10
182 10
179 10
177 10
176 10
169 10
159 10
145 10
143 10
142 10
138 10
132 10
131 10
128 10
113 10
111 10
109 10
104 10
92 10
86 10
85 10
77 10
75 10
73 10
45 10
32 10
22 10
18 10
7 10
6 10
123 9
187 2
200 5
40 8
165 9
19 7
167 9
50 8
184 9
59 8
170 6
121 4
186 9
156 4
5 0
6 0
7 0
127 8
200 1
197 1
187 1
186 1
184 1
170 1
167 1
165 1
156 1
153 1
127 1
123 1
121 1
108 1
97 1
78 1
74 1
62 1
59 1
55 1
50 1
40 1
29 1
24 1
23 1
19 1
8 0
18 1
10 1
148 9
144 5
21 7
193 6
99 3
70 8
194 6
173 9
9 0
10 0
124 3
98 8
103 8
57 10
26 7
191 9
195 2
194 2
193 2
191 2
181 2
173 2
168 2
148 2
144 2
141 2
124 2
112 2
107 2
103 2
99 2
98 2
70 2
57 2
54 2
51 2
42 2
27 2
26 2
22 2
21 2
18 2
17 2
14 2
39 10
91 8
79 10
158 3
11 0
105 6
80 10
133 4
154 4
12 0
30 7
119 6
15 2
175 5
158 5
154 5
134 5
133 5
129 5
119 5
105 5
100 5
94 5
91 5
80 5
79 5
52 5
44 5
41 5
39 5
35 5
32 5
30 5
20 5
19 5
15 5
14 5
38 7
137 9
140 9
178 4
67 8
48 10
13 0
14 0
15 0
136 6
66 10
88 8
83 10
178 3
166 3
140 3
137 3
136 3
125 3
88 3
83 3
72 3
67 3
66 3
61 3
48 3
46 3
45 3
38 3
31 3
28 3
23 3
19 3
17 3
68 8
82 10
152 9
16 0
17 0
18 0
19 0
20 0
21 0
22 0
23 0
24 0
163 9
63 7
174 4
163 4
152 4
149 4
96 4
82 4
73 4
68 4
63 4
56 4
47 4
33 4
30 4
29 4
28 4
26 4
120 10
25 0
26 0
27 0
28 0
29 0
30 0
31 0
32 0
33 0
36 5
126 10
58 4
171 9
161 9
126 9
120 9
75 9
71 9
60 9
58 9
47 9
42 9
40 9
38 9
37 9
36 9
35 9
95 10
34 0
35 0
36 0
37 0
38 0
39 0
40 0
41 0
42 0
43 0
44 0
45 0
46 0
47 0
48 0
49 0
50 0
51 0
52 0
53 0
54 0
55 0
56 0
57 0
58 0
59 0
60 0
61 0
62 0
63 0
64 0
65 0
66 0
67 0
68 0
69 0
70 0
71 0
72 0
73 0
74 0
75 0
76 0
120 6
98 6
95 6
77 0
78 0
79 0
80 0
81 0
82 0
83 0
84 0
85 0
86 0
87 0
88 0
89 0
90 0
91 0
92 0
93 0
94 0
95 0
96 0
97 0
98 0
99 0
100 0
101 0
102 0
103 0
104 0
105 0
106 0
107 0
108 0
109 0
110 0
111 0
112 0
113 0
114 0
115 0
116 0
117 0
118 0
119 0
120 0
121 0
122 0
123 0
124 0
125 0
126 0
127 0
128 0
129 0
130 0
131 0
132 0
133 0
134 0
135 0
136 0
137 0
138 0
139 0
140 0
141 0
142 0
143 0
144 0
145 0
146 0
147 0
148 0
149 0
150 0
151 0
152 0
153 0
154 0
155 0
156 0
157 0
158 0
159 0
160 0
161 0
162 0
163 0
164 0
165 0
166 0
167 0
168 0
169 0
170 0
171 0
172 0
173 0
174 0
175 0
176 0
177 0
178 0
179 0
180 0
181 0
182 0
183 0
184 0
185 0
186 0
187 0
188 0
189 0
190 0
191 0
192 0
193 0
194 0
195 0
196 0
197 0
198 0
199 0
200 0
