31 10
166 8
25 5
141 3
72 9
168 8
43 10
3 3
74 9
1 0
107 9
191 2
167 9
75 10
135 10
54 5
21 3
52 3
188 4
159 10
196 1
191 1
190 1
188 1
178 1
169 1
168 1
167 1
166 1
159 1
135 1
124 1
107 1
104 1
102 1
100 1
75 1
74 1
72 1
60 1
54 1
52 1
43 1
39 1
31 1
25 1
2 0
21 1
3 0
16 1
8 1
116 4
103 5
61 1
77 1
32 9
92 1
163 6
144 3
55 9
118 4
117 8
69 9
175 6
4 0
45 7
45 8
20 8
160 3
106 5
187 7
186 7
182 7
175 7
163 7
160 7
151 7
150 7
144 7
141 7
118 7
116 7
110 7
106 7
103 7
101 7
99 7
92 7
77 7
69 7
63 7
61 7
55 7
49 7
32 7
20 7
12 7
8 7
189 10
136 3
5 0
139 3
89 5
155 6
50 8
29 1
14 7
199 10
26 7
149 3
128 9
53 8
44 1
184 6
199 2
189 2
184 2
161 2
155 2
154 2
152 2
149 2
139 2
136 2
130 2
128 2
123 2
113 2
90 2
89 2
84 2
81 2
53 2
50 2
45 2
44 2
30 2
29 2
26 2
16 2
14 2
13 2
8 2
133 4
28 1
35 1
98 6
142 4
115 10
41 1
7 5
7 3
157 9
172 9
37 7
6 0
7 0
8 0
164 4
174 9
170 4
64 1
171 4
183 5
174 5
172 5
171 5
170 5
164 5
157 5
153 5
142 5
133 5
127 5
120 5
117 5
115 5
111 5
109 5
98 5
80 5
70 5
64 5
59 5
57 5
9 0
41 5
37 5
35 5
28 5
23 5
21 5
13 5
12 5
148 4
36 1
180 8
78 1
185 8
200 3
24 7
83 1
112 10
66 7
125 10
48 2
10 0
177 4
181 4
179 6
200 9
192 9
185 9
181 9
180 9
179 9
177 9
162 9
148 9
145 9
131 9
125 9
112 9
91 9
83 9
78 9
66 9
48 9
40 9
36 9
25 9
24 9
20 9
14 9
12 9
198 3
126 4
18 2
93 7
176 10
82 1
17 5
195 6
71 2
147 4
34 5
15 9
65 5
11 0
86 1
33 9
198 8
195 8
194 8
193 8
176 8
158 8
147 8
140 8
132 8
129 8
126 8
93 8
86 8
85 8
82 8
71 8
65 8
34 8
33 8
32 8
31 8
22 8
19 8
18 8
17 8
16 8
15 8
12 0
13 0
14 0
15 0
16 0
17 0
18 0
19 0
20 0
21 0
22 0
23 0
24 0
25 0
26 0
51 7
56 7
137 4
121 7
97 1
134 7
27 0
28 0
29 0
30 0
31 0
32 0
33 0
34 0
35 0
36 0
37 0
67 8
197 6
138 6
137 6
134 6
122 6
121 6
119 6
97 6
76 6
68 6
67 6
65 6
62 6
58 6
56 6
51 6
49 6
47 6
46 6
44 6
41 6
40 6
39 6
108 8
173 3
88 5
165 4
38 0
39 0
40 0
41 0
73 7
173 10
165 10
146 10
143 10
108 10
95 10
42 0
43 0
44 0
45 0
46 0
47 0
48 0
49 0
50 0
51 0
52 0
53 0
54 0
88 10
81 10
79 10
73 10
55 0
56 0
57 0
58 0
59 0
60 0
61 0
62 0
63 0
64 0
65 0
66 0
67 0
68 0
69 0
70 0
71 0
72 0
73 0
74 0
75 0
76 0
77 0
78 0
79 0
80 0
81 0
82 0
83 0
84 0
85 0
86 0
156 3
87 0
88 0
89 0
90 0
91 0
92 0
93 0
156 4
126 4
113 4
112 4
105 4
100 4
99 4
98 4
97 4
95 4
114 5
96 4
94 0
129 3
125 3
123 3
119 3
114 3
109 3
108 3
102 3
101 3
96 3
95 0
96 0
97 0
98 0
99 0
100 0
101 0
102 0
103 0
104 0
105 0
106 0
107 0
108 0
109 0
110 0
111 0
112 0
113 0
114 0
115 0
116 0
117 0
118 0
119 0
120 0
121 0
122 0
123 0
124 0
125 0
126 0
127 0
128 0
129 0
130 0
131 0
132 0
133 0
134 0
135 0
136 0
137 0
138 0
139 0
140 0
141 0
142 0
143 0
144 0
145 0
146 0
147 0
148 0
149 0
150 0
151 0
152 0
153 0
154 0
155 0
156 0
157 0
158 0
159 0
160 0
161 0
162 0
163 0
164 0
165 0
166 0
167 0
168 0
169 0
170 0
171 0
172 0
173 0
174 0
175 0
176 0
177 0
178 0
179 0
180 0
181 0
182 0
183 0
184 0
185 0
186 0
187 0
188 0
189 0
190 0
191 0
192 0
193 0
194 0
195 0
196 0
197 0
198 0
199 0
200 0
