139 2
188 3
58 6
184 2
51 4
14 2
152 1
124 8
1 0
63 10
78 5
18 2
29 2
181 1
160 8
112 5
147 5
61 6
62 6
93 10
193 7
188 7
181 7
177 7
175 7
172 7
160 7
152 7
147 7
140 7
128 7
124 7
112 7
102 7
93 7
78 7
77 7
63 7
62 7
61 7
59 7
58 7
51 7
45 7
38 7
31 7
29 7
22 7
18 7
17 7
14 7
192 2
111 3
19 7
150 10
2 0
89 4
11 2
162 5
27 7
153 10
99 4
40 7
173 5
32 2
182 5
104 6
12 4
43 7
183 1
182 1
173 1
162 1
154 1
153 1
150 1
125 1
113 1
111 1
108 1
104 1
101 1
43 1
40 1
32 1
27 1
19 1
14 1
12 1
11 1
4 1
151 4
196 2
145 7
117 1
186 3
100 4
161 5
26 10
26 6
163 5
8 3
71 6
81 6
52 3
49 5
176 9
159 7
3 0
50 5
196 10
192 10
184 10
176 10
167 10
164 10
159 10
158 10
145 10
139 10
132 10
127 10
117 10
4 0
100 10
81 10
71 10
52 10
50 10
49 10
46 10
39 10
26 10
17 10
15 10
11 10
8 10
200 9
42 7
82 7
80 1
5 0
10 10
134 8
142 8
23 10
25 10
109 7
131 7
103 1
119 1
20 2
20 2
20 8
149 7
24 8
200 2
199 2
189 2
186 2
179 2
163 2
161 2
157 2
156 2
155 2
151 2
149 2
137 2
131 2
129 2
119 2
109 2
103 2
99 2
89 2
82 2
80 2
55 2
44 2
42 2
25 2
24 2
23 2
20 2
18 2
12 2
10 2
8 2
7 2
191 5
34 7
168 3
166 8
133 4
65 7
75 9
169 3
13 10
6 0
7 0
8 0
16 1
97 9
170 3
115 9
198 5
121 9
178 3
198 6
191 6
185 6
178 6
170 6
169 6
168 6
166 6
165 6
142 6
135 6
134 6
133 6
126 6
121 6
115 6
106 6
97 6
75 6
74 6
67 6
65 6
37 6
35 6
34 6
33 6
22 6
16 6
14 6
13 6
11 6
10 6
68 7
88 7
30 1
72 1
122 8
9 0
10 0
11 0
12 0
13 0
14 0
15 0
16 0
17 0
18 0
41 10
171 5
138 9
79 1
190 3
187 3
171 3
141 3
138 3
136 3
122 3
120 3
116 3
110 3
88 3
86 3
79 3
73 3
72 3
70 3
69 3
68 3
66 3
60 3
54 3
41 3
30 3
19 0
20 0
29 3
27 3
26 3
23 3
22 3
85 4
56 10
76 10
114 9
64 6
57 1
21 0
22 0
23 0
24 0
25 0
26 0
27 0
118 8
114 8
107 8
96 8
85 8
83 8
76 8
64 8
57 8
56 8
47 8
42 8
39 8
33 8
32 8
31 8
29 8
90 10
28 0
29 0
30 0
31 0
32 0
33 0
34 0
35 0
174 5
92 10
195 5
194 9
53 2
94 10
91 2
95 10
195 4
194 4
174 4
130 4
123 4
95 4
94 4
92 4
91 4
90 4
53 4
46 4
44 4
41 4
40 4
39 4
38 4
37 4
180 9
143 6
197 9
146 6
98 2
36 0
37 0
38 0
39 0
40 0
41 0
42 0
43 0
44 0
45 0
46 0
47 0
144 1
87 8
105 2
197 5
180 5
148 5
48 0
49 0
50 0
51 0
52 0
53 0
54 0
146 5
144 5
143 5
105 5
101 5
98 5
55 0
90 5
87 5
56 0
57 0
58 0
59 0
60 0
61 0
62 0
63 0
64 0
65 0
66 0
67 0
68 0
69 0
70 0
71 0
72 0
73 0
74 0
75 0
76 0
77 0
78 0
79 0
80 0
81 0
82 0
83 0
84 0
85 0
86 0
87 0
88 0
89 0
90 0
91 0
92 0
93 0
94 0
95 0
96 0
97 0
98 0
99 0
100 0
101 0
102 0
103 0
104 0
105 0
106 0
107 0
108 0
109 0
110 0
111 0
112 0
113 0
114 0
115 0
116 0
117 0
118 0
119 0
120 0
121 0
122 0
123 0
124 0
125 0
126 0
127 0
128 0
129 0
130 0
131 0
132 0
133 0
134 0
135 0
136 0
137 0
138 0
139 0
140 0
141 0
142 0
143 0
144 0
145 0
146 0
147 0
148 0
149 0
150 0
151 0
152 0
153 0
154 0
155 0
156 0
157 0
158 0
159 0
160 0
161 0
162 0
163 0
164 0
165 0
166 0
167 0
168 0
169 0
170 0
171 0
172 0
173 0
174 0
175 0
176 0
177 0
178 0
179 0
180 0
181 0
182 0
183 0
184 0
185 0
186 0
187 0
188 0
189 0
190 0
191 0
192 0
193 0
194 0
195 0
196 0
197 0
198 0
199 0
200 0
