113 2
24 5
112 8
41 5
116 4
91 10
145 4
1 0
128 2
44 5
122 8
154 4
167 4
69 9
131 2
20 5
10 8
79 9
67 5
196 7
199 3
196 3
187 3
177 3
167 3
154 3
151 3
145 3
131 3
128 3
117 3
116 3
115 3
113 3
93 3
91 3
79 3
69 3
67 3
65 3
50 3
49 3
48 3
47 3
27 3
20 3
18 3
11 3
10 3
4 3
59 5
2 0
51 3
26 6
137 4
58 3
70 5
141 4
30 6
146 4
162 1
86 2
19 8
98 10
165 1
100 10
175 1
175 7
165 7
162 7
160 7
146 7
141 7
137 7
133 7
126 7
100 7
98 7
96 7
86 7
80 7
75 7
72 7
70 7
59 7
58 7
51 7
44 7
41 7
35 7
30 7
26 7
24 7
23 7
19 7
7 7
4 7
171 2
92 1
173 2
190 10
3 0
4 0
140 8
170 8
180 2
185 2
57 5
200 10
182 8
45 4
188 2
16 3
134 9
62 5
200 6
190 6
188 6
185 6
183 6
182 6
180 6
173 6
171 6
170 6
161 6
140 6
134 6
122 6
119 6
112 6
92 6
84 6
77 6
71 6
62 6
57 6
45 6
37 6
36 6
34 6
29 6
16 6
10 6
7 6
136 10
64 7
5 0
90 4
152 10
110 4
108 7
56 3
46 6
123 4
8 4
176 5
118 7
124 7
195 2
194 2
178 2
176 2
166 2
164 2
152 2
136 2
135 2
124 2
118 2
108 2
106 2
104 2
64 2
56 2
54 2
46 2
19 2
11 2
8 2
7 2
147 4
88 7
78 3
150 9
186 5
28 6
158 9
192 10
83 3
155 4
120 1
42 6
129 1
6 0
7 0
8 0
114 7
193 10
103 3
193 8
192 8
189 8
186 8
181 8
158 8
155 8
150 8
149 8
147 8
129 8
123 8
120 8
114 8
110 8
107 8
103 8
102 8
94 8
90 8
88 8
87 8
83 8
78 8
76 8
60 8
53 8
42 8
38 8
28 8
23 8
18 8
15 8
11 8
10 8
85 7
14 8
138 10
74 3
179 5
9 0
66 2
21 6
82 3
52 6
169 10
198 9
184 9
179 9
169 9
148 9
138 9
127 9
111 9
105 9
85 9
82 9
74 9
66 9
55 9
52 9
43 9
32 9
24 9
21 9
20 9
19 9
16 9
14 9
10 0
11 0
73 2
142 4
22 8
12 0
101 2
168 1
157 1
156 1
142 1
132 1
101 1
89 1
73 1
68 1
46 1
33 1
29 1
27 1
26 1
22 1
15 1
14 1
130 10
191 4
97 2
109 2
197 4
163 10
13 0
14 0
15 0
16 0
172 10
17 0
18 0
19 0
20 0
21 0
22 0
23 0
24 0
63 3
144 2
197 5
191 5
172 5
163 5
144 5
143 5
130 5
109 5
97 5
63 5
61 5
54 5
47 5
34 5
32 5
30 5
28 5
26 5
139 2
25 0
26 0
27 0
28 0
29 0
30 0
31 0
32 0
33 0
34 0
35 0
36 0
37 0
38 0
153 2
39 0
159 10
153 10
139 10
81 10
56 10
48 10
47 10
46 10
45 10
43 10
42 10
41 10
125 1
121 2
174 1
95 6
99 6
40 0
41 0
42 0
43 0
44 0
45 0
46 0
47 0
48 0
49 0
50 0
51 0
52 0
53 0
54 0
55 0
56 0
174 4
125 4
121 4
99 4
95 4
57 0
58 0
59 0
60 0
61 0
62 0
63 0
64 0
65 0
66 0
67 0
68 0
69 0
70 0
71 0
72 0
73 0
74 0
75 0
76 0
77 0
78 0
79 0
80 0
81 0
82 0
83 0
84 0
85 0
86 0
87 0
88 0
89 0
90 0
91 0
92 0
93 0
94 0
95 0
96 0
97 0
98 0
99 0
100 0
101 0
102 0
103 0
104 0
105 0
106 0
107 0
108 0
109 0
110 0
111 0
112 0
113 0
114 0
115 0
116 0
117 0
118 0
119 0
120 0
121 0
122 0
123 0
124 0
125 0
126 0
127 0
128 0
129 0
130 0
131 0
132 0
133 0
134 0
135 0
136 0
137 0
138 0
139 0
140 0
141 0
142 0
143 0
144 0
145 0
146 0
147 0
148 0
149 0
150 0
151 0
152 0
153 0
154 0
155 0
156 0
157 0
158 0
159 0
160 0
161 0
162 0
163 0
164 0
165 0
166 0
167 0
168 0
169 0
170 0
171 0
172 0
173 0
174 0
175 0
176 0
177 0
178 0
179 0
180 0
181 0
182 0
183 0
184 0
185 0
186 0
187 0
188 0
189 0
190 0
191 0
192 0
193 0
194 0
195 0
196 0
197 0
198 0
199 0
200 0
