117 7
43 6
9 8
124 9
127 9
163 4
111 1
156 9
1 0
168 4
52 6
49 8
188 2
197 2
37 10
37 3
62 6
128 7
6 2
137 7
38 3
168 10
163 10
156 10
137 10
136 10
128 10
127 10
124 10
119 10
117 10
115 10
111 10
105 10
90 10
75 10
72 10
63 10
62 10
52 10
49 10
43 10
38 10
37 10
32 10
25 10
24 10
11 10
9 10
6 10
172 6
200 2
34 10
101 5
69 10
31 4
2 0
88 10
47 4
78 4
109 5
99 10
183 6
177 8
104 10
132 7
178 8
27 4
39 4
20 9
200 3
197 3
191 3
188 3
183 3
178 3
177 3
176 3
172 3
171 3
162 3
145 3
139 3
132 3
130 3
122 3
110 3
109 3
104 3
101 3
99 3
88 3
85 3
81 3
74 3
69 3
68 3
61 3
46 3
39 3
34 3
27 3
21 3
20 3
18 3
6 3
131 9
100 6
199 7
95 4
129 6
22 10
3 0
58 10
70 1
134 9
26 3
181 8
165 2
96 4
102 4
56 3
116 4
199 5
181 5
179 5
175 5
165 5
144 5
134 5
131 5
129 5
116 5
114 5
102 5
100 5
98 5
96 5
95 5
78 5
71 5
70 5
65 5
60 5
58 5
56 5
47 5
33 5
31 5
28 5
26 5
22 5
10 5
9 5
6 5
152 9
12 10
36 3
66 1
126 2
164 8
112 1
17 10
166 8
173 8
148 2
4 0
194 7
182 7
173 7
166 7
164 7
153 7
152 7
148 7
146 7
126 7
125 7
112 7
83 7
66 7
45 7
42 7
41 7
36 7
18 7
17 7
15 7
12 7
11 7
6 7
35 10
149 1
53 8
120 8
151 1
79 10
5 0
6 0
103 10
94 3
14 7
190 9
73 7
169 2
196 6
190 6
187 6
169 6
155 6
151 6
149 6
141 6
133 6
120 6
103 6
94 6
86 6
79 6
76 6
73 6
53 6
50 6
35 6
24 6
23 6
20 6
14 6
11 6
9 6
67 9
192 1
77 9
7 0
92 9
184 4
193 1
91 10
118 2
64 3
161 2
140 9
143 9
193 8
192 8
184 8
161 8
150 8
143 8
140 8
121 8
118 8
97 8
92 8
91 8
87 8
77 8
67 8
64 8
51 8
44 8
30 8
25 8
21 8
16 8
12 8
10 8
9 8
154 4
138 9
13 6
8 0
9 0
10 0
40 10
89 10
54 3
106 10
198 2
186 2
154 2
142 2
138 2
113 2
107 2
106 2
89 2
80 2
59 2
54 2
48 2
40 2
32 2
27 2
22 2
15 2
13 2
11 0
12 0
13 0
14 0
15 0
16 0
17 0
18 0
189 1
157 10
57 7
123 7
159 10
174 10
19 0
20 0
21 0
22 0
23 0
24 0
25 0
26 0
27 0
28 0
55 6
180 10
195 9
189 9
185 9
180 9
174 9
170 9
167 9
159 9
157 9
123 9
108 9
29 0
30 0
31 0
32 0
33 0
34 0
93 9
82 9
57 9
55 9
35 0
36 0
37 0
38 0
39 0
40 0
41 0
42 0
43 0
44 0
45 0
46 0
47 0
48 0
49 0
50 0
51 0
52 0
53 0
54 0
55 0
56 0
57 0
58 0
59 0
60 0
61 0
62 0
63 0
64 0
65 0
66 0
67 0
68 0
69 0
70 0
71 0
72 0
73 0
74 0
75 0
76 0
77 0
78 0
79 0
80 0
81 0
82 0
83 0
158 7
147 5
84 0
85 0
86 0
87 0
88 0
89 0
90 0
91 0
92 0
93 0
94 0
135 9
160 4
158 4
147 4
95 0
96 0
97 0
98 0
99 0
100 0
101 0
102 0
103 0
104 0
105 0
106 0
107 0
135 4
108 0
109 0
110 0
111 0
112 0
113 0
114 0
115 0
116 0
117 0
118 0
119 0
120 0
121 0
122 0
123 0
124 0
125 0
126 0
127 0
128 0
129 0
130 0
131 0
132 0
133 0
134 0
135 0
136 0
137 0
138 0
139 0
140 0
141 0
142 0
143 0
144 0
145 0
146 0
147 0
148 0
149 0
150 0
151 0
152 0
153 0
154 0
155 0
156 0
157 0
158 0
159 0
160 0
161 0
162 0
163 0
164 0
165 0
166 0
167 0
168 0
169 0
170 0
171 0
172 0
173 0
174 0
175 0
176 0
177 0
178 0
179 0
180 0
181 0
182 0
183 0
184 0
185 0
186 0
187 0
188 0
189 0
190 0
191 0
192 0
193 0
194 0
195 0
196 0
197 0
198 0
199 0
200 0
