121 3
196 9
43 7
117 5
125 3
122 5
22 1
45 7
33 1
102 8
111 8
30 10
126 3
25 2
25 2
25 2
25 7
172 6
130 3
1 0
198 9
153 3
93 4
198 2
196 2
172 2
153 2
149 2
131 2
130 2
126 2
125 2
122 2
121 2
120 2
117 2
111 2
102 2
93 2
84 2
76 2
70 2
58 2
52 2
38 2
33 2
30 2
26 2
25 2
22 2
5 2
180 10
56 7
108 1
46 3
32 2
61 7
192 4
79 7
85 7
181 10
179 6
59 3
71 3
44 2
28 4
10 4
64 2
13 4
2 0
195 8
181 8
180 8
179 8
133 8
128 8
123 8
108 8
98 8
85 8
83 8
79 8
71 8
65 8
64 8
61 8
59 8
56 8
46 8
45 8
44 8
43 8
41 8
32 8
27 8
17 8
13 8
10 8
5 8
151 6
140 5
34 4
29 2
3 0
7 8
69 7
66 3
116 9
101 7
11 8
12 8
107 7
47 4
163 6
143 5
193 1
96 3
175 6
193 10
182 10
175 10
165 10
163 10
151 10
150 10
143 10
140 10
124 10
116 10
107 10
101 10
96 10
82 10
73 10
69 10
67 10
66 10
54 10
50 10
47 10
40 10
34 10
29 10
28 10
22 10
12 10
11 10
9 10
4 0
7 10
5 0
171 9
78 6
19 8
185 1
160 3
77 2
6 0
7 0
200 4
91 6
114 6
86 2
145 6
115 2
63 8
95 8
36 10
142 2
200 7
192 7
189 7
187 7
185 7
184 7
171 7
160 7
148 7
145 7
142 7
115 7
114 7
110 7
95 7
94 7
91 7
86 7
81 7
78 7
77 7
63 7
62 7
49 7
48 7
36 7
25 7
19 7
10 7
9 7
72 2
92 1
178 9
8 0
9 0
10 0
11 0
12 0
13 0
191 9
74 2
37 10
80 2
75 10
155 3
113 6
152 6
199 9
199 5
191 5
178 5
164 5
158 5
155 5
152 5
113 5
112 5
105 5
97 5
92 5
89 5
80 5
75 5
74 5
72 5
57 5
51 5
37 5
35 5
26 5
23 5
22 5
20 5
19 5
17 5
60 2
168 1
14 0
68 2
55 10
129 9
137 3
176 1
147 3
173 3
139 9
169 9
31 8
146 6
15 0
176 4
173 4
169 4
168 4
157 4
147 4
146 4
139 4
137 4
132 4
129 4
118 4
90 4
68 4
60 4
55 4
42 4
31 4
30 4
28 4
27 4
25 4
17 4
159 9
183 9
127 7
109 2
16 0
17 0
134 7
136 7
100 8
190 9
167 7
24 5
103 8
197 1
194 1
190 1
183 1
167 1
159 1
156 1
144 1
138 1
136 1
134 1
127 1
109 1
103 1
100 1
88 1
36 1
33 1
32 1
29 1
25 1
24 1
19 1
186 9
99 7
18 0
19 0
20 0
87 8
53 2
21 0
22 0
23 0
24 0
25 0
26 0
27 0
28 0
29 0
30 0
31 0
32 0
33 0
34 0
35 0
36 0
37 0
186 3
177 3
170 3
161 3
119 3
104 3
99 3
88 3
87 3
53 3
38 0
52 3
51 3
48 3
42 3
41 3
40 3
162 6
39 0
40 0
41 0
42 0
43 0
44 0
45 0
46 0
47 0
48 0
49 0
50 0
51 0
52 0
53 0
54 0
55 0
56 0
57 0
58 0
59 0
60 0
61 0
62 0
63 0
64 0
65 0
66 0
67 0
68 0
69 0
70 0
71 0
72 0
73 0
74 0
75 0
76 0
77 0
78 0
79 0
80 0
81 0
82 0
83 0
84 0
85 0
86 0
87 0
88 0
89 0
90 0
91 0
92 0
93 0
94 0
95 0
96 0
97 0
98 0
99 0
100 0
101 0
102 0
103 0
104 0
105 0
166 6
166 9
162 9
135 9
119 9
118 9
112 9
111 9
110 9
109 9
108 9
107 9
141 4
154 4
106 0
107 0
108 0
109 0
110 0
111 0
112 0
113 0
114 0
115 0
116 0
117 0
118 0
119 0
120 0
121 0
122 0
123 0
124 0
125 0
126 0
127 0
128 0
174 3
188 3
188 6
174 6
161 6
154 6
152 6
142 6
141 6
129 0
130 0
131 0
132 0
133 0
134 0
135 0
136 0
137 0
138 0
139 0
140 0
141 0
142 0
143 0
144 0
145 0
146 0
147 0
148 0
149 0
150 0
151 0
152 0
153 0
154 0
155 0
156 0
157 0
158 0
159 0
160 0
161 0
162 0
163 0
164 0
165 0
166 0
167 0
168 0
169 0
170 0
171 0
172 0
173 0
174 0
175 0
176 0
177 0
178 0
179 0
180 0
181 0
182 0
183 0
184 0
185 0
186 0
187 0
188 0
189 0
190 0
191 0
192 0
193 0
194 0
195 0
196 0
197 0
198 0
199 0
200 0
