166 9
35 6
84 6
1 0
83 8
11 8
151 5
56 8
6 1
7 1
50 1
196 9
164 10
98 6
80 8
3 9
139 4
102 6
195 10
91 8
200 3
195 3
176 3
164 3
160 3
153 3
151 3
149 3
139 3
122 3
121 3
117 3
109 3
102 3
98 3
91 3
84 3
80 3
68 3
56 3
52 3
50 3
35 3
33 3
31 3
18 3
11 3
7 3
6 3
3 3
165 6
62 3
127 5
46 4
100 8
60 4
55 7
128 5
177 1
36 8
99 3
2 0
59 7
43 8
66 4
141 5
111 3
158 5
116 3
198 2
196 2
177 2
172 2
166 2
165 2
163 2
161 2
158 2
150 2
141 2
140 2
128 2
127 2
125 2
123 2
116 2
112 2
111 2
99 2
96 2
79 2
66 2
62 2
3 0
60 2
59 2
55 2
54 2
46 2
43 2
36 2
27 2
17 2
15 2
6 2
175 5
187 1
42 3
184 5
58 3
130 6
53 2
78 3
4 0
152 6
29 7
29 4
119 8
77 2
143 8
25 8
61 4
187 7
184 7
182 7
175 7
173 7
159 7
152 7
130 7
104 7
88 7
78 7
77 7
67 7
61 7
58 7
53 7
44 7
42 7
40 7
29 7
25 7
7 7
6 7
170 6
97 5
86 10
107 5
189 9
191 9
72 2
22 3
136 5
9 7
148 8
105 10
5 0
87 2
146 5
70 3
126 10
14 7
191 4
189 4
185 4
183 4
170 4
162 4
148 4
146 4
143 4
136 4
126 4
119 4
107 4
105 4
100 4
97 4
90 4
87 4
86 4
85 4
83 4
76 4
72 4
70 4
64 4
22 4
15 4
14 4
11 4
9 4
6 0
7 0
144 6
49 7
95 7
174 9
39 3
156 6
8 0
9 0
37 2
131 7
137 7
89 3
147 7
10 0
11 0
118 3
180 9
45 2
47 2
192 1
28 4
186 5
199 8
192 8
188 8
186 8
181 8
180 8
174 8
156 8
154 8
147 8
144 8
137 8
132 8
131 8
118 8
115 8
106 8
95 8
92 8
89 8
81 8
49 8
47 8
45 8
39 8
37 8
28 8
25 8
18 8
17 8
16 8
14 8
13 8
94 3
19 4
74 7
73 2
12 0
13 0
14 0
48 4
32 8
194 10
179 10
135 10
133 10
113 10
101 10
94 10
74 10
73 10
65 10
48 10
32 10
31 10
29 10
27 10
26 10
23 10
19 10
15 0
16 0
17 0
18 0
19 0
129 7
30 8
20 0
103 2
197 9
93 3
197 5
193 5
169 5
145 5
142 5
129 5
110 5
103 5
93 5
40 5
36 5
33 5
30 5
25 5
24 5
23 5
22 5
134 4
75 6
21 0
22 0
23 0
24 0
25 0
26 0
27 0
28 0
29 0
30 0
31 0
32 0
33 0
114 6
124 6
171 9
168 9
155 9
134 9
124 9
114 9
75 9
64 9
63 9
48 9
43 9
42 9
41 9
37 9
36 9
35 9
167 1
82 4
108 4
38 9
34 0
120 4
71 10
57 3
167 6
138 6
120 6
108 6
82 6
71 6
70 6
65 6
57 6
50 6
46 6
44 6
40 6
39 6
38 6
35 0
36 0
37 0
38 0
39 0
40 0
41 0
42 0
43 0
44 0
45 0
46 0
47 0
48 0
49 0
50 0
157 5
178 5
69 9
190 5
51 0
52 0
53 0
54 0
55 0
56 0
57 0
58 0
59 0
60 0
61 0
62 0
190 1
178 1
157 1
93 1
81 1
73 1
72 1
69 1
63 0
64 0
65 0
66 0
67 0
68 0
69 0
70 0
71 0
72 0
73 0
74 0
75 0
76 0
77 0
78 0
79 0
80 0
81 0
82 0
83 0
84 0
85 0
86 0
87 0
88 0
89 0
90 0
91 0
92 0
93 0
94 0
95 0
96 0
97 0
98 0
99 0
100 0
101 0
102 0
103 0
104 0
105 0
106 0
107 0
108 0
109 0
110 0
111 0
112 0
113 0
114 0
115 0
116 0
117 0
118 0
119 0
120 0
121 0
122 0
123 0
124 0
125 0
126 0
127 0
128 0
129 0
130 0
131 0
132 0
133 0
134 0
135 0
136 0
137 0
138 0
139 0
140 0
141 0
142 0
143 0
144 0
145 0
146 0
147 0
148 0
149 0
150 0
151 0
152 0
153 0
154 0
155 0
156 0
157 0
158 0
159 0
160 0
161 0
162 0
163 0
164 0
165 0
166 0
167 0
168 0
169 0
170 0
171 0
172 0
173 0
174 0
175 0
176 0
177 0
178 0
179 0
180 0
181 0
182 0
183 0
184 0
185 0
186 0
187 0
188 0
189 0
190 0
191 0
192 0
193 0
194 0
195 0
196 0
197 0
198 0
199 0
200 0
