1 0
110 9
29 9
12 6
99 8
139 8
106 10
123 10
90 2
61 7
122 2
174 3
15 6
171 1
91 7
179 5
93 7
9 10
40 9
147 8
179 4
175 4
174 4
171 4
158 4
147 4
140 4
139 4
122 4
99 4
93 4
91 4
90 4
75 4
69 4
61 4
54 4
40 4
39 4
29 4
15 4
12 4
11 4
9 4
110 7
107 6
190 5
41 4
57 4
34 1
2 0
96 4
197 5
19 9
19 5
7 7
59 1
163 10
26 5
18 7
77 1
141 2
156 2
44 5
126 6
95 1
200 9
180 9
163 9
156 9
141 9
131 9
126 9
123 9
116 9
107 9
106 9
96 9
95 9
87 9
77 9
59 9
57 9
55 9
46 9
44 9
41 9
34 9
26 9
25 9
19 9
18 9
9 9
7 9
72 4
27 9
10 6
37 9
198 5
108 3
73 4
60 9
21 6
88 4
136 1
56 6
36 2
199 5
80 9
6 5
121 7
30 5
3 0
195 10
145 10
136 10
121 10
112 10
110 10
108 10
105 10
104 10
88 10
80 10
78 10
74 10
73 10
72 10
60 10
56 10
47 10
37 10
36 10
30 10
27 10
21 10
11 10
10 10
7 10
6 10
138 1
4 0
159 7
155 1
154 8
125 4
162 7
161 1
189 3
24 9
14 10
150 4
49 9
144 9
68 10
170 7
83 10
199 2
198 2
197 2
196 2
190 2
189 2
187 2
186 2
184 2
170 2
162 2
161 2
159 2
155 2
154 2
150 2
144 2
142 2
138 2
125 2
117 2
115 2
83 2
81 2
68 2
50 2
49 2
35 2
32 2
28 2
24 2
14 2
12 2
9 2
6 2
188 5
151 8
149 3
177 8
71 7
181 8
109 6
169 3
101 7
86 9
182 8
153 6
5 0
6 0
7 0
135 7
173 3
188 1
182 1
181 1
177 1
173 1
169 1
153 1
151 1
149 1
146 1
137 1
135 1
127 1
120 1
109 1
103 1
101 1
92 1
89 1
86 1
71 1
51 1
38 1
33 1
18 1
15 1
10 1
9 1
176 7
8 0
9 0
10 0
11 0
12 0
124 3
13 0
14 0
15 0
148 3
143 5
63 4
157 3
134 4
70 2
43 10
185 7
82 2
194 8
185 8
176 8
157 8
148 8
143 8
134 8
129 8
124 8
119 8
98 8
82 8
70 8
63 8
48 8
43 8
42 8
16 0
29 8
24 8
21 8
19 8
18 8
152 4
17 0
18 0
19 0
45 1
97 1
133 1
166 4
191 5
164 1
128 2
62 10
67 10
64 9
53 8
58 8
193 6
192 6
191 6
168 6
20 0
166 6
164 6
152 6
133 6
132 6
128 6
118 6
113 6
100 6
97 6
67 6
64 6
62 6
58 6
53 6
21 0
45 6
39 6
33 6
31 6
28 6
27 6
25 6
24 6
23 6
52 4
22 0
23 0
24 0
25 0
26 0
27 0
28 0
29 0
30 0
31 0
32 0
33 0
34 0
35 0
36 0
37 0
38 0
39 0
172 7
178 7
114 4
76 1
183 5
178 5
172 5
167 5
114 5
111 5
76 5
66 5
52 5
40 0
41 0
42 0
43 0
44 0
45 0
46 0
47 0
48 0
49 0
50 0
51 0
52 0
53 0
54 0
55 0
56 0
57 0
58 0
59 0
60 0
61 0
62 0
63 0
64 0
84 9
165 3
85 9
65 0
66 0
67 0
68 0
69 0
70 0
71 0
72 0
73 0
74 0
75 0
76 0
79 10
160 5
102 6
165 7
160 7
130 7
111 7
102 7
97 7
94 7
90 7
86 7
85 7
84 7
77 0
82 7
81 7
79 7
78 0
79 0
80 0
81 0
82 0
83 0
84 0
85 0
86 0
87 0
88 0
89 0
90 0
91 0
92 0
93 0
94 0
95 0
96 0
97 0
98 0
99 0
100 0
101 0
102 0
103 0
104 0
105 0
106 0
107 0
108 0
109 0
110 0
111 0
112 0
113 0
114 0
115 0
116 0
117 0
118 0
119 0
120 0
121 0
122 0
123 0
124 0
125 0
126 0
127 0
128 0
129 0
130 0
131 0
132 0
133 0
134 0
135 0
136 0
137 0
138 0
139 0
140 0
141 0
142 0
143 0
144 0
145 0
146 0
147 0
148 0
149 0
150 0
151 0
152 0
153 0
154 0
155 0
156 0
157 0
158 0
159 0
160 0
161 0
162 0
163 0
164 0
165 0
166 0
167 0
168 0
169 0
170 0
171 0
172 0
173 0
174 0
175 0
176 0
177 0
178 0
179 0
180 0
181 0
182 0
183 0
184 0
185 0
186 0
187 0
188 0
189 0
190 0
191 0
192 0
193 0
194 0
195 0
196 0
197 0
198 0
199 0
200 0
