169 3
44 2
124 1
91 10
109 10
21 2
151 1
33 2
17 2
90 6
89 9
105 6
174 4
119 10
1 0
76 2
60 2
156 1
41 7
73 2
185 5
175 5
174 5
170 5
169 5
160 5
156 5
151 5
143 5
140 5
124 5
119 5
109 5
105 5
91 5
90 5
89 5
88 5
85 5
73 5
69 5
63 5
61 5
60 5
56 5
55 5
45 5
41 5
35 5
27 5
16 5
12 5
86 2
75 4
36 5
196 7
189 9
187 1
43 5
66 5
2 0
30 7
6 4
74 5
171 3
127 2
42 7
181 3
189 6
187 6
181 6
177 6
171 6
168 6
148 6
145 6
137 6
130 6
127 6
86 6
76 6
74 6
66 6
58 6
54 6
43 6
42 6
38 6
36 6
30 6
28 6
18 6
17 6
15 6
12 6
6 6
97 4
179 10
141 9
68 2
103 4
184 10
3 0
114 4
49 5
150 9
34 6
50 5
29 3
29 9
167 4
196 3
195 3
190 3
184 3
183 3
179 3
167 3
139 3
114 3
103 3
97 3
75 3
68 3
65 3
51 3
50 3
49 3
47 3
34 3
33 3
29 3
21 3
20 3
16 3
6 3
150 1
141 8
101 2
108 2
98 5
4 0
154 1
178 4
193 10
92 6
173 1
78 3
64 2
144 8
57 8
163 7
93 6
102 5
193 9
180 9
178 9
173 9
163 9
162 9
154 9
150 9
133 9
125 9
121 9
102 9
98 9
93 9
92 9
82 9
78 9
67 9
64 9
57 9
27 9
13 9
12 9
6 9
84 5
5 0
6 0
112 2
96 5
71 3
10 7
10 4
39 6
25 9
113 2
81 3
52 6
158 8
188 8
80 6
134 1
182 10
188 7
182 7
158 7
144 7
141 7
135 7
134 7
131 7
123 7
113 7
112 7
111 7
108 7
101 7
96 7
84 7
81 7
80 7
71 7
52 7
44 7
40 7
39 7
35 7
25 7
22 7
16 7
15 7
12 7
10 7
166 2
37 3
153 10
120 5
126 5
83 3
7 0
200 8
8 0
62 6
200 1
197 1
172 1
166 1
153 1
138 1
126 1
120 1
100 1
95 1
83 1
70 1
62 1
41 1
37 1
26 1
20 1
17 1
14 1
13 1
10 1
129 8
87 5
147 8
136 10
104 5
9 0
10 0
164 2
146 10
107 5
79 9
149 8
32 3
155 8
164 4
161 4
155 4
149 4
147 4
146 4
136 4
129 4
118 4
117 4
107 4
104 4
94 4
87 4
79 4
45 4
32 4
27 4
21 4
19 4
18 4
13 4
12 4
157 10
24 7
116 9
23 1
110 5
192 10
165 9
186 9
53 3
176 5
48 6
11 0
12 0
13 0
115 3
46 7
106 6
59 7
128 3
199 2
192 2
186 2
176 2
165 2
157 2
152 2
128 2
116 2
115 2
110 2
106 2
59 2
57 2
55 2
53 2
48 2
46 2
31 2
29 2
28 2
24 2
23 2
14 0
15 0
16 0
17 0
18 0
19 0
20 0
21 0
22 0
23 0
24 0
25 0
26 0
27 0
28 0
29 0
30 0
31 0
32 0
33 0
34 0
35 0
36 0
37 0
38 0
39 0
40 0
41 0
42 0
43 0
44 0
45 0
46 0
47 0
48 0
49 0
50 0
51 0
52 0
53 0
54 0
55 0
56 0
57 0
58 0
59 0
60 0
61 0
62 0
63 0
64 0
65 0
66 0
67 0
68 0
69 0
70 0
71 0
194 8
72 0
73 0
74 0
75 0
76 0
159 2
194 10
159 10
132 10
106 10
97 10
86 10
85 10
83 10
80 10
79 10
78 10
142 6
99 1
191 6
77 0
78 0
79 0
80 0
81 0
82 0
83 0
84 0
85 0
86 0
87 0
88 0
89 0
90 0
91 0
92 0
93 0
94 0
198 6
122 2
198 8
191 8
142 8
127 8
122 8
110 8
105 8
104 8
103 8
99 8
95 0
96 0
97 0
98 0
99 0
100 0
101 0
102 0
103 0
104 0
105 0
106 0
107 0
108 0
109 0
110 0
111 0
112 0
113 0
114 0
115 0
116 0
117 0
118 0
119 0
120 0
121 0
122 0
123 0
124 0
125 0
126 0
127 0
128 0
129 0
130 0
131 0
132 0
133 0
134 0
135 0
136 0
137 0
138 0
139 0
140 0
141 0
142 0
143 0
144 0
145 0
146 0
147 0
148 0
149 0
150 0
151 0
152 0
153 0
154 0
155 0
156 0
157 0
158 0
159 0
160 0
161 0
162 0
163 0
164 0
165 0
166 0
167 0
168 0
169 0
170 0
171 0
172 0
173 0
174 0
175 0
176 0
177 0
178 0
179 0
180 0
181 0
182 0
183 0
184 0
185 0
186 0
187 0
188 0
189 0
190 0
191 0
192 0
193 0
194 0
195 0
196 0
197 0
198 0
199 0
200 0
