44 3
109 2
102 5
148 8
59 3
94 3
160 4
180 4
58 10
86 10
18 10
176 8
87 10
198 4
52 5
154 7
1 0
21 4
113 2
49 4
176 9
154 9
148 9
144 9
142 9
131 9
130 9
113 9
109 9
94 9
87 9
84 9
75 9
59 9
52 9
50 9
49 9
44 9
27 9
23 9
21 9
18 9
86 1
58 9
6 6
164 2
47 6
199 4
2 0
183 8
179 3
115 5
153 5
169 2
172 2
82 9
161 5
61 6
17 4
124 1
24 4
70 6
196 7
92 9
196 10
193 10
183 10
179 10
178 10
172 10
169 10
167 10
164 10
161 10
158 10
153 10
135 10
126 10
124 10
115 10
102 10
101 10
92 10
86 10
82 10
74 10
70 10
63 10
61 10
58 10
47 10
39 10
34 10
32 10
26 10
24 10
18 10
17 10
15 10
6 10
104 3
175 6
136 3
171 3
129 1
66 7
100 7
152 1
46 8
3 0
120 7
108 8
48 9
106 9
166 1
168 1
123 7
69 10
12 5
12 4
191 5
175 5
171 5
168 5
166 5
157 5
152 5
136 5
129 5
123 5
122 5
120 5
108 5
106 5
104 5
100 5
98 5
90 5
69 5
66 5
48 5
46 5
37 5
36 5
29 5
21 5
19 5
12 5
11 5
6 5
145 7
165 2
184 3
42 9
182 2
81 9
73 10
185 3
4 0
56 5
33 8
159 1
16 2
89 9
30 2
199 6
198 6
185 6
184 6
180 6
174 6
160 6
159 6
151 6
146 6
145 6
107 6
89 6
81 6
77 6
76 6
73 6
56 6
42 6
33 6
30 6
23 6
16 6
15 6
14 6
9 6
6 6
189 2
71 3
112 1
43 9
51 9
5 0
6 0
96 3
7 0
139 1
25 10
140 1
114 3
170 7
22 5
177 7
127 3
85 9
41 10
173 1
195 4
189 4
182 4
177 4
173 4
170 4
165 4
163 4
150 4
147 4
140 4
139 4
127 4
114 4
112 4
105 4
103 4
96 4
85 4
80 4
78 4
71 4
68 4
64 4
62 4
51 4
43 4
41 4
28 4
27 4
25 4
22 4
17 4
11 4
9 4
190 7
181 3
40 10
60 9
134 1
55 10
83 9
93 9
192 7
121 9
8 0
9 0
197 8
192 8
190 8
181 8
141 8
134 8
121 8
118 8
97 8
95 8
93 8
83 8
60 8
55 8
53 8
44 8
40 8
35 8
18 8
14 8
13 8
12 8
11 8
137 9
10 0
11 0
12 0
13 0
14 0
15 0
16 0
17 0
18 0
19 0
45 3
155 9
91 3
54 8
200 1
79 8
128 3
72 10
200 2
188 2
20 0
21 0
22 0
23 0
187 2
156 2
155 2
137 2
128 2
91 2
88 2
79 2
72 2
24 0
25 0
26 0
27 0
28 0
29 0
30 0
67 2
54 2
49 2
45 2
41 2
38 2
36 2
35 2
33 2
32 2
162 1
65 9
31 0
32 0
33 0
34 0
35 0
36 0
37 0
38 0
39 0
40 0
41 0
42 0
43 0
44 0
45 0
46 0
47 0
48 0
49 0
143 3
194 1
99 5
194 7
162 7
143 7
133 7
125 7
116 7
99 7
66 7
65 7
50 0
51 0
52 0
53 0
54 0
55 0
56 0
62 7
60 7
59 7
58 7
119 8
138 8
117 9
57 0
58 0
59 0
60 0
61 0
62 0
63 0
64 0
65 0
66 0
67 0
68 0
69 0
70 0
71 0
72 0
73 0
74 0
149 8
110 7
186 3
149 3
138 3
132 3
119 3
117 3
75 0
76 0
77 0
78 0
79 0
80 0
81 0
82 0
83 0
84 0
85 0
86 0
87 0
88 0
89 0
90 0
91 0
92 0
93 0
94 0
95 0
96 0
97 0
98 0
111 3
110 3
99 0
100 0
101 0
102 0
103 0
104 0
105 0
106 0
107 0
108 0
109 0
110 0
111 0
112 0
113 0
114 0
115 0
116 0
117 0
118 0
119 0
120 0
121 0
122 0
123 0
124 0
125 0
126 0
127 0
128 0
129 0
130 0
131 0
132 0
133 0
134 0
135 0
136 0
137 0
138 0
139 0
140 0
141 0
142 0
143 0
144 0
145 0
146 0
147 0
148 0
149 0
150 0
151 0
152 0
153 0
154 0
155 0
156 0
157 0
158 0
159 0
160 0
161 0
162 0
163 0
164 0
165 0
166 0
167 0
168 0
169 0
170 0
171 0
172 0
173 0
174 0
175 0
176 0
177 0
178 0
179 0
180 0
181 0
182 0
183 0
184 0
185 0
186 0
187 0
188 0
189 0
190 0
191 0
192 0
193 0
194 0
195 0
196 0
197 0
198 0
199 0
200 0
