84 5
134 6
37 2
72 2
6 6
109 5
71 1
145 5
176 4
88 2
81 1
1 0
50 6
67 6
66 5
199 10
98 2
157 2
143 1
187 7
199 3
196 3
191 3
187 3
183 3
180 3
176 3
172 3
171 3
170 3
162 3
160 3
157 3
151 3
143 3
131 3
127 3
124 3
118 3
117 3
98 3
88 3
81 3
76 3
72 3
71 3
67 3
66 3
56 3
50 3
40 3
37 3
28 3
24 3
22 3
6 3
145 10
109 7
84 1
33 3
163 8
188 9
148 10
2 0
152 10
15 7
166 8
177 8
69 3
130 1
91 3
178 8
55 7
38 2
9 8
42 2
138 6
169 10
77 7
189 5
188 5
169 5
165 5
152 5
148 5
145 5
141 5
138 5
134 5
130 5
125 5
112 5
103 5
97 5
91 5
84 5
82 5
78 5
77 5
69 5
55 5
42 5
38 5
36 5
33 5
29 5
16 5
15 5
9 5
6 5
109 9
99 1
11 5
45 3
186 8
155 10
122 9
54 3
14 5
185 10
12 4
32 5
3 0
106 1
156 6
119 1
193 8
193 7
186 7
185 7
178 7
177 7
166 7
163 7
156 7
155 7
154 7
147 7
144 7
137 7
132 7
122 7
119 7
109 7
108 7
106 7
99 7
60 7
57 7
54 7
45 7
41 7
32 7
22 7
18 7
14 7
12 7
11 7
6 7
140 6
114 2
52 9
142 6
74 9
164 1
62 3
5 10
83 9
34 5
179 1
168 6
4 0
5 0
6 0
200 4
195 4
179 4
168 4
164 4
158 4
142 4
140 4
139 4
116 4
114 4
100 4
85 4
83 4
74 4
62 4
58 4
52 4
51 4
47 4
34 4
24 4
17 4
11 4
9 4
8 4
182 8
161 6
63 1
20 5
39 3
105 9
107 9
10 4
93 1
7 0
194 8
135 9
101 1
173 6
89 3
104 1
194 2
182 2
173 2
161 2
135 2
115 2
107 2
105 2
104 2
101 2
95 2
94 2
93 2
90 2
89 2
63 2
59 2
53 2
46 2
39 2
35 2
28 2
27 2
23 2
20 2
15 2
12 2
10 2
8 0
9 0
10 0
11 0
12 0
175 9
92 3
120 3
43 4
111 4
153 6
13 0
14 0
15 0
16 0
44 5
49 5
110 5
123 3
192 10
87 2
192 8
184 8
181 8
175 8
153 8
150 8
136 8
133 8
128 8
123 8
120 8
111 8
110 8
92 8
87 8
86 8
73 8
68 8
61 8
49 8
44 8
43 8
17 0
18 0
37 8
29 8
25 8
24 8
22 8
20 8
159 6
30 2
96 9
21 8
48 3
19 0
159 10
149 10
129 10
113 10
96 10
80 10
79 10
48 10
40 10
34 10
33 10
32 10
31 10
30 10
23 10
21 10
20 0
21 0
22 0
23 0
24 0
25 0
197 9
102 3
174 3
167 4
126 7
26 0
27 0
28 0
29 0
30 0
31 0
32 0
33 0
34 0
35 0
36 0
37 0
38 0
39 0
40 0
64 10
198 6
197 6
190 6
174 6
167 6
126 6
41 0
42 0
43 0
44 0
45 0
46 0
47 0
121 6
102 6
64 6
48 0
49 0
50 0
51 0
52 0
53 0
54 0
55 0
56 0
57 0
58 0
59 0
60 0
61 0
62 0
63 0
64 0
146 6
70 5
65 0
66 0
67 0
68 0
75 4
146 1
102 1
99 1
89 1
79 1
75 1
74 1
73 1
71 1
70 1
69 0
70 0
71 0
72 0
73 0
74 0
75 0
76 0
77 0
78 0
79 0
80 0
81 0
82 0
83 0
84 0
85 0
86 0
87 0
88 0
89 0
90 0
91 0
92 0
93 0
94 0
95 0
96 0
97 0
98 0
99 0
100 0
101 0
102 0
103 0
104 0
105 0
106 0
107 0
108 0
109 0
110 0
111 0
112 0
113 0
114 0
115 0
116 0
117 0
118 0
119 0
120 0
121 0
122 0
123 0
124 0
125 0
126 0
127 0
128 0
129 0
130 0
131 0
132 0
133 0
134 0
135 0
136 0
137 0
138 0
139 0
140 0
141 0
142 0
143 0
144 0
145 0
146 0
147 0
148 0
149 0
150 0
151 0
152 0
153 0
154 0
155 0
156 0
157 0
158 0
159 0
160 0
161 0
162 0
163 0
164 0
165 0
166 0
167 0
168 0
169 0
170 0
171 0
172 0
173 0
174 0
175 0
176 0
177 0
178 0
179 0
180 0
181 0
182 0
183 0
184 0
185 0
186 0
187 0
188 0
189 0
190 0
191 0
192 0
193 0
194 0
195 0
196 0
197 0
198 0
199 0
200 0
