153 1
164 1
127 9
1 0
178 7
132 4
12 3
7 10
166 1
128 9
197 7
40 8
109 5
158 4
174 1
107 6
11 10
180 1
19 3
62 8
197 2
180 2
178 2
174 2
167 2
166 2
164 2
158 2
153 2
144 2
132 2
129 2
128 2
127 2
109 2
107 2
79 2
73 2
62 2
59 2
57 2
56 2
45 2
40 2
32 2
23 2
19 2
12 2
11 2
10 2
7 2
6 2
54 3
93 9
58 3
30 10
110 6
2 0
85 3
117 5
25 2
60 10
115 6
123 8
183 7
21 6
195 7
48 2
195 1
183 1
182 1
179 1
155 1
123 1
121 1
117 1
116 1
93 1
87 1
85 1
69 1
60 1
58 1
54 1
49 1
48 1
36 1
30 1
29 1
25 1
21 1
14 1
9 1
6 1
4 1
113 3
18 2
133 10
184 4
192 4
3 0
4 0
136 10
122 6
152 8
193 4
105 2
98 1
55 10
35 3
165 8
41 3
28 4
196 5
165 5
152 5
147 5
146 5
145 5
122 5
115 5
110 5
105 5
103 5
101 5
98 5
55 5
41 5
35 5
28 5
18 5
7 5
6 5
113 2
53 1
177 7
137 10
66 1
150 10
80 1
92 1
175 6
37 5
63 5
91 5
186 7
149 2
38 10
72 10
61 6
139 1
5 0
198 3
193 3
192 3
188 3
186 3
184 3
181 3
177 3
163 3
160 3
149 3
139 3
113 3
96 3
92 3
91 3
82 3
80 3
72 3
68 3
66 3
63 3
61 3
53 3
38 3
37 3
6 0
7 0
26 3
18 3
10 3
9 3
150 7
137 9
136 5
133 1
118 2
42 3
138 9
135 1
65 3
100 3
169 7
52 4
99 4
15 10
15 7
154 9
172 9
46 7
111 3
162 5
151 1
83 7
88 7
8 0
199 10
175 10
172 10
162 10
157 10
154 10
151 10
138 10
137 10
136 10
135 10
133 10
130 10
118 10
111 10
100 10
99 10
88 10
83 10
76 10
75 10
65 10
52 10
51 10
47 10
46 10
42 10
9 0
10 0
11 0
12 0
28 10
19 10
18 10
15 10
14 10
120 8
171 7
70 5
94 5
81 3
106 5
95 3
67 2
13 0
14 0
15 0
190 9
187 9
171 9
169 9
150 9
134 9
120 9
106 9
102 9
95 9
94 9
84 9
81 9
78 9
77 9
70 9
67 9
44 9
35 9
27 9
26 9
23 9
22 9
21 9
20 9
18 9
159 8
194 8
126 7
16 0
86 6
114 6
156 7
89 5
168 7
194 4
168 4
159 4
156 4
131 4
126 4
114 4
97 4
89 4
86 4
64 4
41 4
37 4
32 4
25 4
19 4
18 4
140 7
200 6
189 7
17 0
18 0
19 0
20 0
21 0
22 0
23 0
173 5
33 1
50 2
125 2
200 8
189 8
173 8
148 8
140 8
125 8
104 8
55 8
50 8
40 8
39 8
38 8
33 8
29 8
28 8
26 8
25 8
143 5
71 3
108 3
31 1
34 4
24 0
25 0
26 0
27 0
28 0
29 0
176 7
143 7
108 7
98 7
90 7
71 7
53 7
45 7
42 7
35 7
34 7
33 7
32 7
31 7
30 0
31 0
32 0
33 0
34 0
35 0
36 0
37 0
38 0
39 0
40 0
41 0
42 0
191 5
141 4
112 3
142 4
43 0
44 0
45 0
46 0
47 0
48 0
49 0
50 0
51 0
52 0
53 0
54 0
55 0
56 0
57 0
58 0
59 0
60 0
161 4
124 3
74 7
119 8
170 4
185 4
191 6
185 6
170 6
161 6
142 6
141 6
124 6
119 6
112 6
61 0
62 0
63 0
64 0
65 0
66 0
67 0
68 0
69 0
70 0
104 6
101 6
86 6
85 6
77 6
75 6
74 6
71 0
72 0
73 0
74 0
75 0
76 0
77 0
78 0
79 0
80 0
81 0
82 0
83 0
84 0
85 0
86 0
87 0
88 0
89 0
90 0
91 0
92 0
93 0
94 0
95 0
96 0
97 0
98 0
99 0
100 0
101 0
102 0
103 0
104 0
105 0
106 0
107 0
108 0
109 0
110 0
111 0
112 0
113 0
114 0
115 0
116 0
117 0
118 0
119 0
120 0
121 0
122 0
123 0
124 0
125 0
126 0
127 0
128 0
129 0
130 0
131 0
132 0
133 0
134 0
135 0
136 0
137 0
138 0
139 0
140 0
141 0
142 0
143 0
144 0
145 0
146 0
147 0
148 0
149 0
150 0
151 0
152 0
153 0
154 0
155 0
156 0
157 0
158 0
159 0
160 0
161 0
162 0
163 0
164 0
165 0
166 0
167 0
168 0
169 0
170 0
171 0
172 0
173 0
174 0
175 0
176 0
177 0
178 0
179 0
180 0
181 0
182 0
183 0
184 0
185 0
186 0
187 0
188 0
189 0
190 0
191 0
192 0
193 0
194 0
195 0
196 0
197 0
198 0
199 0
200 0
