85 8
54 10
149 4
30 7
187 6
67 10
183 2
190 6
73 10
79 10
165 4
66 9
180 4
72 9
39 7
24 7
99 8
131 1
162 1
1 0
200 5
190 5
187 5
183 5
180 5
167 5
166 5
165 5
162 5
149 5
138 5
131 5
129 5
107 5
99 5
85 5
79 5
76 5
73 5
72 5
67 5
66 5
61 5
54 5
51 5
41 5
40 5
38 5
35 5
24 5
16 5
78 3
184 6
192 6
185 10
157 4
5 8
46 7
168 4
2 0
27 5
134 3
64 9
104 9
169 4
3 0
81 7
77 5
101 7
192 1
185 1
184 1
178 1
175 1
172 1
169 1
168 1
157 1
155 1
143 1
134 1
130 1
120 1
108 1
104 1
101 1
90 1
81 1
78 1
77 1
65 1
64 1
59 1
57 1
52 1
46 1
45 1
43 1
4 0
5 0
39 1
30 1
28 1
27 1
26 1
17 1
16 1
12 1
110 8
137 3
198 10
115 9
133 9
25 5
36 7
117 8
8 10
111 7
100 5
6 0
119 8
196 2
181 2
156 2
140 2
137 2
133 2
124 2
119 2
117 2
115 2
113 2
111 2
110 2
102 2
100 2
96 2
89 2
49 2
47 2
36 2
34 2
25 2
24 2
19 2
12 2
10 2
8 2
198 4
197 7
116 5
7 0
8 0
91 3
112 3
171 6
151 8
92 1
153 8
22 2
9 0
118 5
163 8
198 10
197 10
171 10
163 10
161 10
158 10
153 10
151 10
146 10
145 10
125 10
118 10
116 10
112 10
92 10
91 10
71 10
58 10
35 10
33 10
22 10
10 0
16 10
12 10
164 7
121 5
15 10
84 2
106 2
55 1
60 1
103 1
105 1
94 10
11 0
195 3
182 3
174 3
173 3
164 3
144 3
139 3
121 3
106 3
105 3
103 3
94 3
84 3
80 3
60 3
55 3
38 3
31 3
19 3
18 3
17 3
15 3
12 0
193 7
160 9
154 8
70 5
23 10
132 5
13 0
95 1
74 2
93 2
21 3
147 5
193 6
188 6
170 6
160 6
154 6
147 6
132 6
98 6
95 6
93 6
82 6
74 6
70 6
48 6
14 0
44 6
40 6
29 6
26 6
24 6
23 6
21 6
15 0
16 0
17 0
18 0
19 0
127 5
37 3
88 3
122 3
42 1
109 1
141 5
123 3
194 4
20 0
21 0
22 0
23 0
24 0
25 0
26 0
148 8
199 9
194 9
191 9
179 9
150 9
148 9
142 9
141 9
127 9
126 9
123 9
122 9
109 9
97 9
88 9
56 9
42 9
27 0
28 0
29 0
30 0
41 9
40 9
39 9
37 9
31 0
34 9
33 9
135 5
114 6
189 4
87 1
159 8
63 3
32 0
33 0
34 0
35 0
36 0
37 0
128 6
86 3
75 10
189 7
177 7
159 7
152 7
135 7
128 7
114 7
87 7
86 7
75 7
63 7
38 0
39 0
40 0
41 0
42 0
43 0
44 0
45 0
46 0
47 0
48 0
49 0
50 0
51 0
52 0
58 7
57 7
56 7
55 7
54 7
176 2
53 0
54 0
55 0
56 0
57 0
58 0
59 0
60 0
61 0
62 0
63 0
64 0
65 0
66 0
67 0
136 9
68 0
69 0
70 0
71 0
72 0
73 0
74 0
75 0
76 0
77 0
78 0
79 0
80 0
81 0
82 0
83 0
84 0
85 0
86 0
87 0
186 2
186 8
176 8
136 8
88 0
89 0
90 0
91 0
92 0
93 0
94 0
95 0
96 0
97 0
98 0
99 0
100 0
101 0
102 0
103 0
104 0
105 0
106 0
107 0
108 0
109 0
110 0
111 0
112 0
113 0
114 0
115 0
116 0
117 0
118 0
119 0
120 0
121 0
122 0
123 0
124 0
125 0
126 0
127 0
128 0
129 0
130 0
131 0
132 0
133 0
134 0
135 0
136 0
137 0
138 0
139 0
140 0
141 0
142 0
143 0
144 0
145 0
146 0
147 0
148 0
149 0
150 0
151 0
152 0
153 0
154 0
155 0
156 0
157 0
158 0
159 0
160 0
161 0
162 0
163 0
164 0
165 0
166 0
167 0
168 0
169 0
170 0
171 0
172 0
173 0
174 0
175 0
176 0
177 0
178 0
179 0
180 0
181 0
182 0
183 0
184 0
185 0
186 0
187 0
188 0
189 0
190 0
191 0
192 0
193 0
194 0
195 0
196 0
197 0
198 0
199 0
200 0
