152 5
41 4
162 8
26 4
156 5
19 9
68 10
154 2
136 7
60 1
175 8
64 1
106 10
32 4
107 10
5 9
187 8
181 5
177 2
1 0
200 6
187 6
181 6
179 6
177 6
175 6
162 6
161 6
156 6
154 6
152 6
136 6
119 6
117 6
110 6
107 6
106 6
84 6
70 6
68 6
64 6
60 6
56 6
49 6
45 6
44 6
32 6
26 6
18 6
6 6
5 6
178 5
13 6
76 10
2 0
85 1
39 9
30 6
140 1
57 4
48 9
180 5
28 2
192 5
157 1
120 10
176 1
34 6
199 7
195 7
192 7
180 7
178 7
176 7
167 7
164 7
157 7
140 7
131 7
120 7
85 7
79 7
77 7
76 7
62 7
58 7
57 7
48 7
41 7
39 7
34 7
30 7
28 7
22 7
21 7
19 7
17 7
13 7
5 7
198 4
166 3
109 9
127 9
101 1
31 6
36 6
129 9
134 9
10 7
133 1
87 5
81 10
3 0
141 9
53 6
126 5
198 8
171 8
166 8
160 8
142 8
141 8
134 8
133 8
129 8
127 8
126 8
109 8
101 8
94 8
91 8
90 8
89 8
87 8
86 8
82 8
81 8
67 8
66 8
53 8
36 8
31 8
10 8
9 8
6 8
5 8
146 6
168 6
103 7
114 7
155 7
148 8
24 9
4 0
98 9
102 9
104 9
11 1
11 10
150 8
149 9
194 1
188 1
186 1
182 1
168 1
155 1
150 1
149 1
148 1
5 0
6 0
146 1
139 1
124 1
116 1
114 1
104 1
103 1
102 1
98 1
78 1
61 1
24 1
18 1
13 1
11 1
9 1
193 4
190 9
83 6
115 6
183 10
7 0
163 5
130 6
153 3
137 6
14 8
196 4
151 6
97 7
75 8
196 2
193 2
191 2
190 2
184 2
183 2
173 2
163 2
153 2
151 2
143 2
137 2
135 2
130 2
125 2
115 2
99 2
97 2
83 2
75 2
71 2
65 2
55 2
37 2
33 2
26 2
17 2
14 2
10 2
9 2
105 9
170 10
144 3
25 7
138 9
15 1
8 0
9 0
10 0
158 3
20 1
113 6
159 3
132 6
51 8
172 4
170 4
165 4
159 4
158 4
144 4
138 4
132 4
113 4
111 4
105 4
96 4
95 4
72 4
54 4
51 4
32 4
31 4
25 4
23 4
20 4
19 4
15 4
11 0
14 4
13 4
108 6
12 0
13 0
14 0
15 0
59 8
93 8
74 5
197 3
112 3
108 3
93 3
74 3
63 3
59 3
44 3
36 3
29 3
16 0
17 0
18 0
19 0
20 0
21 0
22 0
23 0
24 0
25 0
26 0
28 3
189 10
50 6
35 2
73 1
185 5
80 1
118 1
40 2
123 1
27 0
28 0
29 0
30 0
31 0
32 0
121 8
69 4
122 8
189 9
185 9
174 9
147 9
145 9
123 9
122 9
121 9
118 9
100 9
80 9
73 9
69 9
61 9
53 9
51 9
50 9
45 9
43 9
42 9
40 9
36 9
35 9
33 0
34 0
35 0
36 0
37 0
52 6
169 5
47 3
46 9
88 1
38 0
39 0
128 1
169 10
128 10
92 10
88 10
78 10
66 10
55 10
54 10
52 10
49 10
47 10
46 10
40 0
41 0
42 0
43 0
44 0
45 0
46 0
47 0
48 0
49 0
50 0
51 0
52 0
53 0
54 0
55 0
56 0
57 0
58 0
59 0
60 0
61 0
62 0
63 0
64 0
65 0
66 0
67 0
68 0
69 0
70 0
71 0
72 0
73 0
74 0
75 0
76 0
77 0
78 0
79 0
80 0
81 0
82 0
83 0
84 0
85 0
86 0
87 0
88 0
89 0
90 0
91 0
92 0
93 0
94 0
95 0
96 0
97 0
98 0
99 0
100 0
101 0
102 0
103 0
104 0
105 0
106 0
107 0
108 0
109 0
110 0
111 0
112 0
113 0
114 0
115 0
116 0
117 0
118 0
119 0
120 0
121 0
122 0
123 0
124 0
125 0
126 0
127 0
128 0
129 0
130 0
131 0
132 0
133 0
134 0
135 0
136 0
137 0
138 0
139 0
140 0
141 0
142 0
143 0
144 0
145 0
146 0
147 0
148 0
149 0
150 0
151 0
152 0
153 0
154 0
155 0
156 0
157 0
158 0
159 0
160 0
161 0
162 0
163 0
164 0
165 0
166 0
167 0
168 0
169 0
170 0
171 0
172 0
173 0
174 0
175 0
176 0
177 0
178 0
179 0
180 0
181 0
182 0
183 0
184 0
185 0
186 0
187 0
188 0
189 0
190 0
191 0
192 0
193 0
194 0
195 0
196 0
197 0
198 0
199 0
200 0
