32 5
56 5
117 6
171 1
59 5
112 5
1 0
163 8
149 4
197 3
111 8
129 7
62 8
55 6
81 8
28 8
132 7
12 10
35 8
34 10
197 9
194 9
184 9
171 9
158 9
149 9
139 9
132 9
129 9
124 9
112 9
77 9
70 9
59 9
57 9
56 9
55 9
52 9
35 9
34 9
32 9
28 9
12 9
8 9
117 1
67 9
174 4
87 3
107 3
116 3
180 4
39 5
10 3
106 8
140 1
18 3
61 5
159 7
83 9
88 9
79 5
128 8
2 0
3 0
105 9
199 6
4 0
198 6
180 6
174 6
161 6
159 6
157 6
152 6
140 6
128 6
117 6
115 6
106 6
105 6
88 6
85 6
83 6
81 6
79 6
67 6
62 6
61 6
39 6
36 6
21 6
18 6
16 6
10 6
8 6
168 5
155 10
15 9
172 5
19 9
185 5
151 3
66 2
137 8
164 10
99 2
17 6
189 5
38 9
47 7
5 0
195 4
189 4
185 4
172 4
168 4
164 4
155 4
151 4
146 4
137 4
123 4
116 4
111 4
107 4
99 4
87 4
82 4
66 4
58 4
49 4
47 4
43 4
38 4
33 4
27 4
19 4
17 4
15 4
12 4
8 4
173 8
69 2
41 9
188 8
178 7
74 2
60 9
154 5
175 5
153 2
187 7
170 2
11 6
6 0
64 9
193 1
191 1
190 1
188 1
187 1
178 1
175 1
173 1
170 1
163 1
160 1
156 1
154 1
153 1
150 1
131 1
125 1
121 1
102 1
78 1
74 1
69 1
64 1
63 1
7 0
8 0
60 1
51 1
44 1
41 1
28 1
26 1
25 1
23 1
12 1
11 1
10 1
136 3
14 1
109 7
20 6
142 3
42 9
73 10
179 2
76 10
192 8
13 3
65 9
53 6
9 0
100 10
40 4
196 8
196 5
192 5
181 5
179 5
162 5
109 5
100 5
97 5
76 5
75 5
73 5
65 5
54 5
53 5
42 5
40 5
32 5
20 5
16 5
15 5
14 5
10 0
11 0
12 0
13 0
14 0
15 0
16 0
17 0
18 0
19 0
20 0
21 0
96 6
22 0
23 0
108 6
177 3
144 8
68 9
37 5
110 6
143 7
45 5
91 9
186 10
177 10
144 10
143 10
142 10
138 10
136 10
127 10
118 10
110 10
108 10
104 10
96 10
92 10
91 10
86 10
80 10
68 10
45 10
37 10
36 10
34 10
32 10
27 10
25 10
130 2
72 5
46 6
31 1
113 5
134 2
89 6
182 8
24 0
25 0
93 6
200 7
182 7
145 7
135 7
134 7
130 7
122 7
113 7
101 7
93 7
89 7
72 7
46 7
40 7
39 7
35 7
33 7
31 7
26 0
27 0
28 0
148 2
71 6
167 2
120 6
126 6
98 9
165 6
166 6
103 9
90 5
29 0
50 1
183 8
169 8
167 8
166 8
165 8
148 8
141 8
133 8
126 8
120 8
103 8
98 8
94 8
90 8
84 8
30 0
31 0
32 0
33 0
34 0
35 0
36 0
37 0
38 0
39 0
40 0
71 8
61 8
52 8
50 8
41 0
42 0
43 0
44 0
45 0
46 0
47 0
48 0
49 0
50 0
51 0
52 0
53 0
54 0
55 0
56 0
57 0
58 0
59 0
60 0
61 0
62 0
63 0
64 0
65 0
66 0
67 0
68 0
69 0
70 0
71 0
72 0
73 0
74 0
75 0
76 0
77 0
78 0
79 0
80 0
81 0
82 0
83 0
84 0
85 0
86 0
87 0
88 0
89 0
90 0
91 0
92 0
93 0
94 0
114 9
119 9
176 9
95 0
96 0
97 0
98 0
99 0
100 0
101 0
102 0
103 0
104 0
105 0
106 0
107 0
108 0
109 0
110 0
111 0
147 1
176 2
162 2
147 2
121 2
120 2
119 2
118 2
116 2
115 2
114 2
112 0
113 0
114 0
115 0
116 0
117 0
118 0
119 0
120 0
121 0
122 0
123 0
124 0
125 0
126 0
127 0
128 0
129 0
130 0
131 0
132 0
133 0
134 0
135 0
136 0
137 0
138 0
139 0
140 0
141 0
142 0
143 0
144 0
145 0
146 0
147 0
148 0
149 0
150 0
151 0
152 0
153 0
154 0
155 0
156 0
157 0
158 0
159 0
160 0
161 0
162 0
163 0
164 0
165 0
166 0
167 0
168 0
169 0
170 0
171 0
172 0
173 0
174 0
175 0
176 0
177 0
178 0
179 0
180 0
181 0
182 0
183 0
184 0
185 0
186 0
187 0
188 0
189 0
190 0
191 0
192 0
193 0
194 0
195 0
196 0
197 0
198 0
199 0
200 0
