33 8
162 1
137 10
39 8
141 10
70 7
194 1
5 4
173 10
152 9
139 2
134 7
1 0
15 4
80 6
100 6
104 6
181 10
8 4
67 8
195 3
194 3
181 3
173 3
162 3
152 3
141 3
139 3
137 3
134 3
129 3
109 3
104 3
100 3
86 3
80 3
78 3
76 3
70 3
67 3
63 3
47 3
40 3
39 3
33 3
13 3
8 3
172 8
114 1
190 5
149 2
2 0
142 1
154 2
185 8
182 2
90 6
113 6
107 4
95 3
191 5
138 6
7 7
74 7
34 1
132 4
191 10
190 10
188 10
186 10
185 10
182 10
172 10
171 10
154 10
149 10
138 10
132 10
116 10
113 10
107 10
98 10
95 10
90 10
74 10
50 10
35 10
34 10
26 10
15 10
8 10
7 10
5 10
84 9
198 7
199 7
91 9
108 4
49 3
150 8
20 10
148 1
42 10
193 8
43 10
3 0
18 5
18 8
130 6
160 1
200 5
199 5
198 5
196 5
160 5
148 5
142 5
130 5
126 5
114 5
110 5
108 5
102 5
99 5
91 5
89 5
84 5
66 5
52 5
49 5
43 5
42 5
20 5
18 5
13 5
5 5
68 3
56 10
177 1
75 3
65 10
4 0
5 0
115 6
170 4
54 5
59 5
72 10
117 6
27 6
23 1
62 5
169 2
197 9
193 9
170 9
169 9
161 9
150 9
143 9
120 9
97 9
88 9
75 9
72 9
69 9
68 9
65 9
62 9
59 9
56 9
54 9
33 9
30 9
27 9
23 9
21 9
13 9
7 9
168 6
51 4
31 5
145 8
38 5
94 7
157 8
174 6
22 10
6 0
7 0
146 7
32 10
131 4
177 2
174 2
168 2
167 2
157 2
146 2
145 2
133 2
131 2
117 2
115 2
105 2
94 2
92 2
82 2
64 2
51 2
48 2
39 2
38 2
36 2
32 2
31 2
22 2
8 0
19 2
18 2
15 2
13 2
12 2
79 3
136 1
147 1
16 2
87 3
9 0
127 6
28 10
135 6
55 10
106 3
10 0
122 3
187 8
147 8
136 8
135 8
127 8
122 8
111 8
106 8
96 8
87 8
79 8
61 8
11 0
55 8
46 8
41 8
40 8
28 8
26 8
24 8
21 8
20 8
16 8
12 0
13 0
15 8
101 4
73 3
165 4
103 7
123 7
118 3
183 4
45 5
153 7
14 0
15 0
16 0
128 3
121 5
184 1
183 1
165 1
153 1
128 1
123 1
121 1
118 1
103 1
101 1
81 1
77 1
73 1
58 1
47 1
45 1
42 1
34 1
25 1
23 1
20 1
18 1
124 7
144 7
44 5
178 7
37 10
166 3
17 0
18 0
19 0
20 0
21 0
22 0
23 0
24 0
25 0
26 0
27 0
28 0
180 7
140 6
83 5
163 6
158 5
180 4
178 4
166 4
163 4
158 4
144 4
140 4
124 4
119 4
83 4
71 4
63 4
60 4
44 4
43 4
40 4
37 4
35 4
34 4
31 4
30 4
175 3
57 10
29 0
30 0
31 0
32 0
33 0
34 0
35 0
36 0
37 0
38 0
39 0
40 0
41 0
42 0
43 0
44 0
45 0
46 0
47 0
48 0
49 0
151 4
85 1
156 4
189 3
159 4
192 7
189 7
175 7
159 7
156 7
151 7
125 7
85 7
67 7
60 7
58 7
57 7
50 0
51 0
52 0
55 7
54 7
179 10
164 1
112 3
176 1
53 0
54 0
55 0
56 0
57 0
58 0
59 0
60 0
61 0
62 0
63 0
64 0
65 0
66 0
67 0
68 0
69 0
155 3
93 7
179 6
176 6
164 6
155 6
112 6
70 0
71 0
72 0
73 0
74 0
75 0
76 0
77 0
78 0
79 0
80 0
81 0
82 0
83 0
84 0
101 6
93 6
85 0
86 0
87 0
88 0
89 0
90 0
91 0
92 0
93 0
94 0
95 0
96 0
97 0
98 0
99 0
100 0
101 0
102 0
103 0
104 0
105 0
106 0
107 0
108 0
109 0
110 0
111 0
112 0
113 0
114 0
115 0
116 0
117 0
118 0
119 0
120 0
121 0
122 0
123 0
124 0
125 0
126 0
127 0
128 0
129 0
130 0
131 0
132 0
133 0
134 0
135 0
136 0
137 0
138 0
139 0
140 0
141 0
142 0
143 0
144 0
145 0
146 0
147 0
148 0
149 0
150 0
151 0
152 0
153 0
154 0
155 0
156 0
157 0
158 0
159 0
160 0
161 0
162 0
163 0
164 0
165 0
166 0
167 0
168 0
169 0
170 0
171 0
172 0
173 0
174 0
175 0
176 0
177 0
178 0
179 0
180 0
181 0
182 0
183 0
184 0
185 0
186 0
187 0
188 0
189 0
190 0
191 0
192 0
193 0
194 0
195 0
196 0
197 0
198 0
199 0
200 0
