65 3
179 7
116 1
114 4
107 2
1 0
119 1
27 9
23 6
67 3
96 5
41 9
36 6
39 6
56 9
74 8
54 6
141 1
19 7
200 1
200 10
141 10
119 10
116 10
114 10
107 10
96 10
90 10
87 10
86 10
80 10
74 10
69 10
67 10
65 10
64 10
59 10
56 10
54 10
50 10
41 10
39 10
36 10
27 10
23 10
19 10
5 10
106 10
149 8
196 9
2 0
137 5
55 3
9 5
182 7
70 3
75 3
177 1
110 10
14 5
47 5
43 6
26 8
198 9
128 2
198 4
196 4
192 4
3 0
182 4
179 4
177 4
159 4
128 4
117 4
113 4
110 4
106 4
104 4
88 4
75 4
72 4
70 4
68 4
60 4
55 4
47 4
43 4
38 4
26 4
14 4
9 4
5 4
137 1
132 10
133 10
195 6
180 7
10 4
176 3
15 4
48 4
32 5
32 9
4 0
135 10
16 2
89 4
34 9
190 7
191 7
103 4
193 7
195 5
193 5
191 5
190 5
186 5
180 5
178 5
176 5
164 5
149 5
146 5
137 5
135 5
133 5
132 5
124 5
103 5
89 5
51 5
48 5
42 5
34 5
32 5
31 5
19 5
16 5
15 5
10 5
5 0
9 5
150 1
188 9
44 10
181 8
168 6
108 10
147 7
131 10
6 0
13 5
123 4
84 5
145 10
93 5
118 5
199 2
188 2
183 2
181 2
175 2
168 2
165 2
152 2
150 2
147 2
145 2
144 2
131 2
129 2
127 2
125 2
123 2
118 2
108 2
99 2
93 2
91 2
84 2
77 2
44 2
40 2
28 2
25 2
23 2
14 2
13 2
9 2
8 2
157 9
161 7
115 3
140 3
153 3
120 1
46 10
155 3
163 7
7 0
8 0
9 0
10 0
52 10
79 10
105 10
101 4
81 5
66 2
187 6
163 6
161 6
158 6
157 6
155 6
153 6
140 6
120 6
115 6
105 6
101 6
98 6
81 6
79 6
66 6
62 6
57 6
52 6
46 6
45 6
35 6
27 6
26 6
24 6
20 6
15 6
13 6
169 3
78 8
184 9
17 5
148 7
111 8
29 5
139 8
11 0
30 5
184 1
170 1
169 1
160 1
148 1
142 1
139 1
111 1
109 1
97 1
83 1
78 1
53 1
38 1
36 1
30 1
29 1
17 1
16 1
14 1
13 1
166 9
136 4
12 0
13 0
14 0
15 0
16 0
17 0
22 6
122 10
58 1
112 1
76 2
37 6
189 7
172 7
166 7
143 7
136 7
122 7
112 7
100 7
82 7
76 7
73 7
61 7
58 7
43 7
39 7
37 7
29 7
23 7
22 7
20 7
19 7
167 4
138 10
94 5
21 7
92 1
18 0
85 2
162 10
154 5
134 1
194 8
171 8
167 8
162 8
154 8
138 8
134 8
95 8
94 8
92 8
85 8
71 8
49 8
47 8
41 8
31 8
30 8
25 8
24 8
21 8
19 0
20 0
21 0
22 0
23 0
24 0
25 0
26 0
27 0
28 0
29 0
30 0
31 0
32 0
185 3
130 4
33 0
34 0
35 0
36 0
37 0
38 0
39 0
40 0
41 0
42 0
43 0
44 0
45 0
46 0
47 0
48 0
49 0
50 0
51 0
52 0
53 0
54 0
156 4
185 9
156 9
130 9
55 0
56 0
57 0
58 0
59 0
60 0
61 0
62 0
102 9
89 9
78 9
77 9
73 9
71 9
68 9
66 9
64 9
197 5
126 8
151 8
173 8
121 2
63 0
64 0
65 0
66 0
67 0
68 0
69 0
70 0
71 0
72 0
73 0
74 0
75 0
76 0
77 0
78 0
79 0
80 0
81 0
82 0
83 0
174 8
197 3
174 3
173 3
151 3
126 3
121 3
84 0
85 0
86 0
87 0
88 0
89 0
90 0
91 0
92 0
93 0
94 0
95 0
96 0
97 0
98 0
99 0
100 0
101 0
102 0
103 0
104 0
105 0
106 0
107 0
108 0
109 0
110 0
111 0
112 0
113 0
114 0
115 0
116 0
117 0
118 0
119 0
120 0
121 0
122 0
123 0
124 0
125 0
126 0
127 0
128 0
129 0
130 0
131 0
132 0
133 0
134 0
135 0
136 0
137 0
138 0
139 0
140 0
141 0
142 0
143 0
144 0
145 0
146 0
147 0
148 0
149 0
150 0
151 0
152 0
153 0
154 0
155 0
156 0
157 0
158 0
159 0
160 0
161 0
162 0
163 0
164 0
165 0
166 0
167 0
168 0
169 0
170 0
171 0
172 0
173 0
174 0
175 0
176 0
177 0
178 0
179 0
180 0
181 0
182 0
183 0
184 0
185 0
186 0
187 0
188 0
189 0
190 0
191 0
192 0
193 0
194 0
195 0
196 0
197 0
198 0
199 0
200 0
