43 7
124 2
123 7
23 4
55 4
59 4
70 4
20 8
185 6
129 2
6 5
40 8
58 8
177 1
176 9
119 4
103 8
3 2
51 5
1 0
185 3
181 3
177 3
176 3
169 3
148 3
144 3
130 3
123 3
122 3
119 3
103 3
73 3
71 3
70 3
59 3
58 3
55 3
51 3
43 3
40 3
23 3
20 3
19 3
15 3
10 3
6 3
3 3
95 3
100 3
199 9
120 4
178 6
137 8
92 7
4 5
121 4
198 6
2 0
33 5
175 1
77 5
93 7
116 3
14 4
199 10
198 10
178 10
175 10
168 10
164 10
155 10
137 10
131 10
129 10
127 10
124 10
116 10
100 10
95 10
3 0
93 10
92 10
91 10
77 10
65 10
46 10
41 10
33 10
4 0
24 10
14 10
6 10
156 8
157 8
76 3
88 2
135 4
62 10
74 10
16 6
68 6
138 4
193 1
30 7
30 6
37 6
5 0
49 6
173 9
35 4
61 6
29 1
173 7
162 7
157 7
156 7
150 7
149 7
133 7
89 7
88 7
87 7
76 7
74 7
62 7
6 0
61 7
49 7
48 7
39 7
37 7
35 7
30 7
29 7
17 7
14 7
10 7
68 10
16 3
99 10
50 3
85 3
13 7
83 7
36 5
75 5
191 2
90 3
47 8
159 4
187 9
7 0
18 2
113 10
189 9
193 6
189 6
187 6
165 6
161 6
159 6
138 6
135 6
121 6
120 6
114 6
113 6
111 6
99 6
90 6
85 6
83 6
75 6
68 6
50 6
47 6
42 6
38 6
36 6
24 6
21 6
18 6
16 6
15 6
13 6
12 6
10 6
170 9
66 4
64 10
145 8
84 4
8 0
126 4
192 2
57 3
53 7
200 5
102 10
142 4
200 1
196 1
192 1
191 1
188 1
170 1
153 1
145 1
142 1
126 1
125 1
115 1
102 1
84 1
80 1
66 1
64 1
57 1
56 1
54 1
53 1
33 1
28 1
27 1
25 1
19 1
14 1
10 1
118 10
109 3
190 9
104 7
86 6
160 5
146 8
9 0
10 0
67 1
22 5
166 8
174 8
151 2
139 10
190 4
183 4
174 4
166 4
151 4
146 4
139 4
132 4
128 4
118 4
109 4
104 4
96 4
86 4
72 4
67 4
44 4
41 4
34 4
22 4
20 4
17 4
14 4
12 4
194 5
97 10
179 9
26 3
195 5
180 9
81 7
163 10
45 3
172 10
143 7
63 3
11 0
12 0
13 0
14 0
15 0
16 0
17 0
18 0
19 0
20 0
21 0
22 0
98 3
147 7
197 2
195 2
194 2
180 2
179 2
172 2
163 2
160 2
158 2
152 2
147 2
143 2
134 2
98 2
97 2
81 2
78 2
63 2
46 2
45 2
34 2
29 2
26 2
23 0
24 0
25 0
26 0
27 0
28 0
29 0
30 0
167 9
106 10
31 0
112 10
154 10
32 0
33 0
34 0
35 0
36 0
37 0
38 0
39 0
40 0
41 0
42 0
43 0
44 0
45 0
46 0
47 0
48 0
49 0
50 0
51 0
140 6
105 4
101 2
94 7
136 4
171 9
186 8
82 3
110 2
184 9
186 5
184 5
182 5
52 0
53 0
54 0
171 5
167 5
154 5
141 5
140 5
136 5
112 5
110 5
107 5
106 5
105 5
101 5
94 5
82 5
55 0
56 0
57 0
58 0
59 0
60 0
61 0
62 0
63 0
64 0
65 0
66 0
67 0
68 0
80 5
79 5
78 5
77 5
75 5
74 5
72 5
70 5
108 10
69 0
70 0
71 0
72 0
73 0
74 0
75 0
76 0
77 0
78 0
79 0
80 0
81 0
82 0
83 0
84 0
85 0
86 0
87 0
88 0
89 0
90 0
117 10
133 8
117 8
108 8
91 0
92 0
93 0
94 0
95 0
96 0
97 0
98 0
99 0
100 0
101 0
102 0
103 0
104 0
105 0
106 0
107 0
108 0
109 0
110 0
111 0
112 0
113 0
114 0
115 0
116 0
117 0
118 0
119 0
120 0
121 0
122 0
123 0
124 0
125 0
126 0
127 0
128 0
129 0
130 0
131 0
132 0
133 0
134 0
135 0
136 0
137 0
138 0
139 0
140 0
141 0
142 0
143 0
144 0
145 0
146 0
147 0
148 0
149 0
150 0
151 0
152 0
153 0
154 0
155 0
156 0
157 0
158 0
159 0
160 0
161 0
162 0
163 0
164 0
165 0
166 0
167 0
168 0
169 0
170 0
171 0
172 0
173 0
174 0
175 0
176 0
177 0
178 0
179 0
180 0
181 0
182 0
183 0
184 0
185 0
186 0
187 0
188 0
189 0
190 0
191 0
192 0
193 0
194 0
195 0
196 0
197 0
198 0
199 0
200 0
