16 10
38 6
139 2
172 5
2 6
18 10
113 3
20 10
22 10
165 2
160 7
157 1
14 6
7 2
178 5
136 3
85 4
13 2
134 4
1 0
193 9
178 9
172 9
170 9
160 9
157 9
136 9
134 9
120 9
119 9
113 9
95 9
85 9
83 9
62 9
58 9
47 9
26 9
22 9
20 9
18 9
16 9
14 9
2 0
13 9
7 9
79 10
118 5
107 10
198 1
19 9
17 1
99 6
143 5
121 10
84 9
28 1
129 10
30 1
3 0
124 6
168 2
166 7
49 1
199 8
169 8
168 8
166 8
165 8
150 8
143 8
139 8
133 8
129 8
124 8
123 8
122 8
121 8
118 8
107 8
104 8
99 8
90 8
84 8
79 8
69 8
49 8
43 8
40 8
38 8
35 8
30 8
28 8
19 8
17 8
9 8
7 8
198 5
196 4
148 3
140 7
5 3
100 6
4 0
5 0
25 9
110 6
155 3
197 4
141 7
115 6
15 8
10 3
72 10
44 9
108 10
144 7
200 1
198 1
197 1
196 1
190 1
179 1
177 1
144 1
141 1
140 1
115 1
110 1
108 1
101 1
100 1
92 1
91 1
73 1
72 1
70 1
6 0
53 1
51 1
50 1
44 1
34 1
33 1
25 1
21 1
15 1
7 0
13 1
12 1
10 1
9 1
183 6
131 4
186 6
87 5
52 8
116 5
151 4
81 8
138 10
37 9
147 10
181 3
8 0
9 0
10 0
187 6
189 6
189 2
187 2
186 2
183 2
181 2
167 2
155 2
151 2
148 2
147 2
138 2
137 2
131 2
128 2
127 2
126 2
116 2
112 2
87 2
81 2
78 2
61 2
52 2
37 2
31 2
29 2
17 2
14 2
12 2
195 7
94 4
173 3
39 8
42 8
162 5
74 8
24 9
111 6
11 0
12 0
13 0
14 0
15 0
130 6
156 6
32 9
54 9
89 8
195 10
188 10
173 10
162 10
156 10
142 10
130 10
117 10
111 10
106 10
103 10
94 10
93 10
89 10
74 10
66 10
64 10
54 10
45 10
42 10
39 10
32 10
24 10
16 0
17 0
18 0
19 0
20 0
21 0
22 0
102 5
77 6
57 2
59 2
146 5
23 0
24 0
25 0
26 0
71 2
194 7
176 3
182 3
65 9
194 4
191 4
182 4
176 4
174 4
149 4
146 4
135 4
132 4
125 4
102 4
86 4
82 4
77 4
76 4
75 4
71 4
65 4
60 4
59 4
57 4
47 4
33 4
32 4
29 4
28 4
114 9
46 10
98 10
63 1
105 10
88 1
171 3
27 0
28 0
29 0
30 0
31 0
32 0
33 0
192 6
158 9
164 9
192 5
184 5
175 5
171 5
164 5
158 5
153 5
145 5
114 5
105 5
98 5
88 5
63 5
34 0
35 0
36 0
37 0
38 0
58 5
55 5
52 5
47 5
46 5
39 0
40 0
44 5
43 5
42 5
96 9
56 1
68 2
161 7
41 0
42 0
43 0
44 0
45 0
46 0
47 0
163 7
80 2
185 3
48 0
49 0
163 3
161 3
159 3
152 3
96 3
80 3
69 3
68 3
67 3
62 3
61 3
57 3
56 3
50 0
51 0
52 0
53 0
54 0
55 0
56 0
57 0
58 0
59 0
60 0
61 0
62 0
63 0
64 0
65 0
66 0
67 0
68 0
69 0
70 0
71 0
72 0
73 0
74 0
75 0
76 0
77 0
78 0
79 0
80 0
81 0
82 0
83 0
84 0
85 0
86 0
87 0
88 0
89 0
90 0
91 0
92 0
93 0
94 0
95 0
96 0
180 3
109 10
154 9
97 0
98 0
99 0
100 0
101 0
102 0
180 6
154 6
152 6
125 6
113 6
112 6
109 6
103 0
104 0
105 0
106 0
107 0
108 0
109 0
110 0
111 0
112 0
113 0
114 0
115 0
116 0
117 0
118 0
119 0
120 0
121 0
122 0
123 0
124 0
125 0
126 0
127 0
128 0
129 0
130 0
131 0
132 0
133 0
134 0
135 0
136 0
137 0
138 0
139 0
140 0
141 0
142 0
143 0
144 0
145 0
146 0
147 0
148 0
149 0
150 0
151 0
152 0
153 0
154 0
155 0
156 0
157 0
158 0
159 0
160 0
161 0
162 0
163 0
164 0
165 0
166 0
167 0
168 0
169 0
170 0
171 0
172 0
173 0
174 0
175 0
176 0
177 0
178 0
179 0
180 0
181 0
182 0
183 0
184 0
185 0
186 0
187 0
188 0
189 0
190 0
191 0
192 0
193 0
194 0
195 0
196 0
197 0
198 0
199 0
200 0
