132 2
139 2
133 6
156 1
94 7
80 9
47 4
11 4
59 8
98 7
184 1
124 7
56 4
1 0
35 1
191 10
101 9
28 8
195 10
177 2
196 5
195 5
191 5
177 5
143 5
139 5
133 5
132 5
124 5
114 5
103 5
101 5
98 5
95 5
94 5
80 5
79 5
76 5
56 5
53 5
35 5
32 5
28 5
11 5
9 5
86 8
170 6
92 8
90 4
97 8
123 2
190 1
77 7
126 2
175 6
187 3
137 10
73 5
91 4
106 8
168 10
2 0
135 2
197 1
197 9
190 9
187 9
184 9
181 9
175 9
170 9
168 9
159 9
156 9
147 9
145 9
137 9
135 9
127 9
126 9
123 9
116 9
106 9
97 9
92 9
91 9
90 9
86 9
77 9
73 9
62 9
59 9
47 9
31 9
30 9
26 9
21 9
12 9
9 9
166 1
169 1
34 5
57 3
15 9
3 0
63 3
48 2
14 2
146 10
117 3
84 7
113 7
172 1
163 10
165 10
27 9
68 5
29 9
186 8
179 8
172 8
169 8
166 8
165 8
163 8
155 8
146 8
138 8
122 8
117 8
113 8
84 8
78 8
68 8
63 8
57 8
46 8
37 8
34 8
29 8
27 8
15 8
14 8
11 8
9 8
198 4
199 4
200 4
107 7
110 7
192 6
152 1
33 5
118 7
4 0
157 1
24 9
105 3
5 0
50 2
150 7
200 10
199 10
198 10
193 10
192 10
182 10
174 10
157 10
152 10
150 10
148 10
118 10
110 10
107 10
105 10
89 10
88 10
6 0
75 10
71 10
69 10
67 10
55 10
51 10
50 10
48 10
44 10
33 10
28 10
24 10
19 10
12 10
9 10
125 4
104 7
171 2
188 2
39 5
158 1
82 5
176 1
7 0
66 9
136 4
194 6
188 6
176 6
171 6
158 6
149 6
141 6
136 6
128 6
125 6
115 6
108 6
104 6
100 6
85 6
82 6
74 6
66 6
60 6
39 6
36 6
32 6
21 6
11 6
9 6
81 5
162 4
43 9
142 1
102 7
173 4
49 9
52 9
40 8
121 7
8 0
9 0
189 2
173 2
162 2
160 2
154 2
142 2
134 2
121 2
102 2
87 2
81 2
70 2
58 2
52 2
49 2
43 2
40 2
35 2
26 2
16 2
14 2
12 2
11 2
185 3
111 5
65 9
17 8
25 6
129 5
45 6
42 10
22 8
10 0
11 0
12 0
185 1
167 1
153 1
151 1
140 1
129 1
111 1
96 1
65 1
61 1
53 1
45 1
42 1
30 1
25 1
23 1
22 1
21 1
19 1
17 1
15 1
14 1
72 5
38 6
109 4
178 3
119 4
164 4
13 0
14 0
15 0
16 0
17 0
54 6
183 3
183 7
178 7
164 7
161 7
119 7
109 7
99 7
72 7
56 7
54 7
38 7
32 7
31 7
27 7
26 7
24 7
19 7
144 5
120 9
83 6
93 6
18 0
19 0
41 2
112 6
64 2
180 4
144 4
130 4
20 0
21 0
22 0
23 0
24 0
25 0
26 0
27 0
28 0
29 0
30 0
31 0
32 0
33 0
34 0
120 4
112 4
93 4
83 4
76 4
64 4
47 4
44 4
42 4
41 4
35 0
36 0
37 0
38 0
39 0
40 0
41 0
42 0
43 0
44 0
45 0
46 0
47 0
48 0
49 0
50 0
51 0
52 0
53 0
54 0
55 0
56 0
57 0
58 0
59 0
60 0
61 0
62 0
63 0
64 0
65 0
66 0
67 0
68 0
69 0
70 0
71 0
72 0
73 0
74 0
75 0
76 0
77 0
78 0
79 0
80 0
81 0
82 0
83 0
84 0
85 0
86 0
87 0
88 0
89 0
90 0
91 0
92 0
93 0
94 0
95 0
96 0
97 0
98 0
99 0
100 0
101 0
102 0
103 0
104 0
105 0
106 0
107 0
108 0
109 0
110 0
111 0
112 0
113 0
114 0
115 0
116 0
117 0
118 0
119 0
120 0
121 0
122 0
123 0
124 0
125 0
126 0
127 0
128 0
129 0
130 0
131 0
132 0
133 0
134 0
135 0
136 0
137 0
138 0
139 0
140 0
141 0
142 0
143 0
144 0
145 0
146 0
147 0
148 0
149 0
150 0
151 0
152 0
153 0
154 0
155 0
156 0
157 0
158 0
159 0
160 0
161 0
162 0
163 0
164 0
165 0
166 0
167 0
168 0
169 0
170 0
171 0
172 0
173 0
174 0
175 0
176 0
177 0
178 0
179 0
180 0
181 0
182 0
183 0
184 0
185 0
186 0
187 0
188 0
189 0
190 0
191 0
192 0
193 0
194 0
195 0
196 0
197 0
198 0
199 0
200 0
