156 10
46 6
81 4
163 10
9 2
84 4
66 6
86 4
17 2
5 2
25 2
132 9
190 10
192 10
103 3
185 9
154 3
115 8
1 0
90 4
193 1
192 1
190 1
185 1
163 1
156 1
154 1
147 1
132 1
117 1
115 1
103 1
100 1
99 1
94 1
90 1
86 1
84 1
81 1
71 1
69 1
66 1
46 1
25 1
5 1
114 4
180 9
24 2
168 3
141 6
179 3
186 9
173 6
118 4
2 0
196 8
145 5
19 1
130 4
122 2
26 1
77 1
10 9
199 7
196 7
189 7
179 7
173 7
168 7
161 7
153 7
145 7
141 7
130 7
124 7
122 7
121 7
118 7
114 7
109 7
105 7
85 7
80 7
77 7
26 7
24 7
20 7
19 7
17 7
12 7
10 7
9 7
6 7
5 7
186 3
180 5
177 2
52 1
102 8
83 1
31 7
198 3
30 10
120 6
133 6
76 7
3 0
82 7
88 1
108 8
128 8
60 10
129 8
126 1
146 4
198 9
186 9
184 9
180 9
177 9
170 9
169 9
146 9
143 9
142 9
135 9
133 9
129 9
128 9
126 9
120 9
108 9
106 9
102 9
92 9
88 9
83 9
82 9
79 9
76 9
60 9
52 9
45 9
44 9
35 9
31 9
30 9
25 9
21 9
13 9
5 9
187 3
41 7
165 5
164 10
28 9
175 5
97 8
200 3
181 5
18 10
29 9
123 2
11 8
174 2
38 9
4 0
23 10
200 4
187 4
181 4
175 4
174 4
165 4
137 4
127 4
123 4
104 4
96 4
70 4
49 4
47 4
46 4
41 4
38 4
29 4
28 4
5 0
6 0
23 4
22 4
18 4
13 4
11 4
9 4
172 10
32 9
8 8
139 2
148 2
166 5
55 9
39 7
7 0
8 0
9 0
50 7
140 8
188 3
150 2
167 5
188 6
176 6
172 6
167 6
166 6
164 6
160 6
150 6
148 6
140 6
139 6
119 6
112 6
107 6
97 6
72 6
66 6
59 6
55 6
50 6
39 6
10 0
11 0
12 0
13 0
14 0
36 6
32 6
21 6
18 6
17 6
101 1
152 5
91 10
158 2
15 0
37 9
78 9
155 5
197 3
42 4
171 2
74 4
67 7
197 8
194 8
171 8
158 8
157 8
155 8
152 8
131 8
101 8
98 8
91 8
78 8
74 8
69 8
67 8
65 8
63 8
48 8
42 8
37 8
25 8
22 8
19 8
17 8
68 9
16 0
17 0
18 0
19 0
20 0
21 0
22 0
23 0
24 0
25 0
26 0
93 7
56 8
43 6
62 8
183 10
183 3
151 3
149 3
138 3
93 3
77 3
71 3
68 3
62 3
58 3
57 3
56 3
51 3
43 3
37 3
32 3
30 3
28 3
144 5
87 1
113 1
54 8
191 2
111 7
27 0
28 0
29 0
30 0
31 0
32 0
116 1
40 4
34 5
33 0
34 0
35 0
36 0
37 0
191 10
178 10
144 10
134 10
116 10
113 10
111 10
95 10
87 10
81 10
80 10
73 10
54 10
44 10
43 10
42 10
40 10
38 0
39 0
40 0
41 0
42 0
43 0
44 0
45 0
46 0
47 0
48 0
49 0
50 0
51 0
52 0
159 2
53 0
54 0
55 0
56 0
57 0
58 0
59 0
60 0
110 7
75 10
195 2
162 7
195 5
162 5
159 5
110 5
89 5
61 0
62 0
63 0
85 5
84 5
76 5
75 5
73 5
70 5
68 5
66 5
65 5
182 7
125 4
64 0
65 0
66 0
67 0
68 0
69 0
70 0
71 0
72 0
73 0
74 0
75 0
76 0
77 0
78 0
79 0
80 0
81 0
82 0
83 0
84 0
85 0
86 0
87 0
88 0
89 0
90 0
91 0
92 0
93 0
94 0
95 0
136 4
182 2
138 2
136 2
125 2
96 0
97 0
98 0
99 0
100 0
101 0
102 0
103 0
104 0
105 0
106 0
107 0
108 0
109 0
110 0
111 0
112 0
113 0
114 0
115 0
116 0
117 0
118 0
119 0
120 0
121 0
122 0
123 0
124 0
125 0
126 0
127 0
128 0
129 0
130 0
131 0
132 0
133 0
134 0
135 0
136 0
137 0
138 0
139 0
140 0
141 0
142 0
143 0
144 0
145 0
146 0
147 0
148 0
149 0
150 0
151 0
152 0
153 0
154 0
155 0
156 0
157 0
158 0
159 0
160 0
161 0
162 0
163 0
164 0
165 0
166 0
167 0
168 0
169 0
170 0
171 0
172 0
173 0
174 0
175 0
176 0
177 0
178 0
179 0
180 0
181 0
182 0
183 0
184 0
185 0
186 0
187 0
188 0
189 0
190 0
191 0
192 0
193 0
194 0
195 0
196 0
197 0
198 0
199 0
200 0
