64 5
140 8
39 9
173 10
71 5
65 9
59 1
59 9
171 3
50 10
131 5
143 8
46 6
10 1
10 10
148 7
1 0
144 8
26 10
18 10
179 3
24 10
199 1
193 1
179 1
171 1
152 1
148 1
145 1
144 1
143 1
141 1
140 1
131 1
123 1
101 1
100 1
71 1
64 1
59 1
55 1
47 1
46 1
45 1
24 1
18 1
11 1
65 10
39 1
14 8
43 1
135 2
17 8
180 6
53 1
118 7
112 3
28 8
130 7
103 5
74 10
69 1
132 7
2 0
149 2
124 3
4 5
70 1
31 8
200 9
180 9
175 9
149 9
135 9
132 9
130 9
126 9
124 9
118 9
114 9
112 9
110 9
107 9
93 9
82 9
74 9
70 9
69 9
68 9
65 9
53 9
43 9
40 9
39 9
31 9
28 9
26 9
17 9
14 9
11 9
10 9
4 9
50 1
173 7
159 3
5 9
32 9
37 9
170 3
8 3
79 1
151 4
102 1
142 5
198 8
3 0
78 9
33 3
108 1
188 2
19 5
120 1
84 9
13 3
198 10
192 10
188 10
178 10
174 10
173 10
169 10
151 10
146 10
128 10
127 10
120 10
119 10
113 10
108 10
102 10
97 10
94 10
84 10
79 10
78 10
61 10
50 10
37 10
36 10
32 10
20 10
19 10
18 10
13 10
5 10
4 0
5 0
184 7
104 4
168 5
117 4
7 2
48 3
83 3
139 6
111 3
87 1
6 0
7 0
57 2
166 6
194 7
194 8
184 8
182 8
168 8
166 8
142 8
139 8
137 8
117 8
111 8
104 8
103 8
96 8
87 8
83 8
72 8
57 8
48 8
41 8
34 8
33 8
8 0
29 8
24 8
13 8
10 8
62 1
133 5
67 1
172 3
30 10
73 1
187 7
76 1
63 10
9 0
10 0
11 0
99 1
165 2
155 6
187 4
186 4
172 4
170 4
165 4
163 4
162 4
160 4
159 4
158 4
155 4
147 4
134 4
133 4
122 4
109 4
99 4
88 4
85 4
76 4
73 4
67 4
66 4
63 4
62 4
56 4
45 4
44 4
42 4
38 4
30 4
25 4
23 4
18 4
15 4
14 4
13 4
60 1
27 8
161 3
106 2
77 1
153 2
189 3
177 2
49 8
12 0
13 0
14 0
15 0
51 8
196 7
191 7
189 7
177 7
167 7
161 7
157 7
153 7
136 7
125 7
106 7
105 7
91 7
90 7
77 7
60 7
51 7
49 7
46 7
27 7
24 7
19 7
18 7
17 7
197 2
190 3
181 6
86 1
150 1
81 8
115 8
22 10
98 9
129 8
16 0
17 0
18 0
19 0
154 1
35 7
121 9
197 5
195 5
190 5
181 5
176 5
154 5
150 5
138 5
129 5
121 5
115 5
98 5
92 5
86 5
81 5
47 5
35 5
29 5
26 5
24 5
23 5
22 5
20 0
183 6
95 1
58 8
89 8
21 0
22 0
23 0
24 0
25 0
26 0
27 0
28 0
29 0
30 0
31 0
32 0
80 7
54 9
75 9
183 3
156 3
95 3
89 3
80 3
75 3
58 3
33 0
34 0
35 0
36 0
37 0
38 0
55 3
54 3
39 0
40 0
41 0
42 0
43 0
44 0
45 0
46 0
47 0
48 0
49 0
50 0
51 0
52 0
53 0
54 0
55 0
56 0
57 0
58 0
59 0
60 0
61 0
62 0
63 0
64 0
65 0
66 0
67 0
68 0
69 0
70 0
71 0
72 0
73 0
74 0
75 0
76 0
77 0
78 0
79 0
80 0
81 0
82 0
83 0
84 0
85 0
86 0
87 0
88 0
89 0
90 0
91 0
92 0
93 0
94 0
95 0
96 0
97 0
98 0
99 0
100 0
101 0
102 0
103 0
104 0
105 0
106 0
107 0
108 0
109 0
110 0
111 0
112 0
113 0
114 0
115 0
116 0
117 0
118 0
119 0
120 0
121 0
122 0
123 0
124 0
125 0
126 0
127 0
128 0
129 0
130 0
131 0
132 0
133 0
134 0
135 0
136 0
137 0
138 0
139 0
140 0
141 0
142 0
143 0
144 0
145 0
146 0
147 0
148 0
149 0
150 0
151 0
152 0
153 0
154 0
155 0
156 0
157 0
158 0
159 0
160 0
161 0
162 0
163 0
164 0
165 0
166 0
167 0
168 0
169 0
170 0
171 0
172 0
173 0
174 0
175 0
176 0
177 0
178 0
179 0
180 0
181 0
182 0
183 0
184 0
185 0
186 0
187 0
188 0
189 0
190 0
191 0
192 0
193 0
194 0
195 0
196 0
197 0
198 0
199 0
200 0
