107 6
73 10
189 7
167 3
1 0
173 3
99 1
152 8
117 6
80 10
150 6
126 1
34 2
61 9
64 9
67 9
147 1
5 2
172 8
18 5
189 4
173 4
172 4
167 4
152 4
150 4
148 4
147 4
136 4
126 4
117 4
114 4
107 4
99 4
96 4
92 4
85 4
84 4
80 4
73 4
72 4
67 4
64 4
63 4
61 4
52 4
32 4
24 4
18 4
11 4
6 4
5 4
124 6
123 5
196 7
171 9
169 6
108 3
125 5
40 2
78 10
134 5
195 9
70 8
35 4
157 5
2 0
93 10
43 2
196 1
195 1
187 1
171 1
169 1
157 1
151 1
134 1
125 1
124 1
123 1
108 1
97 1
93 1
91 1
89 1
82 1
78 1
77 1
70 1
60 1
59 1
51 1
43 1
40 1
36 1
35 1
34 1
19 1
9 1
5 1
176 2
194 6
155 9
4 3
4 3
4 6
87 4
3 0
4 0
5 0
58 1
17 9
109 5
23 9
118 8
165 7
37 9
131 8
149 8
121 5
74 1
194 3
185 3
177 3
176 3
174 3
165 3
149 3
143 3
138 3
137 3
131 3
121 3
119 3
118 3
116 3
109 3
106 3
88 3
87 3
6 0
74 3
58 3
55 3
45 3
37 3
25 3
23 3
20 3
17 3
11 3
9 3
155 8
139 10
132 2
112 1
81 4
183 5
184 5
68 3
7 0
105 4
122 1
198 7
95 3
192 5
156 8
104 3
48 6
198 9
192 9
191 9
184 9
183 9
180 9
156 9
155 9
154 9
139 9
132 9
122 9
112 9
105 9
104 9
103 9
8 0
95 9
81 9
68 9
9 0
10 0
11 0
12 0
65 9
48 9
44 9
41 9
28 9
19 9
18 9
17 9
101 2
21 3
128 2
145 2
102 1
31 4
13 0
162 2
182 8
181 8
14 0
170 8
164 8
162 8
161 8
145 8
128 8
113 8
102 8
101 8
86 8
79 8
76 8
66 8
34 8
31 8
30 8
24 8
21 8
20 8
17 8
83 1
26 3
197 6
158 10
120 7
200 6
199 10
15 0
50 4
133 7
39 3
130 2
129 1
200 5
199 5
197 5
188 5
160 5
158 5
133 5
130 5
129 5
120 5
111 5
110 5
100 5
98 5
83 5
50 5
49 5
47 5
39 5
35 5
32 5
26 5
23 5
22 5
18 5
17 5
115 4
163 10
146 2
179 7
62 1
57 3
127 4
16 0
17 0
18 0
19 0
20 0
21 0
22 0
23 0
24 0
179 6
175 6
163 6
146 6
140 6
135 6
127 6
115 6
90 6
69 6
62 6
57 6
25 0
26 0
52 6
37 6
36 6
32 6
30 6
28 6
166 2
142 4
141 3
178 2
27 0
28 0
190 10
178 10
166 10
153 10
142 10
141 10
61 10
46 10
45 10
41 10
40 10
35 10
31 10
30 10
94 4
71 3
29 0
30 0
31 0
32 0
56 9
186 2
186 7
168 7
94 7
71 7
63 7
56 7
55 7
44 7
43 7
39 7
36 7
35 7
34 7
193 8
144 4
75 3
159 4
38 6
33 0
34 0
35 0
36 0
53 1
42 10
54 1
193 2
159 2
144 2
75 2
66 2
64 2
58 2
54 2
53 2
51 2
48 2
47 2
42 2
40 2
39 2
38 2
37 0
38 0
39 0
40 0
41 0
42 0
43 0
44 0
45 0
46 0
47 0
48 0
49 0
50 0
51 0
52 0
53 0
54 0
55 0
56 0
57 0
58 0
59 0
60 0
61 0
62 0
63 0
64 0
65 0
66 0
67 0
68 0
69 0
70 0
71 0
72 0
73 0
74 0
75 0
76 0
77 0
78 0
79 0
80 0
81 0
82 0
83 0
84 0
85 0
86 0
87 0
88 0
89 0
90 0
91 0
92 0
93 0
94 0
95 0
96 0
97 0
98 0
99 0
100 0
101 0
102 0
103 0
104 0
105 0
106 0
107 0
108 0
109 0
110 0
111 0
112 0
113 0
114 0
115 0
116 0
117 0
118 0
119 0
120 0
121 0
122 0
123 0
124 0
125 0
126 0
127 0
128 0
129 0
130 0
131 0
132 0
133 0
134 0
135 0
136 0
137 0
138 0
139 0
140 0
141 0
142 0
143 0
144 0
145 0
146 0
147 0
148 0
149 0
150 0
151 0
152 0
153 0
154 0
155 0
156 0
157 0
158 0
159 0
160 0
161 0
162 0
163 0
164 0
165 0
166 0
167 0
168 0
169 0
170 0
171 0
172 0
173 0
174 0
175 0
176 0
177 0
178 0
179 0
180 0
181 0
182 0
183 0
184 0
185 0
186 0
187 0
188 0
189 0
190 0
191 0
192 0
193 0
194 0
195 0
196 0
197 0
198 0
199 0
200 0
