33 2
1 0
45 2
55 7
112 10
159 1
129 10
145 10
98 5
128 6
99 5
13 10
179 1
47 2
151 6
161 4
96 3
30 10
31 10
66 7
187 8
179 8
161 8
159 8
157 8
153 8
151 8
132 8
128 8
103 8
99 8
98 8
96 8
74 8
70 8
66 8
63 8
60 8
59 8
55 8
52 8
49 8
47 8
45 8
33 8
31 8
30 8
13 8
9 8
145 3
129 4
112 5
110 6
199 1
195 9
197 9
44 2
83 2
183 3
17 8
64 8
2 0
23 10
23 7
146 4
147 4
113 5
27 7
135 5
119 6
192 3
176 4
123 6
199 10
197 10
195 10
192 10
183 10
176 10
168 10
150 10
147 10
146 10
145 10
140 10
135 10
129 10
126 10
123 10
119 10
113 10
112 10
110 10
108 10
83 10
80 10
64 10
44 10
29 10
27 10
23 10
17 10
16 10
14 10
9 10
7 10
142 7
175 3
138 9
3 0
72 8
11 10
101 4
104 4
139 9
77 8
164 2
76 10
167 2
198 1
107 4
41 1
85 8
200 6
175 6
174 6
167 6
164 6
163 6
154 6
142 6
139 6
138 6
121 6
107 6
104 6
101 6
93 6
91 6
85 6
77 6
76 6
72 6
48 6
41 6
37 6
35 6
13 6
11 6
7 6
6 6
68 4
156 9
39 8
137 4
160 9
158 4
111 8
191 3
148 8
105 10
10 6
4 0
100 6
94 1
87 9
185 2
134 10
193 7
191 7
185 7
184 7
177 7
158 7
149 7
148 7
137 7
134 7
117 7
111 7
105 7
100 7
94 7
87 7
75 7
68 7
61 7
54 7
46 7
42 7
39 7
30 7
22 7
10 7
9 7
6 7
130 3
32 8
38 8
102 8
114 8
106 10
109 10
86 6
169 2
34 7
5 0
51 7
198 4
188 4
182 4
169 4
162 4
160 4
156 4
133 4
130 4
114 4
109 4
106 4
102 4
88 4
86 4
79 4
71 4
51 4
38 4
34 4
6 0
7 0
32 4
31 4
24 4
15 4
14 4
11 4
9 4
171 3
58 8
95 8
172 3
26 10
81 10
50 6
190 5
143 1
20 7
178 3
124 8
8 0
9 0
122 10
196 9
190 9
178 9
173 9
172 9
171 9
143 9
141 9
124 9
122 9
120 9
95 9
81 9
58 9
56 9
50 9
33 9
28 9
26 9
20 9
10 0
11 0
19 9
16 9
14 9
13 9
73 8
155 8
97 6
18 10
116 6
170 5
65 7
40 10
12 0
13 0
14 0
15 0
16 0
92 7
194 2
181 2
170 2
166 2
155 2
116 2
97 2
92 2
82 2
73 2
65 2
57 2
45 2
40 2
35 2
25 2
24 2
22 2
19 2
18 2
17 0
18 0
19 0
20 0
152 3
21 0
22 0
23 0
24 0
25 0
26 0
27 0
28 0
29 0
30 0
31 0
32 0
33 0
34 0
35 0
67 5
186 3
165 5
115 9
69 8
84 8
180 5
186 1
180 1
165 1
152 1
115 1
90 1
84 1
69 1
67 1
62 1
50 1
47 1
44 1
43 1
40 1
39 1
38 1
37 1
131 10
118 9
189 5
36 0
37 0
38 0
39 0
40 0
41 0
42 0
43 0
44 0
45 0
46 0
47 0
48 0
49 0
50 0
51 0
52 0
144 10
189 3
144 3
136 3
131 3
127 3
118 3
78 3
53 0
54 0
55 0
56 0
57 0
58 0
59 0
60 0
61 0
62 0
63 0
64 0
65 0
66 0
67 0
68 0
69 0
70 0
71 0
72 0
73 0
74 0
75 0
76 0
77 0
78 0
79 0
80 0
81 0
82 0
83 0
84 0
85 0
86 0
87 0
88 0
125 3
89 0
90 0
91 0
92 0
93 0
94 0
95 0
96 0
97 0
98 0
99 0
100 0
101 0
102 0
103 0
104 0
105 0
106 0
107 0
108 0
109 0
110 0
111 0
112 0
113 0
114 0
115 0
116 0
117 0
155 5
152 5
134 5
130 5
128 5
125 5
118 0
119 0
120 0
121 0
122 0
123 0
124 0
125 0
126 0
127 0
128 0
129 0
130 0
131 0
132 0
133 0
134 0
135 0
136 0
137 0
138 0
139 0
140 0
141 0
142 0
143 0
144 0
145 0
146 0
147 0
148 0
149 0
150 0
151 0
152 0
153 0
154 0
155 0
156 0
157 0
158 0
159 0
160 0
161 0
162 0
163 0
164 0
165 0
166 0
167 0
168 0
169 0
170 0
171 0
172 0
173 0
174 0
175 0
176 0
177 0
178 0
179 0
180 0
181 0
182 0
183 0
184 0
185 0
186 0
187 0
188 0
189 0
190 0
191 0
192 0
193 0
194 0
195 0
196 0
197 0
198 0
199 0
200 0
