1 0
25 1
56 1
86 5
19 6
107 5
16 2
108 5
120 3
143 9
41 10
165 9
103 1
158 4
5 3
184 9
90 10
153 5
79 6
81 6
193 8
184 8
165 8
158 8
153 8
143 8
130 8
121 8
108 8
107 8
103 8
90 8
86 8
81 8
79 8
67 8
56 8
41 8
25 8
22 8
20 8
19 8
16 8
8 8
6 8
5 8
144 4
31 7
18 8
2 0
57 7
76 2
190 5
199 9
196 5
197 5
96 6
191 4
46 8
40 5
45 5
37 3
155 6
179 6
52 8
199 1
192 1
191 1
179 1
155 1
144 1
140 1
131 1
96 1
91 1
82 1
76 1
66 1
57 1
52 1
47 1
46 1
45 1
43 1
40 1
37 1
31 1
28 1
18 1
5 1
59 8
175 4
80 2
7 1
134 3
3 0
172 6
168 3
116 7
129 7
198 5
30 1
187 9
159 7
73 8
163 7
198 10
197 10
196 10
190 10
188 10
187 10
180 10
175 10
172 10
170 10
168 10
163 10
162 10
159 10
151 10
134 10
129 10
120 10
119 10
117 10
116 10
106 10
105 10
99 10
88 10
80 10
73 10
71 10
59 10
30 10
27 10
7 10
6 10
5 10
135 7
118 2
4 0
5 0
6 0
7 0
8 0
177 3
114 10
122 2
101 1
137 7
51 8
69 8
95 8
54 6
54 3
9 0
78 3
133 2
26 5
167 7
195 6
183 6
181 6
167 6
137 6
135 6
133 6
122 6
118 6
114 6
113 6
112 6
101 6
95 6
94 6
92 6
78 6
77 6
74 6
69 6
63 6
54 6
51 6
27 6
26 6
18 6
17 6
16 6
15 6
13 6
194 3
126 4
34 10
152 9
150 7
10 0
157 9
23 8
32 1
39 10
42 10
182 5
149 4
24 8
171 9
62 10
194 2
182 2
177 2
176 2
171 2
164 2
157 2
152 2
150 2
149 2
141 2
127 2
126 2
75 2
62 2
58 2
42 2
39 2
38 2
34 2
33 2
11 0
32 2
30 2
28 2
24 2
23 2
19 2
13 2
98 7
44 1
125 5
147 5
169 5
12 0
13 0
48 1
70 10
35 8
64 1
49 8
61 8
189 4
169 4
147 4
142 4
128 4
125 4
111 4
98 4
87 4
85 4
70 4
64 4
61 4
59 4
49 4
48 4
44 4
35 4
31 4
21 4
20 4
19 4
15 4
36 2
166 3
124 7
109 10
174 3
65 1
173 9
50 2
146 7
97 1
72 2
14 0
15 0
16 0
17 0
18 0
19 0
20 0
21 0
22 0
174 5
173 5
166 5
146 5
138 5
136 5
124 5
109 5
97 5
89 5
72 5
71 5
65 5
50 5
37 5
36 5
23 0
24 0
25 0
26 0
27 0
28 0
31 5
30 5
200 9
115 7
60 6
84 10
83 6
55 8
102 10
145 7
156 7
160 7
123 10
186 7
148 10
29 0
30 0
31 0
32 0
33 0
34 0
35 0
36 0
37 0
38 0
39 0
40 0
200 3
186 3
160 3
156 3
154 3
148 3
145 3
123 3
115 3
104 3
102 3
84 3
83 3
73 3
68 3
60 3
55 3
41 0
42 0
43 0
44 0
45 0
46 0
47 0
48 0
49 0
50 0
51 0
52 0
54 3
178 7
53 0
54 0
55 0
56 0
57 0
58 0
59 0
60 0
61 0
62 0
63 0
64 0
65 0
66 0
67 0
68 0
69 0
70 0
71 0
72 0
73 0
74 0
75 0
76 0
77 0
78 0
79 0
80 0
81 0
82 0
83 0
84 0
85 0
86 0
87 0
88 0
89 0
90 0
91 0
92 0
178 9
126 9
103 9
102 9
100 9
99 9
98 9
97 9
96 9
94 9
132 1
139 1
161 1
185 1
110 5
93 0
94 0
95 0
96 0
97 0
98 0
99 0
100 0
101 0
102 0
103 0
104 0
105 0
106 0
107 0
108 0
185 7
161 7
139 7
132 7
131 7
127 7
126 7
121 7
116 7
115 7
112 7
111 7
110 7
109 0
110 0
111 0
112 0
113 0
114 0
115 0
116 0
117 0
118 0
119 0
120 0
121 0
122 0
123 0
124 0
125 0
126 0
127 0
128 0
129 0
130 0
131 0
132 0
133 0
134 0
135 0
136 0
137 0
138 0
139 0
140 0
141 0
142 0
143 0
144 0
145 0
146 0
147 0
148 0
149 0
150 0
151 0
152 0
153 0
154 0
155 0
156 0
157 0
158 0
159 0
160 0
161 0
162 0
163 0
164 0
165 0
166 0
167 0
168 0
169 0
170 0
171 0
172 0
173 0
174 0
175 0
176 0
177 0
178 0
179 0
180 0
181 0
182 0
183 0
184 0
185 0
186 0
187 0
188 0
189 0
190 0
191 0
192 0
193 0
194 0
195 0
196 0
197 0
198 0
199 0
200 0
