19 4
72 1
155 3
190 3
103 1
119 8
185 7
1 0
108 10
140 6
123 8
28 4
141 6
160 6
189 7
41 4
36 6
90 4
169 8
55 6
191 5
190 5
189 5
185 5
169 5
155 5
131 5
128 5
123 5
119 5
118 5
117 5
108 5
106 5
103 5
90 5
86 5
72 5
55 5
48 5
44 5
41 5
36 5
32 5
28 5
19 5
7 5
5 5
4 5
101 2
151 1
112 2
76 5
60 10
178 3
183 3
98 5
2 0
13 7
13 3
74 10
184 6
46 3
96 10
52 3
170 1
158 8
184 7
170 7
160 7
158 7
151 7
149 7
141 7
140 7
139 7
134 7
124 7
120 7
112 7
110 7
101 7
98 7
96 7
76 7
74 7
60 7
59 7
52 7
46 7
22 7
18 7
15 7
13 7
4 7
195 3
77 6
135 4
35 5
125 8
154 2
21 7
159 2
38 5
66 5
87 6
157 4
145 8
3 0
26 7
88 6
107 6
195 9
183 9
181 9
178 9
167 9
163 9
159 9
157 9
154 9
147 9
145 9
135 9
133 9
125 9
115 9
107 9
105 9
102 9
88 9
87 9
84 9
80 9
77 9
75 9
71 9
70 9
68 9
66 9
49 9
38 9
35 9
29 9
27 9
26 9
21 9
4 0
5 0
13 9
7 9
144 2
39 5
177 10
78 3
111 1
142 4
97 3
23 7
6 0
7 0
174 6
95 5
40 7
116 1
14 9
132 1
24 9
177 8
174 8
161 8
148 8
144 8
142 8
132 8
126 8
122 8
116 8
113 8
111 8
97 8
95 8
85 8
78 8
67 8
40 8
39 8
34 8
24 8
23 8
20 8
8 0
19 8
16 8
15 8
14 8
13 8
176 3
56 5
130 6
83 5
152 6
50 9
171 6
127 5
187 3
69 9
9 0
196 2
193 2
192 2
187 2
176 2
171 2
152 2
130 2
127 2
104 2
83 2
69 2
61 2
56 2
50 2
47 2
45 2
28 2
21 2
18 2
17 2
13 2
12 2
172 10
200 1
146 4
10 0
79 6
173 10
179 10
82 6
114 6
37 5
51 5
42 9
129 6
153 4
200 3
198 3
179 3
173 3
172 3
153 3
150 3
146 3
129 3
114 3
92 3
82 3
79 3
65 3
58 3
54 3
11 0
12 0
13 0
14 0
15 0
16 0
17 0
18 0
19 0
20 0
21 0
22 0
23 0
24 0
51 3
46 3
42 3
37 3
34 3
32 3
28 3
26 3
180 10
63 7
164 1
162 4
165 1
25 0
26 0
27 0
28 0
29 0
33 3
180 6
168 6
165 6
164 6
162 6
138 6
99 6
94 6
63 6
62 6
52 6
45 6
39 6
36 6
35 6
33 6
32 6
166 4
93 7
30 0
53 2
64 2
73 2
194 10
175 4
194 1
188 1
175 1
166 1
156 1
143 1
93 1
73 1
64 1
59 1
53 1
47 1
43 1
41 1
40 1
38 1
34 1
32 1
57 2
186 8
31 0
32 0
33 0
34 0
35 0
36 0
37 0
38 0
39 0
40 0
41 0
42 0
43 0
44 0
45 0
46 0
47 0
48 0
49 0
137 9
100 7
91 2
89 5
197 4
186 4
137 4
121 4
100 4
91 4
89 4
67 4
66 4
60 4
57 4
50 0
51 0
52 0
53 0
54 0
55 0
56 0
57 0
58 0
59 0
60 0
61 0
62 0
63 0
64 0
65 0
66 0
67 0
68 0
69 0
70 0
71 0
72 0
73 0
74 0
75 0
76 0
77 0
78 0
79 0
80 0
199 7
81 0
82 0
83 0
84 0
85 0
86 0
87 0
88 0
89 0
90 0
91 0
92 0
93 0
94 0
95 0
109 2
136 3
182 1
199 10
96 0
97 0
98 0
99 0
100 0
101 0
102 0
103 0
182 10
143 10
138 10
136 10
121 10
114 10
111 10
110 10
109 10
104 0
105 0
106 0
107 0
108 0
109 0
110 0
111 0
112 0
113 0
114 0
115 0
116 0
117 0
118 0
119 0
120 0
121 0
122 0
123 0
124 0
125 0
126 0
127 0
128 0
129 0
130 0
131 0
132 0
133 0
134 0
135 0
136 0
137 0
138 0
139 0
140 0
141 0
142 0
143 0
144 0
145 0
146 0
147 0
148 0
149 0
150 0
151 0
152 0
153 0
154 0
155 0
156 0
157 0
158 0
159 0
160 0
161 0
162 0
163 0
164 0
165 0
166 0
167 0
168 0
169 0
170 0
171 0
172 0
173 0
174 0
175 0
176 0
177 0
178 0
179 0
180 0
181 0
182 0
183 0
184 0
185 0
186 0
187 0
188 0
189 0
190 0
191 0
192 0
193 0
194 0
195 0
196 0
197 0
198 0
199 0
200 0
