57 2
71 9
168 8
191 8
101 3
55 10
50 6
19 4
198 8
89 1
86 9
132 5
22 4
175 5
1 0
109 3
63 2
133 3
163 3
40 4
198 7
191 7
175 7
168 7
163 7
160 7
133 7
132 7
109 7
106 7
101 7
97 7
89 7
86 7
82 7
71 7
63 7
60 7
57 7
55 7
52 7
51 7
50 7
43 7
40 7
23 7
22 7
19 7
6 7
154 5
156 5
13 7
157 5
118 3
61 10
29 7
112 8
179 5
116 8
2 0
138 4
49 7
31 4
12 2
58 7
84 10
8 4
76 7
79 7
179 6
157 6
156 6
154 6
149 6
141 6
118 6
116 6
113 6
112 6
98 6
91 6
84 6
79 6
76 6
65 6
61 6
58 6
49 6
42 6
29 6
20 6
13 6
12 6
8 6
6 6
5 6
162 8
110 1
11 3
144 2
194 8
44 4
197 8
9 6
120 1
187 2
3 0
108 4
64 10
152 1
147 4
39 7
45 7
36 3
200 5
197 5
194 5
187 5
162 5
153 5
152 5
147 5
145 5
144 5
143 5
120 5
110 5
108 5
83 5
64 5
45 5
44 5
39 5
36 5
34 5
31 5
28 5
19 5
11 5
10 5
9 5
5 5
138 1
122 3
115 7
104 6
105 6
185 10
4 0
5 0
117 7
130 3
178 8
75 5
94 5
196 10
87 4
87 8
41 9
102 5
59 9
72 9
7 1
142 3
136 7
196 4
185 4
181 4
166 4
142 4
136 4
130 4
122 4
117 4
115 4
105 4
104 4
6 0
7 0
8 0
102 4
94 4
87 4
81 4
75 4
9 0
10 0
11 0
12 0
13 0
72 4
62 4
59 4
41 4
26 4
22 4
21 4
20 4
19 4
17 4
138 10
123 6
159 9
199 3
80 5
14 0
32 7
92 5
164 9
24 4
18 2
150 10
174 9
111 5
78 7
47 4
15 0
199 1
184 1
178 1
174 1
169 1
164 1
159 1
150 1
146 1
138 1
137 1
123 1
111 1
107 1
92 1
80 1
78 1
77 1
69 1
47 1
32 1
29 1
28 1
24 1
23 1
18 1
17 1
183 9
93 8
195 10
190 9
38 5
121 3
103 8
100 6
27 4
193 9
67 7
170 3
35 4
180 3
16 0
17 0
18 0
167 8
66 5
195 2
193 2
192 2
190 2
183 2
180 2
170 2
167 2
134 2
121 2
103 2
100 2
99 2
93 2
90 2
88 2
70 2
67 2
66 2
48 2
42 2
40 2
38 2
35 2
31 2
30 2
27 2
19 0
20 0
21 0
22 0
23 0
24 0
26 2
140 9
128 10
54 6
172 9
74 3
33 1
25 0
26 0
27 0
171 10
161 3
158 6
68 7
172 8
171 8
161 8
158 8
140 8
128 8
124 8
119 8
74 8
73 8
68 8
54 8
49 8
43 8
41 8
34 8
33 8
28 0
29 0
30 0
31 0
32 0
33 0
34 0
35 0
36 0
151 10
46 8
165 10
37 0
38 0
39 0
40 0
85 4
125 4
131 9
176 10
176 3
165 3
151 3
139 3
131 3
127 3
125 3
85 3
59 3
58 3
50 3
47 3
46 3
41 0
42 0
43 0
44 0
45 0
46 0
47 0
48 0
49 0
50 0
51 0
52 0
148 1
96 2
182 10
177 1
53 0
54 0
55 0
114 2
186 10
95 8
129 2
186 9
182 9
177 9
173 9
148 9
129 9
126 9
114 9
96 9
95 9
69 9
68 9
66 9
64 9
62 9
61 9
58 9
57 9
135 5
155 5
188 5
56 0
57 0
58 0
59 0
60 0
61 0
62 0
63 0
64 0
65 0
66 0
67 0
68 0
69 0
70 0
71 0
72 0
73 0
74 0
75 0
76 0
77 0
78 0
79 0
80 0
81 0
82 0
189 5
189 10
188 10
155 10
135 10
83 0
84 0
85 0
86 0
87 0
88 0
89 0
90 0
91 0
92 0
93 0
94 0
95 0
96 0
97 0
98 0
99 0
100 0
101 0
102 0
103 0
104 0
105 0
106 0
107 0
108 0
109 0
110 0
111 0
112 0
113 0
114 0
115 0
116 0
117 0
118 0
119 0
120 0
121 0
122 0
123 0
124 0
125 0
126 0
127 0
128 0
129 0
130 0
131 0
132 0
133 0
134 0
135 0
136 0
137 0
138 0
139 0
140 0
141 0
142 0
143 0
144 0
145 0
146 0
147 0
148 0
149 0
150 0
151 0
152 0
153 0
154 0
155 0
156 0
157 0
158 0
159 0
160 0
161 0
162 0
163 0
164 0
165 0
166 0
167 0
168 0
169 0
170 0
171 0
172 0
173 0
174 0
175 0
176 0
177 0
178 0
179 0
180 0
181 0
182 0
183 0
184 0
185 0
186 0
187 0
188 0
189 0
190 0
191 0
192 0
193 0
194 0
195 0
196 0
197 0
198 0
199 0
200 0
