23 9
117 1
75 4
109 4
163 3
116 4
181 7
4 9
171 3
107 9
32 1
63 1
1 0
70 1
188 10
160 8
3 4
61 4
71 1
178 5
188 6
187 6
181 6
180 6
178 6
177 6
171 6
163 6
160 6
159 6
151 6
132 6
107 6
71 6
70 6
63 6
62 6
61 6
56 6
54 6
51 6
40 6
38 6
32 6
21 6
10 6
4 6
3 6
116 3
109 9
75 6
58 3
99 6
173 8
139 2
89 3
34 7
9 4
9 2
104 6
50 7
84 7
81 2
128 5
113 9
12 10
17 10
8 9
67 10
39 9
2 0
18 3
173 4
144 4
128 4
123 4
117 4
104 4
99 4
86 4
84 4
81 4
75 4
3 0
4 0
67 4
50 4
44 4
39 4
34 4
30 4
18 4
17 4
15 4
13 4
12 4
10 4
9 4
8 4
139 9
125 3
186 5
174 1
165 9
118 6
115 4
49 8
33 7
119 6
5 0
195 5
166 9
161 3
31 10
79 8
168 9
90 8
130 6
195 2
186 2
183 2
174 2
168 2
166 2
165 2
161 2
152 2
139 2
130 2
125 2
119 2
118 2
115 2
113 2
109 2
90 2
89 2
79 2
58 2
49 2
33 2
31 2
28 2
23 2
21 2
19 2
16 2
8 2
158 3
7 5
7 7
29 4
14 2
133 6
194 8
164 9
103 4
52 2
6 0
7 0
91 2
78 10
129 4
200 5
197 5
194 5
190 5
172 5
164 5
162 5
158 5
148 5
133 5
129 5
116 5
103 5
97 5
91 5
78 5
55 5
52 5
32 5
29 5
27 5
22 5
20 5
14 5
8 0
9 0
10 0
12 5
135 9
138 9
170 9
11 0
12 0
13 0
14 0
15 0
16 0
17 0
18 0
19 0
20 0
21 0
22 0
23 0
57 7
169 3
149 7
87 6
199 8
42 4
185 10
46 4
100 6
127 6
199 1
191 1
185 1
175 1
170 1
169 1
154 1
149 1
138 1
135 1
127 1
100 1
87 1
72 1
60 1
59 1
57 1
46 1
45 1
42 1
38 1
30 1
28 1
27 1
26 1
137 10
145 10
111 7
37 4
24 0
131 7
108 6
76 4
68 2
189 8
105 4
106 4
47 5
95 2
98 2
189 3
157 3
153 3
147 3
145 3
137 3
131 3
111 3
108 3
106 3
105 3
98 3
95 3
80 3
76 3
68 3
66 3
65 3
53 3
47 3
40 3
37 3
35 3
34 3
31 3
29 3
26 3
146 7
193 7
176 8
124 6
69 4
88 4
25 0
26 0
27 0
28 0
29 0
30 0
31 0
32 0
33 0
34 0
35 0
122 4
150 6
140 4
110 5
198 9
193 9
176 9
150 9
146 9
141 9
140 9
124 9
122 9
110 9
101 9
88 9
82 9
69 9
52 9
51 9
49 9
39 9
38 9
37 9
196 10
155 8
96 2
179 8
36 0
37 0
38 0
39 0
40 0
156 2
121 5
120 6
41 0
42 0
64 9
134 5
102 9
196 7
179 7
156 7
155 7
143 7
136 7
134 7
121 7
120 7
102 7
96 7
94 7
77 7
64 7
58 7
55 7
54 7
49 7
48 7
47 7
45 7
44 7
83 2
112 2
85 5
74 6
43 0
44 0
45 0
46 0
47 0
48 0
49 0
50 0
51 0
52 0
53 0
54 0
55 0
73 9
192 8
92 5
192 10
182 10
126 10
114 10
112 10
92 10
85 10
83 10
79 10
78 10
74 10
56 0
57 0
58 0
59 0
60 0
61 0
62 0
63 0
64 0
65 0
66 0
67 0
68 0
73 10
69 0
70 0
71 0
72 0
73 0
74 0
75 0
76 0
77 0
78 0
79 0
80 0
81 0
82 0
83 0
84 0
85 0
86 0
87 0
88 0
89 0
90 0
91 0
92 0
142 10
167 10
93 0
94 0
95 0
96 0
97 0
98 0
99 0
100 0
101 0
102 0
103 0
104 0
105 0
106 0
107 0
108 0
109 0
110 0
111 0
184 10
184 8
167 8
142 8
112 0
113 0
114 0
115 0
116 0
117 0
118 0
119 0
120 0
121 0
122 0
123 0
124 0
125 0
126 0
127 0
128 0
129 0
130 0
131 0
132 0
133 0
134 0
135 0
136 0
137 0
138 0
139 0
140 0
141 0
142 0
143 0
144 0
145 0
146 0
147 0
148 0
149 0
150 0
151 0
152 0
153 0
154 0
155 0
156 0
157 0
158 0
159 0
160 0
161 0
162 0
163 0
164 0
165 0
166 0
167 0
168 0
169 0
170 0
171 0
172 0
173 0
174 0
175 0
176 0
177 0
178 0
179 0
180 0
181 0
182 0
183 0
184 0
185 0
186 0
187 0
188 0
189 0
190 0
191 0
192 0
193 0
194 0
195 0
196 0
197 0
198 0
199 0
200 0
