57 2
28 6
42 6
152 5
113 8
10 9
1 0
119 8
91 2
97 2
123 8
176 10
61 6
47 9
79 6
174 4
68 9
51 9
189 3
31 9
193 7
189 7
187 7
176 7
174 7
161 7
160 7
152 7
123 7
120 7
119 7
113 7
104 7
97 7
93 7
91 7
79 7
61 7
57 7
46 7
42 7
38 7
32 7
31 7
28 7
21 7
20 7
18 7
90 6
178 5
173 8
159 6
114 10
126 10
2 0
105 9
112 9
158 10
73 1
175 8
24 7
167 6
99 1
128 9
116 1
52 7
95 7
200 2
181 2
178 2
175 2
173 2
167 2
166 2
159 2
158 2
149 2
145 2
130 2
128 2
126 2
116 2
114 2
112 2
105 2
103 2
99 2
95 2
90 2
85 2
73 2
72 2
70 2
62 2
55 2
52 2
51 2
36 2
24 2
22 2
18 2
5 2
68 1
47 5
10 2
3 0
81 1
4 0
63 5
33 7
77 5
143 4
198 8
150 4
125 3
135 3
153 4
186 6
27 2
58 7
106 10
111 10
146 3
23 6
66 7
198 9
185 9
153 9
150 9
146 9
143 9
135 9
125 9
118 9
111 9
110 9
106 9
94 9
81 9
78 9
77 9
68 9
66 9
63 9
58 9
49 9
47 9
41 9
37 9
34 9
33 9
27 9
26 9
23 9
20 9
16 9
13 9
10 9
5 0
7 9
197 10
127 3
65 8
60 7
6 0
7 0
40 2
156 5
195 6
134 3
142 3
155 3
98 8
71 7
83 7
82 2
197 1
196 1
195 1
186 1
157 1
156 1
155 1
154 1
142 1
136 1
134 1
127 1
122 1
98 1
96 1
87 1
86 1
83 1
82 1
80 1
76 1
71 1
65 1
60 1
40 1
29 1
21 1
18 1
17 1
14 1
10 1
169 10
132 4
148 4
35 7
30 2
44 7
182 10
172 4
69 7
48 2
50 2
179 4
67 2
9 4
8 0
9 0
10 0
191 6
190 6
188 6
182 6
179 6
172 6
169 6
148 6
144 6
133 6
132 6
129 6
69 6
67 6
64 6
59 6
50 6
48 6
45 6
44 6
35 6
30 6
28 6
22 6
14 6
13 6
75 7
194 3
11 0
39 2
25 1
89 7
19 9
12 0
13 0
14 0
194 4
171 4
163 4
124 4
117 4
107 4
102 4
100 4
89 4
75 4
74 4
54 4
39 4
31 4
25 4
24 4
22 4
19 4
17 4
16 4
151 2
53 7
15 0
16 0
17 0
18 0
19 0
20 0
21 0
22 0
23 0
24 0
25 0
26 0
27 0
28 0
29 0
30 0
31 0
121 7
138 7
141 7
183 5
92 1
140 1
109 4
183 8
170 8
168 8
165 8
164 8
162 8
151 8
147 8
141 8
140 8
139 8
138 8
137 8
121 8
115 8
109 8
92 8
53 8
32 0
33 0
34 0
35 0
36 0
37 0
38 0
39 0
40 0
41 0
42 0
43 0
44 0
45 0
46 0
47 0
48 0
49 0
50 0
51 0
52 0
53 0
54 0
55 0
184 3
177 8
199 5
56 0
57 0
58 0
59 0
60 0
61 0
62 0
63 0
64 0
65 0
66 0
67 0
68 0
69 0
70 0
71 0
72 0
73 0
74 0
75 0
76 0
77 0
78 0
79 0
80 0
81 0
82 0
83 0
131 6
84 0
85 0
86 0
87 0
180 8
199 10
192 10
184 10
180 10
177 10
131 10
129 10
108 10
101 10
88 0
89 0
90 0
91 0
92 0
93 0
94 0
95 0
96 0
97 0
98 0
99 0
100 0
101 0
102 0
103 0
104 0
105 0
106 0
107 0
108 0
109 0
110 0
111 0
112 0
113 0
114 0
115 0
116 0
117 0
118 0
119 0
120 0
121 0
122 0
123 0
124 0
125 0
126 0
127 0
128 0
129 0
130 0
131 0
132 0
133 0
134 0
135 0
136 0
137 0
138 0
139 0
140 0
141 0
142 0
143 0
144 0
145 0
146 0
147 0
148 0
149 0
150 0
151 0
152 0
153 0
154 0
155 0
156 0
157 0
158 0
159 0
160 0
161 0
162 0
163 0
164 0
165 0
166 0
167 0
168 0
169 0
170 0
171 0
172 0
173 0
174 0
175 0
176 0
177 0
178 0
179 0
180 0
181 0
182 0
183 0
184 0
185 0
186 0
187 0
188 0
189 0
190 0
191 0
192 0
193 0
194 0
195 0
196 0
197 0
198 0
199 0
200 0
