96 3
134 3
1 0
75 10
162 1
52 8
124 10
32 9
93 7
144 5
111 7
119 7
19 7
108 8
117 8
98 9
196 6
148 5
116 9
109 7
196 4
173 4
162 4
156 4
148 4
144 4
143 4
136 4
134 4
132 4
124 4
121 4
117 4
116 4
109 4
108 4
101 4
98 4
96 4
83 4
75 4
69 4
67 4
52 4
49 4
36 4
32 4
19 4
16 4
5 4
147 7
110 8
130 8
72 4
100 4
34 8
146 4
105 8
103 1
91 1
35 7
2 0
57 7
179 9
193 2
141 8
138 1
25 10
177 6
193 3
185 3
179 3
177 3
159 3
153 3
152 3
146 3
141 3
140 3
138 3
125 3
105 3
104 3
100 3
91 3
89 3
87 3
80 3
72 3
57 3
53 3
38 3
35 3
34 3
25 3
17 3
5 3
130 1
110 5
95 4
126 5
157 10
20 3
118 4
160 9
81 3
198 6
106 3
15 6
114 3
50 6
3 0
46 7
59 6
12 10
170 9
23 10
40 10
170 8
160 8
158 8
133 8
130 8
126 8
118 8
114 8
110 8
106 8
103 8
95 8
81 8
65 8
59 8
50 8
46 8
40 8
39 8
23 8
21 8
20 8
16 8
15 8
12 8
5 8
97 5
127 5
55 4
149 7
186 10
4 0
5 0
8 7
181 5
142 4
61 3
60 8
135 3
90 8
22 7
198 2
194 2
192 2
191 2
186 2
181 2
172 2
171 2
157 2
151 2
142 2
135 2
127 2
97 2
90 2
88 2
61 2
60 2
55 2
30 2
22 2
19 2
17 2
12 2
8 2
190 1
6 0
123 10
56 4
161 7
62 4
187 5
84 4
120 4
183 7
77 3
47 8
155 10
10 2
197 6
190 6
187 6
183 6
175 6
165 6
161 6
155 6
149 6
147 6
123 6
120 6
119 6
111 6
93 6
86 6
84 6
77 6
73 6
68 6
64 6
62 6
56 6
54 6
47 6
32 6
25 6
15 6
10 6
8 6
150 4
184 1
137 3
27 8
182 9
128 8
188 1
58 2
9 6
85 2
41 6
79 6
33 10
43 10
45 10
112 2
51 10
28 7
28 5
7 0
188 7
184 7
182 7
178 7
163 7
150 7
137 7
128 7
112 7
92 7
85 7
79 7
74 7
58 7
51 7
45 7
43 7
41 7
36 7
34 7
33 7
28 7
27 7
16 7
12 7
9 7
8 0
9 0
10 0
107 4
18 2
176 10
44 3
11 0
12 0
14 10
174 4
164 3
94 8
115 8
180 4
200 1
189 1
180 1
174 1
164 1
115 1
107 1
94 1
71 1
49 1
44 1
35 1
29 1
20 1
18 1
17 1
16 1
15 1
14 1
199 10
122 4
26 6
13 0
14 0
15 0
16 0
17 0
18 0
19 0
20 0
21 0
22 0
23 0
42 8
131 9
113 8
70 3
167 9
37 2
199 5
176 5
167 5
154 5
24 0
131 5
129 5
122 5
113 5
70 5
52 5
48 5
42 5
39 5
38 5
37 5
30 5
29 5
27 5
26 5
25 0
26 0
27 0
28 0
29 0
30 0
166 9
168 9
76 4
102 4
31 0
32 0
33 0
34 0
35 0
36 0
37 0
38 0
39 0
40 0
41 0
42 0
43 0
44 0
45 0
46 0
47 0
48 0
49 0
50 0
51 0
52 0
53 0
54 0
55 0
56 0
57 0
58 0
59 0
60 0
61 0
62 0
99 2
66 8
63 0
64 0
78 7
145 4
139 2
169 9
169 10
168 10
166 10
145 10
139 10
102 10
99 10
88 10
82 10
78 10
76 10
74 10
72 10
71 10
70 10
68 10
67 10
66 10
65 0
66 0
67 0
68 0
69 0
70 0
71 0
72 0
73 0
74 0
75 0
76 0
77 0
78 0
79 0
80 0
81 0
82 0
83 0
84 0
85 0
86 0
87 0
88 0
89 0
90 0
91 0
92 0
93 0
94 0
95 0
96 0
97 0
98 0
99 0
100 0
101 0
102 0
103 0
104 0
105 0
106 0
107 0
108 0
109 0
110 0
111 0
112 0
113 0
114 0
115 0
116 0
117 0
118 0
119 0
120 0
121 0
122 0
123 0
124 0
125 0
126 0
127 0
128 0
129 0
130 0
131 0
132 0
133 0
134 0
135 0
136 0
137 0
138 0
139 0
140 0
141 0
142 0
143 0
144 0
145 0
146 0
147 0
148 0
149 0
150 0
151 0
152 0
153 0
154 0
155 0
156 0
157 0
158 0
159 0
160 0
161 0
162 0
163 0
164 0
165 0
166 0
167 0
168 0
169 0
170 0
171 0
172 0
173 0
174 0
175 0
176 0
177 0
178 0
179 0
180 0
181 0
182 0
183 0
184 0
185 0
186 0
187 0
188 0
189 0
190 0
191 0
192 0
193 0
194 0
195 0
196 0
197 0
198 0
199 0
200 0
