107 5
137 7
198 10
55 2
138 7
52 9
78 6
36 8
1 0
199 10
56 2
26 10
54 9
114 5
69 2
53 8
37 10
39 10
111 6
13 8
151 3
150 3
138 3
137 3
125 3
117 3
114 3
111 3
107 3
91 3
88 3
78 3
69 3
63 3
61 3
56 3
55 3
54 3
52 3
40 3
39 3
37 3
26 3
13 3
10 3
85 8
133 1
49 3
173 7
70 3
20 8
103 2
14 10
126 2
22 8
124 3
102 8
18 10
183 4
2 0
5 5
182 7
6 5
72 10
183 6
182 6
174 6
173 6
157 6
144 6
133 6
126 6
124 6
123 6
103 6
102 6
100 6
72 6
70 6
49 6
23 6
22 6
21 6
20 6
18 6
14 6
10 6
6 6
5 6
131 8
44 3
116 3
95 6
24 4
163 9
136 8
127 3
28 4
171 9
58 4
84 4
94 4
31 10
159 5
7 10
106 6
3 0
196 2
181 2
171 2
163 2
161 2
159 2
156 2
155 2
152 2
146 2
136 2
131 2
127 2
116 2
106 2
96 2
95 2
94 2
85 2
84 2
73 2
58 2
53 2
47 2
46 2
44 2
36 2
4 0
5 0
6 0
7 0
31 2
28 2
24 2
13 2
10 2
179 5
64 3
120 7
60 6
65 3
186 5
160 9
51 2
8 0
149 7
200 10
9 0
42 4
42 4
42 10
80 3
81 3
108 3
168 9
189 4
187 4
186 4
179 4
168 4
167 4
166 4
160 4
149 4
143 4
139 4
120 4
112 4
108 4
99 4
81 4
80 4
65 4
64 4
60 4
51 4
10 0
11 0
42 4
26 4
25 4
17 4
14 4
13 4
192 9
180 5
59 3
43 2
132 7
90 3
134 7
109 3
195 9
135 7
12 0
13 0
14 0
98 2
15 0
200 1
199 1
198 1
195 1
192 1
188 1
180 1
176 1
170 1
148 1
142 1
135 1
134 1
132 1
119 1
113 1
109 1
98 1
92 1
90 1
83 1
71 1
59 1
43 1
37 1
35 1
34 1
27 1
24 1
18 1
17 1
178 9
57 3
89 8
66 3
16 0
17 0
18 0
76 3
175 7
118 8
194 10
130 8
29 2
194 5
193 5
178 5
177 5
175 5
158 5
130 5
118 5
97 5
19 0
20 0
21 0
22 0
23 0
24 0
25 0
26 0
27 0
89 5
77 5
76 5
68 5
67 5
66 5
57 5
49 5
42 5
39 5
34 5
29 5
28 0
29 0
197 9
50 3
115 7
82 8
128 7
75 6
145 7
48 1
140 8
141 8
30 0
31 0
93 6
165 7
172 7
153 8
184 7
197 10
184 10
172 10
169 10
165 10
153 10
145 10
141 10
140 10
128 10
115 10
104 10
93 10
82 10
79 10
75 10
74 10
70 10
51 10
50 10
48 10
40 10
36 10
35 10
34 10
122 9
86 6
101 6
32 0
129 9
185 7
191 7
33 0
34 0
35 0
36 0
37 0
190 9
62 4
191 8
190 8
185 8
154 8
129 8
122 8
121 8
110 8
105 8
101 8
86 8
72 8
62 8
60 8
52 8
45 8
38 0
39 0
40 0
44 8
43 8
42 8
162 6
164 6
41 0
42 0
43 0
44 0
45 0
46 0
47 0
48 0
49 0
50 0
51 0
52 0
53 0
54 0
55 0
56 0
57 0
58 0
59 0
60 0
61 0
62 0
63 0
64 0
65 0
66 0
67 0
68 0
69 0
70 0
71 0
72 0
73 0
74 0
75 0
76 0
77 0
78 0
79 0
80 0
81 0
82 0
83 0
84 0
85 0
86 0
87 0
88 0
89 0
90 0
91 0
92 0
93 0
94 0
95 0
96 0
97 0
98 0
99 0
147 5
164 9
162 9
100 0
101 0
102 0
103 0
104 0
105 0
106 0
107 0
108 0
109 0
110 0
111 0
112 0
113 0
114 0
115 0
116 0
117 0
147 9
118 0
119 0
120 0
121 0
122 0
123 0
124 0
125 0
126 0
127 0
128 0
129 0
130 0
131 0
132 0
133 0
134 0
135 0
136 0
137 0
138 0
139 0
140 0
141 0
142 0
143 0
144 0
145 0
146 0
147 0
148 0
149 0
150 0
151 0
152 0
153 0
154 0
155 0
156 0
157 0
158 0
159 0
160 0
161 0
162 0
163 0
164 0
165 0
166 0
167 0
168 0
169 0
170 0
171 0
172 0
173 0
174 0
175 0
176 0
177 0
178 0
179 0
180 0
181 0
182 0
183 0
184 0
185 0
186 0
187 0
188 0
189 0
190 0
191 0
192 0
193 0
194 0
195 0
196 0
197 0
198 0
199 0
200 0
