136 3
176 3
164 10
101 1
39 7
92 7
129 2
160 2
83 2
48 7
47 3
1 0
189 6
102 1
131 8
138 8
173 10
113 1
149 8
59 7
192 5
189 5
184 5
178 5
173 5
164 5
149 5
138 5
131 5
121 5
115 5
113 5
103 5
102 5
101 5
83 5
72 5
63 5
59 5
48 5
47 5
46 5
181 3
2 0
196 6
53 5
87 5
127 7
3 0
194 3
112 9
175 2
32 4
32 2
139 8
171 1
25 8
66 2
111 5
153 7
35 8
148 9
198 4
196 4
194 4
191 4
181 4
176 4
171 4
153 4
148 4
140 4
136 4
127 4
123 4
112 4
111 4
92 4
88 4
87 4
66 4
65 4
60 4
53 4
46 4
39 4
35 4
32 4
31 4
29 4
25 4
20 4
9 4
5 4
151 3
170 3
193 2
134 1
195 2
71 5
4 0
5 0
10 4
119 6
43 4
122 6
91 5
169 8
85 4
183 10
199 9
195 9
193 9
183 9
175 9
172 9
170 9
169 9
160 9
151 9
146 9
139 9
134 9
129 9
128 9
122 9
119 9
104 9
95 9
91 9
85 9
75 9
74 9
71 9
69 9
56 9
47 9
43 9
41 9
30 9
19 9
11 9
10 9
9 9
7 9
28 4
144 8
126 3
49 5
33 4
120 1
97 10
52 5
188 6
174 8
22 9
141 7
166 7
143 3
6 0
81 5
61 4
77 4
188 2
174 2
166 2
156 2
144 2
143 2
142 2
141 2
135 2
126 2
120 2
97 2
94 2
81 2
80 2
79 2
77 2
73 2
61 2
52 2
50 2
49 2
48 2
42 2
36 2
33 2
28 2
22 2
7 0
20 2
9 2
100 5
200 1
179 7
38 4
130 3
13 9
168 8
21 9
155 3
40 4
8 0
9 0
16 8
200 6
179 6
159 6
157 6
155 6
130 6
114 6
100 6
59 6
58 6
45 6
40 6
38 6
26 6
25 6
21 6
20 6
18 6
16 6
13 6
10 0
11 0
152 7
55 4
158 7
118 5
27 2
110 1
185 8
44 2
132 5
98 4
93 2
12 0
13 0
67 9
185 10
168 10
162 10
158 10
152 10
150 10
147 10
132 10
118 10
110 10
98 10
93 10
90 10
67 10
63 10
62 10
57 10
55 10
44 10
37 10
29 10
27 10
23 10
22 10
19 10
16 10
190 3
68 8
54 4
15 3
167 1
84 5
14 0
15 0
16 0
186 1
86 5
154 5
165 5
190 7
186 7
182 7
180 7
167 7
165 7
154 7
96 7
86 7
84 7
72 7
70 7
68 7
54 7
51 7
34 7
31 7
30 7
28 7
19 7
18 7
125 3
163 3
89 5
197 3
99 5
145 1
105 5
24 10
108 5
17 0
18 0
19 0
20 0
21 0
197 8
163 8
145 8
125 8
124 8
116 8
108 8
105 8
99 8
89 8
83 8
78 8
41 8
33 8
32 8
28 8
25 8
24 8
22 0
23 0
24 0
25 0
26 0
27 0
28 0
29 0
30 0
31 0
32 0
33 0
34 0
35 0
36 0
37 0
38 0
39 0
40 0
41 0
42 0
43 0
44 0
45 0
46 0
47 0
48 0
49 0
50 0
51 0
52 0
53 0
54 0
55 0
56 0
57 0
58 0
59 0
60 0
61 0
62 0
63 0
161 5
133 6
107 8
64 0
65 0
66 0
67 0
68 0
69 0
70 0
71 0
72 0
73 0
74 0
75 0
177 1
76 0
77 0
161 1
133 1
117 1
107 1
78 0
79 0
80 0
81 0
82 0
83 0
84 0
85 0
86 0
87 0
88 0
89 0
90 0
91 0
92 0
93 0
94 0
95 0
96 0
97 0
98 0
99 0
100 0
101 0
102 0
103 0
104 0
105 0
137 2
106 0
107 0
108 0
187 7
109 0
110 0
111 0
112 0
113 0
114 0
115 0
116 0
117 0
118 0
119 0
187 3
154 3
137 3
120 0
121 0
122 0
123 0
124 0
125 0
126 0
127 0
128 0
129 0
130 0
131 0
132 0
133 0
134 0
135 0
136 0
137 0
138 0
139 0
140 0
141 0
142 0
143 0
144 0
145 0
146 0
147 0
148 0
149 0
150 0
151 0
152 0
153 0
154 0
155 0
156 0
157 0
158 0
159 0
160 0
161 0
162 0
163 0
164 0
165 0
166 0
167 0
168 0
169 0
170 0
171 0
172 0
173 0
174 0
175 0
176 0
177 0
178 0
179 0
180 0
181 0
182 0
183 0
184 0
185 0
186 0
187 0
188 0
189 0
190 0
191 0
192 0
193 0
194 0
195 0
196 0
197 0
198 0
199 0
200 0
