124 9
192 4
134 7
40 10
69 10
18 6
1 0
9 3
178 7
176 9
137 1
183 7
3 9
115 2
72 10
51 6
82 8
181 1
17 3
151 2
192 5
183 5
181 5
178 5
160 5
151 5
137 5
134 5
127 5
115 5
89 5
82 5
81 5
75 5
72 5
69 5
51 5
40 5
22 5
21 5
18 5
17 5
14 5
9 5
3 5
154 8
68 2
47 10
8 5
83 2
96 2
76 10
33 6
149 1
28 5
110 3
2 0
103 2
39 6
12 7
12 3
43 6
62 6
133 2
174 8
185 7
176 7
174 7
154 7
150 7
149 7
146 7
133 7
124 7
121 7
113 7
103 7
98 7
96 7
83 7
76 7
68 7
64 7
63 7
62 7
56 7
47 7
46 7
43 7
39 7
38 7
33 7
30 7
28 7
12 7
8 7
3 0
6 7
70 5
32 7
54 7
5 3
157 6
53 3
36 1
140 2
94 5
144 2
4 0
131 4
191 10
66 7
97 5
187 6
195 8
191 8
187 8
180 8
163 8
157 8
153 8
144 8
140 8
131 8
114 8
112 8
105 8
97 8
95 8
94 8
87 8
70 8
66 8
54 8
53 8
5 0
36 8
35 8
32 8
6 0
13 8
9 8
8 8
139 10
15 5
7 0
8 0
9 0
170 1
84 5
116 3
117 3
102 9
23 8
168 2
155 10
119 3
129 3
101 5
106 9
164 10
170 4
169 4
168 4
164 4
155 4
147 4
139 4
138 4
132 4
129 4
126 4
119 4
117 4
116 4
110 4
109 4
106 4
102 4
101 4
91 4
86 4
84 4
73 4
23 4
19 4
15 4
14 4
13 4
12 4
193 10
58 1
10 0
27 5
65 1
74 1
24 4
179 9
156 6
41 8
49 8
165 6
80 1
161 1
50 8
88 8
136 8
123 7
197 3
193 3
188 3
179 3
172 3
165 3
161 3
156 3
141 3
136 3
135 3
123 3
122 3
100 3
88 3
80 3
74 3
65 3
58 3
50 3
49 3
45 3
44 3
41 3
32 3
28 3
27 3
24 3
17 3
12 3
142 1
78 8
60 7
194 6
184 2
79 8
11 0
12 0
13 0
14 0
15 0
175 1
159 8
158 7
99 4
200 10
194 10
184 10
175 10
162 10
159 10
158 10
145 10
142 10
99 10
79 10
78 10
60 10
48 10
37 10
35 10
30 10
25 10
19 10
18 10
17 10
186 1
16 0
17 0
18 0
19 0
92 9
177 9
199 1
173 8
77 6
29 10
111 6
20 0
21 0
22 0
23 0
24 0
104 4
199 2
186 2
177 2
173 2
111 2
107 2
104 2
92 2
77 2
73 2
42 2
40 2
36 2
34 2
33 2
29 2
25 0
27 2
143 6
67 8
71 8
108 4
166 6
93 8
31 10
52 5
26 0
27 0
28 0
29 0
196 1
196 9
167 9
166 9
143 9
130 9
125 9
108 9
93 9
84 9
71 9
67 9
55 9
53 9
52 9
51 9
38 9
33 9
32 9
31 9
30 0
31 0
32 0
33 0
34 0
35 0
36 0
37 0
38 0
39 0
40 0
41 0
42 0
43 0
44 0
45 0
46 0
47 0
48 0
49 0
50 0
51 0
52 0
53 0
54 0
55 0
56 0
171 6
57 0
58 0
189 6
90 4
61 10
198 6
59 0
148 4
128 2
85 5
198 1
189 1
171 1
148 1
128 1
118 1
90 1
86 1
85 1
73 1
69 1
67 1
66 1
65 1
62 1
61 1
60 0
61 0
62 0
63 0
64 0
65 0
66 0
67 0
68 0
69 0
70 0
71 0
72 0
73 0
74 0
75 0
76 0
77 0
78 0
79 0
80 0
81 0
82 0
83 0
84 0
85 0
86 0
87 0
88 0
89 0
90 0
91 0
92 0
93 0
94 0
95 0
96 0
97 0
98 0
99 0
100 0
101 0
102 0
103 0
104 0
105 0
106 0
107 0
108 0
109 0
110 0
111 0
112 0
113 0
114 0
115 0
116 0
117 0
118 0
119 0
120 0
121 0
122 0
123 0
124 0
125 0
126 0
127 0
128 0
129 0
130 0
131 0
132 0
133 0
134 0
135 0
136 0
137 0
138 0
139 0
140 0
141 0
142 0
143 0
144 0
145 0
146 0
147 0
148 0
149 0
150 0
151 0
182 2
152 0
153 0
154 0
155 0
156 0
157 0
158 0
159 0
160 0
161 0
162 0
163 0
164 0
165 0
166 0
167 0
168 0
169 0
170 0
171 0
172 0
190 1
196 6
190 6
189 6
182 6
173 0
174 0
175 0
176 0
177 0
178 0
179 0
180 0
181 0
182 0
183 0
184 0
185 0
186 0
187 0
188 0
189 0
190 0
191 0
192 0
193 0
194 0
195 0
196 0
197 0
198 0
199 0
200 0
