1 0
144 8
191 10
102 2
161 5
73 1
186 5
117 9
19 7
19 4
125 9
145 8
22 6
159 8
36 3
192 10
180 8
10 4
131 9
141 9
4 8
192 7
191 7
186 7
169 7
161 7
158 7
154 7
141 7
134 7
131 7
125 7
117 7
103 7
102 7
85 7
73 7
67 7
63 7
49 7
36 7
34 7
32 7
22 7
20 7
17 7
14 7
10 7
4 7
138 10
171 10
50 4
48 7
2 0
137 2
54 4
13 6
99 1
152 2
148 9
166 2
86 4
196 8
132 3
98 4
173 10
196 5
180 5
173 5
171 5
166 5
159 5
152 5
148 5
145 5
144 5
138 5
137 5
132 5
128 5
127 5
118 5
115 5
114 5
99 5
98 5
97 5
90 5
86 5
65 5
54 5
53 5
50 5
48 5
31 5
25 5
19 5
13 5
4 5
33 7
75 7
3 0
4 0
135 9
44 5
111 10
129 10
126 3
121 7
72 5
146 9
198 1
96 5
133 10
197 6
27 4
27 8
35 8
42 8
177 9
58 8
198 4
197 4
188 4
182 4
181 4
177 4
146 4
135 4
133 4
129 4
126 4
121 4
111 4
105 4
96 4
87 4
81 4
80 4
78 4
75 4
72 4
70 4
58 4
56 4
44 4
42 4
35 4
33 4
27 4
13 4
10 4
6 4
163 8
38 5
149 3
142 10
91 2
45 5
113 2
23 7
51 5
178 6
172 8
52 5
66 5
200 6
5 0
6 0
200 9
178 9
172 9
168 9
163 9
153 9
149 9
147 9
142 9
124 9
123 9
122 9
113 9
94 9
91 9
84 9
82 9
79 9
74 9
66 9
57 9
52 9
51 9
45 9
40 9
38 9
23 9
21 9
19 9
14 9
10 9
8 9
199 1
7 0
8 0
93 3
184 8
165 10
176 10
77 5
106 2
62 7
160 2
190 8
101 3
116 3
76 7
199 6
190 6
184 6
176 6
165 6
160 6
143 6
140 6
120 6
116 6
106 6
104 6
101 6
93 6
89 6
83 6
77 6
76 6
64 6
62 6
39 6
28 6
25 6
17 6
13 6
11 6
10 6
41 5
55 5
18 9
61 5
9 0
10 0
11 0
29 4
92 5
47 4
179 1
88 4
185 1
43 7
69 7
185 8
179 8
175 8
170 8
167 8
162 8
119 8
112 8
92 8
88 8
69 8
61 8
60 8
59 8
55 8
47 8
43 8
41 8
31 8
29 8
27 8
20 8
18 8
14 8
13 8
155 10
100 5
30 7
95 4
12 0
13 0
14 0
46 7
189 2
151 5
16 2
71 7
194 1
194 3
193 3
155 3
151 3
136 3
130 3
108 3
100 3
95 3
71 3
48 3
46 3
33 3
30 3
24 3
22 3
19 3
18 3
17 3
16 3
26 6
15 0
16 0
17 0
18 0
19 0
20 0
21 0
22 0
23 0
24 0
110 5
174 10
189 1
174 1
164 1
156 1
150 1
110 1
50 1
38 1
35 1
32 1
30 1
27 1
26 1
25 0
26 0
27 0
28 0
29 0
30 0
31 0
32 0
33 0
34 0
35 0
36 0
183 5
139 7
107 3
37 0
38 0
39 0
40 0
41 0
42 0
43 0
44 0
45 0
157 7
187 5
195 2
187 2
183 2
157 2
139 2
107 2
46 0
47 0
48 0
49 0
50 0
51 0
52 0
53 0
54 0
55 0
56 0
57 0
58 0
59 0
60 0
61 0
62 0
63 0
64 0
65 0
66 0
67 0
68 0
69 0
70 0
71 0
72 0
73 0
74 0
75 0
76 0
77 0
78 0
79 0
80 0
81 0
82 0
83 0
84 0
85 0
86 0
87 0
88 0
89 0
90 0
91 0
92 0
93 0
94 0
95 0
96 0
97 0
98 0
99 0
100 0
101 0
102 0
103 0
104 0
105 0
106 0
107 0
108 0
109 0
110 0
111 0
112 0
113 0
114 0
115 0
116 0
117 0
118 0
119 0
120 0
121 0
122 0
123 0
124 0
125 0
126 0
127 0
128 0
129 0
130 0
131 0
132 0
133 0
134 0
135 0
136 0
137 0
138 0
139 0
140 0
141 0
142 0
143 0
144 0
145 0
146 0
147 0
148 0
149 0
150 0
151 0
152 0
153 0
154 0
155 0
156 0
157 0
158 0
159 0
160 0
161 0
162 0
163 0
164 0
165 0
166 0
167 0
168 0
169 0
170 0
171 0
172 0
173 0
174 0
175 0
176 0
177 0
178 0
179 0
180 0
181 0
182 0
183 0
184 0
185 0
186 0
187 0
188 0
189 0
190 0
191 0
192 0
193 0
194 0
195 0
196 0
197 0
198 0
199 0
200 0
