36 3
33 4
194 9
177 7
106 8
29 2
87 5
34 4
27 2
11 10
199 9
165 8
189 7
68 3
103 5
108 5
1 0
60 4
130 5
7 7
199 6
194 6
165 6
138 6
130 6
108 6
106 6
103 6
91 6
87 6
85 6
74 6
68 6
60 6
36 6
35 6
34 6
33 6
27 6
24 6
22 6
20 6
16 6
11 6
7 6
5 6
73 2
28 6
53 6
46 1
105 2
128 3
112 2
156 8
71 6
191 7
168 4
115 2
13 7
173 4
151 5
192 4
2 0
67 1
188 8
21 7
192 10
188 10
173 10
168 10
166 10
156 10
151 10
149 10
140 10
139 10
128 10
115 10
112 10
109 10
107 10
105 10
96 10
83 10
73 10
71 10
67 10
59 10
53 10
46 10
30 10
29 10
28 10
21 10
19 10
14 10
13 10
5 10
125 8
148 8
49 6
17 10
195 7
163 5
26 10
43 10
9 9
70 6
3 0
69 10
89 6
25 9
32 9
137 6
97 10
120 10
86 9
195 2
191 2
189 2
183 2
182 2
177 2
172 2
163 2
160 2
148 2
137 2
125 2
120 2
119 2
102 2
97 2
89 2
88 2
86 2
84 2
70 2
69 2
49 2
43 2
40 2
38 2
32 2
26 2
25 2
23 2
17 2
15 2
9 2
7 2
5 2
162 8
179 3
95 9
184 3
39 10
196 3
54 10
157 7
159 7
152 9
118 1
4 0
5 0
127 1
122 10
196 4
184 4
179 4
174 4
169 4
162 4
159 4
157 4
152 4
133 4
127 4
122 4
118 4
99 4
95 4
94 4
82 4
80 4
63 4
62 4
54 4
50 4
48 4
39 4
13 4
11 4
7 4
110 8
6 0
7 0
100 6
131 5
136 5
55 10
8 0
9 0
141 5
77 10
132 3
167 5
31 2
65 2
147 3
153 3
75 2
42 4
190 7
10 0
171 7
167 7
153 7
147 7
141 7
136 7
132 7
131 7
124 7
123 7
110 7
100 7
93 7
77 7
75 7
72 7
65 7
61 7
55 7
42 7
11 0
31 7
18 7
16 7
15 7
14 7
13 7
76 4
200 1
185 9
52 6
129 4
37 10
12 0
13 0
14 0
15 0
16 0
17 0
18 0
111 6
180 8
64 10
200 5
198 5
185 5
180 5
145 5
143 5
142 5
134 5
129 5
116 5
111 5
78 5
76 5
64 5
58 5
52 5
45 5
39 5
37 5
19 0
20 0
21 0
22 0
23 0
24 0
25 0
26 0
27 0
28 0
29 0
30 0
31 0
32 0
33 0
34 0
35 0
36 0
37 0
38 0
39 0
40 0
181 8
155 1
187 8
44 2
175 1
41 0
42 0
178 1
197 8
197 9
187 9
181 9
178 9
175 9
155 9
144 9
113 9
101 9
92 9
79 9
60 9
55 9
48 9
46 9
45 9
44 9
43 0
44 0
45 0
46 0
146 3
176 1
57 10
117 6
47 0
48 0
49 0
50 0
98 2
176 8
158 8
146 8
135 8
117 8
98 8
69 8
68 8
66 8
61 8
57 8
55 8
54 8
53 8
52 8
154 6
51 0
52 0
53 0
54 0
55 0
121 2
56 0
57 0
58 0
59 0
60 0
61 0
62 0
63 0
64 0
65 0
66 0
67 0
68 0
69 0
170 1
104 8
170 3
161 3
154 3
121 3
70 0
71 0
72 0
73 0
74 0
75 0
76 0
77 0
78 0
79 0
80 0
111 3
104 3
98 3
93 3
92 3
90 3
85 3
84 3
83 3
82 3
186 8
81 0
82 0
83 0
84 0
85 0
86 0
87 0
88 0
89 0
90 0
91 0
92 0
93 0
94 0
95 0
96 0
97 0
98 0
99 0
100 0
101 0
102 0
103 0
104 0
105 0
106 0
107 0
108 0
109 0
110 0
111 0
112 0
113 0
193 8
164 9
150 6
114 0
115 0
116 0
126 7
193 1
186 1
117 0
118 0
119 0
120 0
121 0
122 0
164 1
154 1
150 1
144 1
135 1
130 1
129 1
128 1
127 1
126 1
123 0
124 0
125 0
126 0
127 0
128 0
129 0
130 0
131 0
132 0
133 0
134 0
135 0
136 0
137 0
138 0
139 0
140 0
141 0
142 0
143 0
144 0
145 0
146 0
147 0
148 0
149 0
150 0
151 0
152 0
153 0
154 0
155 0
156 0
157 0
158 0
159 0
160 0
161 0
162 0
163 0
164 0
165 0
166 0
167 0
168 0
169 0
170 0
171 0
172 0
173 0
174 0
175 0
176 0
177 0
178 0
179 0
180 0
181 0
182 0
183 0
184 0
185 0
186 0
187 0
188 0
189 0
190 0
191 0
192 0
193 0
194 0
195 0
196 0
197 0
198 0
199 0
200 0
