152 1
97 9
163 1
60 6
172 2
105 9
184 4
1 0
123 9
46 3
167 1
98 10
177 2
143 9
79 6
72 3
27 5
51 5
174 1
135 10
200 8
184 8
182 8
177 8
174 8
172 8
171 8
167 8
163 8
152 8
143 8
135 8
123 8
120 8
105 8
103 8
101 8
98 8
97 8
93 8
88 8
86 8
79 8
72 8
60 8
57 8
56 8
51 8
46 8
35 8
34 8
27 8
17 8
7 8
4 8
133 7
119 2
140 1
14 8
66 3
76 3
178 5
161 9
2 0
21 8
125 2
37 8
113 3
157 4
80 8
15 4
24 4
52 4
178 6
176 6
165 6
161 6
155 6
140 6
138 6
133 6
125 6
124 6
119 6
113 6
92 6
80 6
76 6
67 6
66 6
63 6
52 6
37 6
28 6
24 6
21 6
15 6
14 6
11 6
4 6
127 2
144 7
91 8
134 2
94 8
175 4
74 6
150 7
181 9
110 8
141 2
33 1
33 9
100 6
193 10
3 0
191 4
197 1
194 1
193 1
191 1
183 1
175 1
164 1
160 1
157 1
153 1
150 1
144 1
141 1
137 1
136 1
134 1
127 1
117 1
110 1
102 1
100 1
94 1
91 1
82 1
77 1
74 1
4 0
55 1
38 1
33 1
19 1
11 1
7 1
121 4
130 10
20 8
75 8
162 10
154 4
196 7
116 3
151 3
68 6
186 9
118 8
85 6
45 1
104 6
5 0
196 5
190 5
189 5
186 5
181 5
180 5
169 5
162 5
154 5
151 5
147 5
130 5
126 5
121 5
118 5
116 5
109 5
108 5
106 5
104 5
96 5
87 5
85 5
75 5
70 5
68 5
58 5
45 5
39 5
20 5
17 5
14 5
13 5
7 5
168 10
6 0
7 0
159 3
65 9
179 10
18 6
114 9
132 7
198 10
195 3
48 8
198 2
195 2
179 2
168 2
159 2
146 2
142 2
139 2
132 2
122 2
114 2
99 2
69 2
65 2
61 2
50 2
48 2
43 2
40 2
36 2
29 2
27 2
18 2
15 2
13 2
11 2
10 2
54 9
83 10
47 8
8 0
148 7
173 3
84 10
59 9
31 6
89 10
173 4
170 4
148 4
112 4
89 4
84 4
83 4
71 4
59 4
54 4
49 4
47 4
42 4
34 4
31 4
21 4
19 4
14 4
10 4
185 7
188 7
30 6
22 5
9 0
10 0
11 0
111 9
188 10
185 10
129 10
111 10
90 10
81 10
78 10
62 10
41 10
35 10
33 10
32 10
30 10
25 10
24 10
22 10
17 10
14 10
13 10
128 3
64 8
199 7
95 8
12 0
13 0
14 0
15 0
73 1
115 8
158 3
166 3
26 5
199 9
166 9
158 9
131 9
128 9
115 9
107 9
95 9
73 9
64 9
46 9
44 9
16 0
17 0
18 0
19 0
38 9
28 9
27 9
26 9
20 0
21 0
22 0
24 9
187 1
23 0
24 0
25 0
26 0
27 0
28 0
29 0
30 0
31 0
32 0
33 0
34 0
35 0
36 0
37 0
38 0
39 0
40 0
41 0
42 0
43 0
44 0
45 0
46 0
47 0
48 0
49 0
50 0
51 0
52 0
145 9
149 9
192 7
53 0
54 0
187 7
55 0
56 0
57 0
58 0
59 0
60 0
61 0
62 0
63 0
156 7
149 7
145 7
64 0
65 0
66 0
67 0
68 0
69 0
70 0
71 0
72 0
73 0
74 0
75 0
76 0
77 0
78 0
79 0
80 0
81 0
82 0
83 0
84 0
85 0
86 0
87 0
88 0
89 0
90 0
91 0
92 0
93 0
94 0
95 0
96 0
97 0
98 0
99 0
100 0
101 0
102 0
103 0
104 0
105 0
106 0
107 0
108 0
109 0
110 0
111 0
112 0
113 0
114 0
115 0
116 0
117 0
118 0
119 0
120 0
121 0
122 0
123 0
124 0
125 0
126 0
127 0
128 0
129 0
130 0
131 0
132 0
133 0
134 0
135 0
136 0
137 0
138 0
139 0
140 0
141 0
142 0
143 0
144 0
145 0
146 0
147 0
148 0
149 0
150 0
151 0
152 0
153 0
154 0
155 0
156 0
157 0
158 0
159 0
160 0
161 0
162 0
163 0
164 0
165 0
166 0
167 0
168 0
169 0
170 0
171 0
172 0
173 0
174 0
175 0
176 0
177 0
178 0
179 0
180 0
181 0
182 0
183 0
184 0
185 0
186 0
187 0
188 0
189 0
190 0
191 0
192 0
193 0
194 0
195 0
196 0
197 0
198 0
199 0
200 0
