81 9
1 0
12 3
137 8
4 3
161 7
112 10
188 2
36 3
142 8
22 1
22 4
27 4
42 3
136 10
158 5
86 9
87 9
82 3
175 7
44 4
188 1
175 1
172 1
161 1
159 1
158 1
155 1
144 1
142 1
141 1
137 1
136 1
131 1
112 1
98 1
93 1
88 1
87 1
86 1
82 1
81 1
80 1
71 1
61 1
47 1
44 1
42 1
36 1
27 1
24 1
22 1
4 1
108 6
60 3
190 8
56 1
103 9
13 8
199 5
2 0
191 4
68 3
183 7
78 3
72 1
157 2
111 6
65 8
18 10
18 8
199 10
191 10
183 10
177 10
170 10
157 10
126 10
125 10
111 10
108 10
103 10
99 10
95 10
85 10
78 10
72 10
68 10
60 10
56 10
46 10
41 10
38 10
18 10
14 10
12 10
10 10
6 10
4 10
165 4
23 1
123 9
162 5
28 1
58 2
49 1
106 8
124 9
40 10
114 8
5 6
5 4
3 0
115 8
129 9
34 4
35 4
181 6
180 6
162 6
143 6
129 6
124 6
123 6
116 6
115 6
114 6
106 6
101 6
84 6
65 6
58 6
54 6
49 6
48 6
40 6
4 0
35 6
34 6
5 0
6 0
28 6
25 6
23 6
22 6
13 6
10 6
190 4
184 9
122 2
19 10
7 0
187 9
182 2
96 3
8 0
50 1
17 6
197 7
77 1
153 5
62 10
196 4
146 3
51 6
113 1
197 8
196 8
192 8
190 8
187 8
184 8
182 8
165 8
153 8
149 8
146 8
127 8
122 8
113 8
107 8
104 8
96 8
91 8
77 8
74 8
67 8
66 8
62 8
51 8
50 8
31 8
24 8
21 8
19 8
17 8
12 8
11 8
10 8
179 3
156 4
186 3
57 1
132 1
76 5
154 1
163 4
130 5
174 4
9 0
10 0
11 0
12 0
13 0
14 0
176 4
200 7
193 7
186 7
179 7
176 7
174 7
163 7
156 7
154 7
140 7
132 7
130 7
118 7
117 7
105 7
76 7
15 0
59 7
57 7
52 7
29 7
27 7
22 7
18 7
17 7
150 4
102 10
147 10
73 1
30 6
37 6
138 1
110 6
139 1
185 5
119 6
16 0
17 0
18 0
19 0
43 7
45 7
185 3
178 3
171 3
152 3
150 3
147 3
139 3
138 3
120 3
119 3
110 3
109 3
102 3
83 3
73 3
70 3
45 3
43 3
38 3
37 3
36 3
30 3
23 3
22 3
21 3
198 4
64 1
151 1
90 10
26 6
63 7
79 7
20 0
21 0
22 0
23 0
24 0
100 10
55 8
75 8
198 2
194 2
168 2
160 2
151 2
100 2
94 2
90 2
79 2
75 2
64 2
63 2
55 2
42 2
41 2
39 2
31 2
30 2
27 2
26 2
25 0
26 0
27 0
28 0
29 0
30 0
31 0
69 7
148 7
134 8
173 9
195 9
33 9
145 8
32 0
33 0
34 0
35 0
36 0
37 0
38 0
39 0
40 0
41 0
42 0
43 0
44 0
45 0
46 0
47 0
48 0
49 0
121 3
92 1
164 7
195 4
173 4
169 4
166 4
164 4
148 4
145 4
134 4
50 0
51 0
128 4
121 4
92 4
70 4
69 4
52 0
53 0
54 0
55 0
56 0
57 0
58 0
59 0
60 0
61 0
62 0
63 0
64 0
65 0
66 0
67 0
68 0
69 0
70 0
71 0
72 0
73 0
74 0
75 0
76 0
77 0
78 0
79 0
80 0
81 0
82 0
83 0
84 0
85 0
86 0
87 0
88 0
97 10
167 9
89 0
90 0
91 0
92 0
93 0
94 0
167 5
135 5
121 5
105 5
102 5
101 5
100 5
98 5
97 5
95 0
96 0
97 0
98 0
99 0
100 0
101 0
102 0
103 0
104 0
105 0
106 0
107 0
108 0
109 0
110 0
111 0
112 0
113 0
114 0
115 0
116 0
117 0
118 0
119 0
120 0
121 0
122 0
123 0
124 0
125 0
126 0
127 0
128 0
129 0
130 0
131 0
132 0
189 10
133 0
134 0
135 0
136 0
137 0
138 0
139 0
140 0
141 0
142 0
143 0
144 0
145 0
146 0
147 0
148 0
149 0
150 0
151 0
152 0
153 0
154 0
155 0
156 0
189 9
157 0
158 0
159 0
160 0
161 0
162 0
163 0
164 0
165 0
166 0
167 0
168 0
169 0
170 0
171 0
172 0
173 0
174 0
175 0
176 0
177 0
178 0
179 0
180 0
181 0
182 0
183 0
184 0
185 0
186 0
187 0
188 0
189 0
190 0
191 0
192 0
193 0
194 0
195 0
196 0
197 0
198 0
199 0
200 0
