75 6
38 10
169 7
156 4
172 7
113 6
90 10
73 1
144 2
21 9
19 6
29 9
114 10
159 4
138 5
178 7
1 0
24 6
18 4
81 1
181 3
178 3
172 3
169 3
161 3
144 3
139 3
138 3
125 3
117 3
114 3
90 3
88 3
81 3
78 3
73 3
38 3
35 3
33 3
29 3
24 3
21 3
19 3
18 3
3 3
106 5
41 9
84 10
197 8
100 10
94 9
108 5
188 7
59 3
27 8
66 3
2 0
85 3
170 4
162 2
17 5
137 6
165 2
76 8
188 1
171 1
170 1
165 1
162 1
159 1
156 1
146 1
137 1
127 1
123 1
113 1
100 1
94 1
85 1
84 1
76 1
75 1
71 1
66 1
59 1
3 0
48 1
43 1
41 1
27 1
18 1
17 1
8 1
5 1
150 7
4 0
5 0
119 5
126 5
51 3
53 3
122 9
60 3
31 1
32 1
199 8
179 2
72 3
95 3
158 7
79 1
42 9
50 9
199 4
197 4
186 4
184 4
179 4
177 4
163 4
158 4
150 4
134 4
132 4
126 4
119 4
108 4
106 4
95 4
83 4
79 4
72 4
70 4
60 4
55 4
53 4
51 4
50 4
42 4
32 4
31 4
19 4
8 4
157 10
147 9
58 3
131 2
57 1
96 3
97 3
112 5
6 0
9 4
148 9
22 4
120 5
175 10
30 4
200 7
191 7
175 7
157 7
148 7
147 7
143 7
136 7
131 7
122 7
121 7
120 7
118 7
112 7
98 7
97 7
96 7
92 7
80 7
58 7
57 7
39 7
34 7
30 7
22 7
21 7
17 7
14 7
12 7
9 7
8 7
149 6
44 3
155 6
7 0
8 0
9 0
151 5
82 3
168 6
194 10
28 4
62 4
52 1
15 7
160 5
194 8
193 8
182 8
176 8
168 8
164 8
160 8
155 8
151 8
149 8
111 8
105 8
91 8
82 8
68 8
62 8
52 8
45 8
44 8
28 8
24 8
23 8
19 8
18 8
15 8
12 8
107 10
87 6
180 2
89 6
129 10
99 6
10 0
124 6
11 0
12 0
37 4
56 4
67 4
40 3
103 4
64 3
192 5
180 5
129 5
128 5
124 5
109 5
107 5
103 5
102 5
99 5
89 5
87 5
74 5
67 5
64 5
61 5
56 5
54 5
40 5
37 5
31 5
29 5
27 5
15 5
14 5
167 2
187 2
140 6
16 5
183 6
49 1
13 0
25 8
190 10
187 10
183 10
167 10
153 10
140 10
116 10
101 10
69 10
49 10
41 10
36 10
33 10
32 10
25 10
18 10
17 10
16 10
14 0
15 0
16 0
17 0
18 0
19 0
63 1
142 2
195 9
115 1
65 4
20 0
21 0
22 0
23 0
24 0
25 0
110 4
86 3
104 3
47 10
195 6
166 6
142 6
135 6
133 6
115 6
110 6
104 6
86 6
65 6
63 6
47 6
46 6
43 6
42 6
35 6
32 6
30 6
28 6
27 6
174 4
77 1
93 1
189 9
26 0
27 0
28 0
29 0
30 0
31 0
32 0
33 0
34 0
35 0
36 0
37 0
38 0
39 0
40 0
41 0
42 0
43 0
44 0
45 0
46 0
47 0
152 1
130 3
189 2
185 2
174 2
173 2
152 2
130 2
93 2
77 2
48 0
49 0
50 0
51 0
52 0
53 0
54 0
55 0
56 0
57 0
58 0
59 0
60 0
61 0
62 0
63 0
64 0
65 0
66 0
67 0
68 0
69 0
70 0
71 0
72 0
73 0
74 0
75 0
76 0
77 0
78 0
79 0
80 0
81 0
82 0
83 0
84 0
85 0
86 0
87 0
88 0
89 0
90 0
91 0
92 0
93 0
94 0
95 0
96 0
97 0
98 0
99 0
100 0
101 0
102 0
103 0
104 0
105 0
106 0
107 0
108 0
109 0
110 0
111 0
112 0
113 0
114 0
115 0
116 0
117 0
118 0
119 0
120 0
121 0
122 0
123 0
124 0
125 0
126 0
127 0
128 0
129 0
130 0
131 0
132 0
133 0
134 0
135 0
136 0
137 0
138 0
139 0
140 0
198 5
141 0
142 0
143 0
144 0
145 0
146 0
147 0
148 0
149 0
150 0
151 0
152 0
153 0
154 0
155 0
156 0
157 0
158 0
159 0
160 0
161 0
162 0
163 0
164 0
165 0
166 0
167 0
168 0
169 0
170 0
171 0
172 0
173 0
174 0
175 0
176 0
177 0
178 0
179 0
196 6
198 9
180 0
181 0
182 0
183 0
184 0
185 0
186 0
187 0
188 0
189 0
190 0
191 0
192 0
193 0
194 0
197 9
196 9
195 0
196 0
197 0
198 0
199 0
200 0
