55 5
78 9
126 10
103 8
33 2
125 8
106 3
146 7
104 9
92 5
199 6
1 0
79 2
94 5
110 3
109 9
19 1
52 1
46 10
87 2
199 4
172 4
147 4
146 4
142 4
125 4
110 4
109 4
106 4
104 4
103 4
101 4
94 4
93 4
92 4
88 4
87 4
79 4
78 4
64 4
56 4
55 4
52 4
46 4
33 4
32 4
31 4
28 4
19 4
16 4
113 3
160 10
170 8
119 3
138 3
36 4
177 8
2 0
180 9
127 1
102 5
80 4
117 5
63 6
63 7
168 10
42 2
133 1
180 6
178 6
177 6
170 6
168 6
167 6
160 6
138 6
133 6
127 6
126 6
121 6
119 6
117 6
113 6
102 6
96 6
91 6
80 6
77 6
76 6
63 6
53 6
43 6
42 6
36 6
16 6
13 6
11 6
10 6
183 7
61 5
123 5
150 5
69 8
105 8
3 0
163 3
86 4
154 5
54 10
50 6
73 10
132 8
95 4
65 6
145 8
200 2
200 1
192 1
184 1
183 1
164 1
163 1
156 1
155 1
154 1
150 1
149 1
145 1
132 1
130 1
123 1
105 1
95 1
86 1
85 1
73 1
69 1
65 1
61 1
59 1
54 1
50 1
25 1
24 1
19 1
17 1
14 1
12 1
10 1
134 5
169 9
137 5
179 9
191 2
153 5
181 9
182 9
122 4
9 9
185 5
131 4
4 0
175 4
128 3
74 6
191 7
190 7
187 7
186 7
185 7
175 7
161 7
153 7
137 7
134 7
131 7
128 7
122 7
115 7
114 7
108 7
74 7
58 7
57 7
37 7
28 7
26 7
11 7
10 7
9 7
166 10
120 3
136 3
173 10
84 4
143 3
70 6
67 1
5 0
81 6
34 7
198 2
197 9
158 3
198 5
197 5
194 5
182 5
181 5
179 5
176 5
173 5
169 5
166 5
158 5
143 5
141 5
140 5
136 5
124 5
6 0
120 5
118 5
107 5
100 5
89 5
84 5
82 5
81 5
72 5
70 5
67 5
49 5
34 5
31 5
23 5
21 5
20 5
15 5
13 5
12 5
9 5
38 4
39 4
97 8
193 2
27 6
116 8
99 3
22 1
45 4
7 0
112 3
83 4
35 6
193 9
174 9
8 0
9 0
10 0
11 0
12 0
13 0
135 9
116 9
112 9
99 9
97 9
90 9
83 9
68 9
62 9
45 9
39 9
38 9
35 9
32 9
27 9
26 9
22 9
14 0
15 0
16 0
17 0
18 0
19 0
20 0
21 0
22 0
23 0
24 0
25 0
26 0
27 0
28 0
165 2
60 1
75 3
41 7
159 3
29 0
111 1
40 6
195 8
171 8
165 8
159 8
148 8
111 8
98 8
75 8
71 8
66 8
60 8
50 8
41 8
40 8
37 8
36 8
33 8
32 8
31 8
139 7
151 7
30 0
31 0
32 0
33 0
34 0
35 0
36 0
37 0
38 0
39 0
40 0
41 0
42 0
43 0
44 0
45 0
46 0
129 9
48 2
144 9
157 7
51 8
157 3
151 3
144 3
139 3
129 3
62 3
57 3
54 3
53 3
52 3
51 3
50 3
49 3
48 3
189 9
152 5
47 0
48 0
49 0
50 0
51 0
52 0
53 0
54 0
55 0
56 0
57 0
58 0
59 0
60 0
61 0
62 0
63 0
64 0
65 0
66 0
196 9
188 5
162 3
196 2
189 2
188 2
162 2
152 2
67 0
68 0
69 0
70 0
71 0
72 0
73 0
74 0
75 0
76 0
77 0
78 0
79 0
80 0
81 0
82 0
83 0
84 0
85 0
86 0
87 0
88 0
89 0
90 0
91 0
92 0
93 0
94 0
95 0
96 0
97 0
98 0
99 0
100 0
101 0
102 0
103 0
104 0
105 0
106 0
107 0
108 0
109 0
110 0
111 0
112 0
113 0
114 0
115 0
116 0
117 0
118 0
119 0
120 0
121 0
122 0
123 0
124 0
125 0
126 0
127 0
128 0
129 0
130 0
131 0
132 0
133 0
134 0
135 0
136 0
137 0
138 0
139 0
140 0
141 0
142 0
143 0
144 0
145 0
146 0
147 0
148 0
149 0
150 0
151 0
152 0
153 0
154 0
155 0
156 0
157 0
158 0
159 0
160 0
161 0
162 0
163 0
164 0
165 0
166 0
167 0
168 0
169 0
170 0
171 0
172 0
173 0
174 0
175 0
176 0
177 0
178 0
179 0
180 0
181 0
182 0
183 0
184 0
185 0
186 0
187 0
188 0
189 0
190 0
191 0
192 0
193 0
194 0
195 0
196 0
197 0
198 0
199 0
200 0
