175 5
105 6
60 4
158 7
43 10
179 1
23 3
111 6
36 3
49 10
91 4
1 0
146 2
48 3
164 7
107 4
75 10
172 7
17 1
71 3
189 9
175 9
172 9
164 9
158 9
146 9
140 9
125 9
123 9
111 9
107 9
105 9
103 9
91 9
75 9
71 9
63 9
60 9
49 9
48 9
43 9
41 9
36 9
27 9
26 9
23 9
17 9
16 9
7 9
179 8
178 10
150 3
2 0
195 7
200 7
80 5
29 9
182 8
120 4
92 6
196 8
93 6
89 5
46 9
99 6
9 10
117 6
37 10
169 3
14 10
200 1
196 1
195 1
191 1
182 1
179 1
169 1
165 1
150 1
136 1
129 1
120 1
117 1
114 1
99 1
93 1
92 1
89 1
81 1
80 1
79 1
73 1
54 1
46 1
34 1
29 1
28 1
18 1
14 1
7 1
6 1
177 2
139 7
12 1
19 9
61 10
109 6
62 10
122 6
3 0
94 10
70 9
137 3
115 10
59 1
131 6
13 6
135 10
187 5
177 5
167 5
159 5
141 5
139 5
137 5
135 5
128 5
124 5
115 5
100 5
95 5
94 5
72 5
70 5
66 5
62 5
61 5
59 5
55 5
52 5
37 5
19 5
16 5
13 5
12 5
9 5
6 5
106 9
4 0
20 1
184 10
155 4
39 1
87 1
22 5
157 4
68 5
38 4
15 7
15 4
166 3
86 5
40 4
192 7
184 7
178 7
166 7
161 7
160 7
149 7
131 7
130 7
122 7
109 7
106 7
101 7
87 7
86 7
78 7
68 7
47 7
40 7
39 7
22 7
20 7
17 7
15 7
7 7
6 7
190 10
188 6
45 4
148 8
77 4
5 0
6 0
7 0
11 5
199 10
30 9
183 8
84 4
147 3
199 2
190 2
188 2
183 2
180 2
176 2
156 2
148 2
147 2
138 2
116 2
84 2
77 2
53 2
45 2
38 2
30 2
25 2
23 2
15 2
14 2
11 2
10 2
9 2
51 9
121 3
8 0
9 0
10 0
11 0
12 0
13 0
14 0
15 0
16 0
17 0
18 0
19 0
20 0
97 6
113 6
82 9
170 4
133 3
181 4
181 8
170 8
157 8
155 8
153 8
145 8
133 8
121 8
119 8
118 8
113 8
97 8
82 8
57 8
51 8
37 8
28 8
26 8
23 8
22 8
185 6
186 6
35 1
162 5
90 7
151 7
112 1
102 9
74 2
126 1
21 0
22 0
23 0
173 5
197 4
193 4
186 4
185 4
173 4
162 4
151 4
142 4
126 4
112 4
110 4
108 4
102 4
90 4
74 4
56 4
52 4
39 4
35 4
32 4
29 4
27 4
26 4
25 4
171 10
96 3
143 3
144 3
198 10
24 0
25 0
26 0
27 0
28 0
29 0
30 0
132 5
33 4
163 3
88 7
198 6
171 6
163 6
144 6
143 6
134 6
132 6
96 6
88 6
67 6
55 6
50 6
40 6
38 6
37 6
36 6
34 6
33 6
32 6
76 5
154 5
85 8
69 7
58 1
31 0
32 0
33 0
34 0
35 0
36 0
37 0
38 0
39 0
40 0
41 0
174 10
174 3
168 3
154 3
98 3
85 3
76 3
69 3
59 3
58 3
52 3
51 3
50 3
47 3
46 3
45 3
44 3
43 3
64 5
83 7
65 5
152 7
42 0
43 0
44 0
45 0
46 0
47 0
48 0
49 0
50 0
51 0
52 0
53 0
54 0
55 0
56 0
57 0
58 0
59 0
60 0
194 7
104 8
127 8
194 10
152 10
127 10
104 10
83 10
82 10
77 10
74 10
73 10
69 10
68 10
67 10
65 10
64 10
61 0
62 0
63 0
64 0
65 0
66 0
67 0
68 0
69 0
70 0
71 0
72 0
73 0
74 0
75 0
76 0
77 0
78 0
79 0
80 0
81 0
82 0
83 0
84 0
85 0
86 0
87 0
88 0
89 0
90 0
91 0
92 0
93 0
94 0
95 0
96 0
97 0
98 0
99 0
100 0
101 0
102 0
103 0
104 0
105 0
106 0
107 0
108 0
109 0
110 0
111 0
112 0
113 0
114 0
115 0
116 0
117 0
118 0
119 0
120 0
121 0
122 0
123 0
124 0
125 0
126 0
127 0
128 0
129 0
130 0
131 0
132 0
133 0
134 0
135 0
136 0
137 0
138 0
139 0
140 0
141 0
142 0
143 0
144 0
145 0
146 0
147 0
148 0
149 0
150 0
151 0
152 0
153 0
154 0
155 0
156 0
157 0
158 0
159 0
160 0
161 0
162 0
163 0
164 0
165 0
166 0
167 0
168 0
169 0
170 0
171 0
172 0
173 0
174 0
175 0
176 0
177 0
178 0
179 0
180 0
181 0
182 0
183 0
184 0
185 0
186 0
187 0
188 0
189 0
190 0
191 0
192 0
193 0
194 0
195 0
196 0
197 0
198 0
199 0
200 0
