181 2
136 5
55 9
195 3
169 7
76 1
83 1
82 8
35 6
139 5
49 10
180 7
12 10
1 0
29 10
146 5
95 1
150 5
41 6
86 8
195 4
184 4
181 4
180 4
169 4
162 4
159 4
154 4
150 4
146 4
139 4
136 4
128 4
108 4
95 4
86 4
83 4
82 4
76 4
72 4
71 4
61 4
56 4
55 4
50 4
41 4
35 4
34 4
29 4
27 4
15 4
14 4
12 4
9 4
149 5
116 2
10 4
147 1
21 4
152 5
145 2
67 10
81 3
164 5
44 6
2 0
114 3
38 4
167 5
197 9
174 5
187 7
197 8
191 8
187 8
183 8
174 8
167 8
164 8
152 8
149 8
147 8
145 8
133 8
130 8
116 8
115 8
114 8
81 8
77 8
74 8
68 8
67 8
53 8
49 8
45 8
44 8
40 8
38 8
37 8
21 8
10 8
9 8
188 1
47 4
5 10
142 3
113 5
18 8
148 3
78 4
57 8
3 0
39 10
17 7
137 6
179 3
141 6
199 2
189 2
188 2
179 2
151 2
148 2
142 2
141 2
137 2
127 2
117 2
113 2
112 2
105 2
84 2
78 2
57 2
47 2
39 2
31 2
18 2
17 2
12 2
9 2
7 2
5 2
124 1
65 9
110 7
158 3
100 9
73 4
165 3
4 0
5 0
43 8
89 4
24 2
132 1
177 3
126 7
87 8
123 9
134 1
23 9
198 6
178 6
177 6
165 6
158 6
157 6
134 6
132 6
126 6
124 6
121 6
110 6
102 6
89 6
87 6
73 6
43 6
30 6
24 6
23 6
14 6
10 6
7 6
123 10
100 8
65 4
19 2
16 6
99 4
25 2
6 0
120 8
64 2
98 2
92 6
11 1
103 4
46 1
186 9
185 9
160 9
123 9
120 9
103 9
100 9
99 9
98 9
93 9
92 9
91 9
65 9
64 9
58 9
46 9
25 9
21 9
19 9
16 9
7 0
15 9
11 9
10 9
9 9
190 7
32 4
8 0
9 0
10 0
11 0
12 0
144 10
166 1
138 8
194 7
51 4
122 4
52 2
173 1
194 5
190 5
173 5
170 5
166 5
161 5
13 0
14 0
15 0
16 0
153 5
144 5
138 5
122 5
111 5
101 5
96 5
88 5
79 5
59 5
52 5
17 0
18 0
19 0
51 5
42 5
20 0
21 0
37 5
32 5
31 5
27 5
25 5
23 5
171 7
36 4
54 9
119 10
193 7
75 9
26 6
22 0
23 0
135 10
163 3
155 10
193 1
171 1
163 1
156 1
155 1
143 1
140 1
135 1
119 1
104 1
94 1
75 1
70 1
54 1
46 1
39 1
38 1
36 1
29 1
26 1
24 0
25 0
26 0
27 0
125 10
60 9
63 9
62 2
28 0
29 0
30 0
31 0
32 0
33 0
34 0
35 0
36 0
37 0
38 0
39 0
40 0
41 0
42 0
43 0
44 0
45 0
46 0
131 10
90 6
182 3
131 3
129 3
125 3
97 3
90 3
85 3
73 3
63 3
62 3
47 0
60 3
58 3
57 3
54 3
51 3
50 3
49 3
107 6
48 0
49 0
50 0
51 0
52 0
53 0
54 0
55 0
56 0
57 0
58 0
59 0
60 0
61 0
62 0
63 0
64 0
65 0
66 0
67 0
68 0
168 7
109 7
107 7
91 7
87 7
79 7
78 7
74 7
73 7
71 7
70 7
176 9
80 8
175 6
192 9
69 0
70 0
71 0
72 0
73 0
74 0
75 0
76 0
200 9
106 1
172 1
118 5
196 6
200 10
196 10
192 10
176 10
175 10
172 10
118 10
106 10
94 10
92 10
89 10
88 10
85 10
84 10
82 10
80 10
77 0
78 0
79 0
80 0
81 0
82 0
83 0
84 0
85 0
86 0
87 0
88 0
89 0
90 0
91 0
92 0
93 0
94 0
95 0
96 0
97 0
98 0
99 0
100 0
101 0
102 0
103 0
104 0
105 0
106 0
107 0
108 0
109 0
110 0
111 0
112 0
113 0
114 0
115 0
116 0
117 0
118 0
119 0
120 0
121 0
122 0
123 0
124 0
125 0
126 0
127 0
128 0
129 0
130 0
131 0
132 0
133 0
134 0
135 0
136 0
137 0
138 0
139 0
140 0
141 0
142 0
143 0
144 0
145 0
146 0
147 0
148 0
149 0
150 0
151 0
152 0
153 0
154 0
155 0
156 0
157 0
158 0
159 0
160 0
161 0
162 0
163 0
164 0
165 0
166 0
167 0
168 0
169 0
170 0
171 0
172 0
173 0
174 0
175 0
176 0
177 0
178 0
179 0
180 0
181 0
182 0
183 0
184 0
185 0
186 0
187 0
188 0
189 0
190 0
191 0
192 0
193 0
194 0
195 0
196 0
197 0
198 0
199 0
200 0
