100 9
112 8
167 10
51 2
57 2
80 2
166 1
1 0
134 7
75 6
3 6
73 6
62 5
62 4
146 7
186 10
153 7
77 6
46 8
182 1
137 9
188 5
186 5
182 5
167 5
166 5
153 5
146 5
142 5
140 5
137 5
134 5
121 5
105 5
100 5
86 5
80 5
77 5
73 5
62 5
57 5
51 5
46 5
39 5
35 5
29 5
18 5
11 5
8 5
7 5
3 5
112 1
103 6
155 3
192 7
191 9
138 2
158 3
83 5
124 10
174 3
131 10
101 5
190 3
64 7
45 6
2 0
20 6
125 4
88 7
120 1
136 10
191 8
190 8
174 8
161 8
158 8
155 8
138 8
136 8
131 8
130 8
129 8
127 8
125 8
124 8
120 8
116 8
115 8
112 8
110 8
108 8
107 8
101 8
88 8
85 8
83 8
3 0
72 8
64 8
47 8
43 8
40 8
23 8
20 8
10 8
7 8
95 6
70 5
6 3
126 4
176 1
56 8
171 4
69 8
98 6
150 6
179 1
4 0
189 2
198 10
192 10
189 10
184 10
179 10
177 10
176 10
171 10
162 10
150 10
135 10
126 10
114 10
109 10
98 10
95 10
94 10
70 10
69 10
59 10
56 10
45 10
44 10
41 10
15 10
13 10
8 10
7 10
6 10
175 4
81 9
183 7
28 5
122 6
106 9
156 6
14 8
27 8
5 0
6 0
7 0
8 0
196 2
9 0
193 2
183 2
181 2
175 2
164 2
156 2
122 2
118 2
106 2
103 2
87 2
84 2
81 2
76 2
75 2
60 2
42 2
31 2
28 2
27 2
14 2
10 0
11 0
12 0
13 0
14 0
15 0
197 1
54 10
17 6
17 7
160 9
148 10
16 0
17 0
18 0
19 0
20 0
119 4
151 10
26 8
92 5
187 9
65 2
32 8
180 10
78 2
144 7
52 8
139 4
82 2
58 8
200 6
197 6
187 6
180 6
160 6
151 6
148 6
145 6
144 6
139 6
128 6
119 6
104 6
92 6
89 6
82 6
79 6
78 6
65 6
58 6
54 6
52 6
41 6
34 6
32 6
29 6
27 6
26 6
23 6
22 6
159 1
55 9
195 4
117 9
61 10
165 1
163 7
147 9
91 10
36 5
99 10
21 0
22 0
23 0
195 3
170 3
165 3
163 3
159 3
157 3
149 3
147 3
117 3
102 3
99 3
91 3
67 3
66 3
61 3
55 3
48 3
44 3
40 3
36 3
35 3
30 3
28 3
26 3
194 9
37 2
38 2
24 0
93 4
111 4
123 4
97 10
33 6
194 7
143 7
132 7
123 7
111 7
97 7
96 7
25 0
26 0
93 7
63 7
53 7
45 7
43 7
39 7
38 7
37 7
33 7
27 0
28 0
29 0
30 0
31 0
32 0
33 0
34 0
35 0
36 0
37 0
38 0
39 0
40 0
41 0
42 0
43 0
44 0
45 0
46 0
47 0
48 0
133 4
173 4
49 0
172 8
178 1
173 1
172 1
169 1
168 1
133 1
113 1
71 1
64 1
60 1
56 1
55 1
53 1
52 1
51 1
74 8
185 4
50 0
51 0
52 0
53 0
54 0
55 0
56 0
57 0
58 0
59 0
60 0
61 0
62 0
63 0
64 0
65 0
66 0
67 0
152 7
154 7
90 6
185 9
154 9
152 9
141 9
93 9
91 9
90 9
78 9
75 9
74 9
73 9
72 9
71 9
69 9
199 1
68 0
69 0
70 0
71 0
72 0
73 0
74 0
75 0
76 0
77 0
78 0
79 0
80 0
81 0
82 0
83 0
84 0
85 0
86 0
87 0
88 0
89 0
90 0
91 0
92 0
93 0
94 0
95 0
96 0
97 0
98 0
99 0
100 0
101 0
102 0
103 0
104 0
105 0
106 0
107 0
108 0
109 0
110 0
111 0
112 0
199 4
113 0
114 0
115 0
116 0
117 0
118 0
119 0
120 0
121 0
122 0
123 0
124 0
125 0
126 0
127 0
128 0
129 0
130 0
131 0
132 0
133 0
134 0
135 0
136 0
137 0
138 0
139 0
140 0
141 0
142 0
143 0
144 0
145 0
146 0
147 0
148 0
149 0
150 0
151 0
152 0
153 0
154 0
155 0
156 0
157 0
158 0
159 0
160 0
161 0
162 0
163 0
164 0
165 0
166 0
167 0
168 0
169 0
170 0
171 0
172 0
173 0
174 0
175 0
176 0
177 0
178 0
179 0
180 0
181 0
182 0
183 0
184 0
185 0
186 0
187 0
188 0
189 0
190 0
191 0
192 0
193 0
194 0
195 0
196 0
197 0
198 0
199 0
200 0
