157 2
1 0
140 6
172 2
48 9
129 3
14 8
137 3
175 2
49 9
162 6
154 3
186 2
115 4
18 8
68 1
152 4
83 1
114 1
182 6
186 5
182 5
175 5
172 5
162 5
157 5
154 5
152 5
146 5
140 5
137 5
129 5
118 5
115 5
114 5
98 5
90 5
83 5
71 5
68 5
60 5
57 5
53 5
49 5
48 5
46 5
38 5
18 5
14 5
4 5
158 3
121 9
9 5
59 10
107 8
6 1
93 10
145 4
36 5
161 3
191 6
123 9
2 0
163 3
184 7
134 9
26 1
84 5
19 8
191 2
187 2
184 2
164 2
163 2
161 2
158 2
145 2
134 2
125 2
124 2
123 2
121 2
119 2
117 2
93 2
84 2
80 2
62 2
59 2
54 2
51 2
45 2
37 2
36 2
26 2
19 2
9 2
6 2
5 2
4 2
196 6
47 5
97 4
179 3
144 7
95 10
92 5
99 4
185 3
148 7
136 9
151 7
75 2
64 8
174 7
3 0
73 8
105 4
40 9
196 1
189 1
185 1
179 1
174 1
167 1
151 1
148 1
144 1
138 1
128 1
105 1
103 1
99 1
97 1
95 1
92 1
82 1
75 1
4 0
5 0
6 0
73 1
70 1
64 1
56 1
47 1
40 1
33 1
31 1
28 1
14 1
9 1
107 4
69 2
142 9
200 7
139 4
155 10
168 3
183 3
178 10
65 5
29 1
176 9
86 6
41 1
8 9
122 6
7 0
8 0
109 2
10 10
25 10
193 3
200 8
193 8
183 8
180 8
176 8
168 8
156 8
142 8
139 8
136 8
122 8
111 8
109 8
107 8
102 8
86 8
78 8
76 8
69 8
65 8
55 8
41 8
32 8
29 8
9 0
25 8
10 0
11 0
19 8
18 8
14 8
178 6
155 9
150 4
147 5
12 0
43 1
89 1
195 6
21 8
91 1
141 1
81 2
35 8
130 2
27 9
126 8
199 10
195 10
178 10
173 10
165 10
160 10
150 10
149 10
147 10
141 10
130 10
126 10
110 10
91 10
89 10
81 10
50 10
44 10
43 10
38 10
35 10
30 10
28 10
27 10
26 10
22 10
21 10
14 10
96 5
170 9
42 2
143 4
159 4
13 0
14 0
177 6
170 6
159 6
155 6
143 6
135 6
112 6
104 6
96 6
72 6
46 6
42 6
36 6
34 6
31 6
21 6
18 6
17 6
131 9
77 5
61 2
79 5
127 5
100 2
133 9
15 0
188 7
94 1
194 7
197 4
16 0
17 0
18 0
19 0
194 4
188 4
171 4
169 4
133 4
131 4
127 4
101 4
100 4
94 4
85 4
79 4
77 4
67 4
61 4
48 4
37 4
33 4
25 4
24 4
22 4
21 4
74 5
58 2
106 5
20 0
21 0
22 0
120 7
190 7
166 9
190 3
166 3
120 3
113 3
108 3
106 3
87 3
74 3
58 3
49 3
45 3
40 3
31 3
29 3
26 3
24 3
132 5
63 2
66 2
198 7
88 2
23 0
24 0
25 0
26 0
27 0
28 0
29 0
30 0
31 0
32 0
33 0
34 0
35 0
36 0
37 0
38 0
181 5
192 5
52 4
39 0
40 0
41 0
42 0
43 0
44 0
45 0
46 0
47 0
198 9
192 9
181 9
153 9
132 9
116 9
88 9
72 9
66 9
63 9
56 9
55 9
53 9
52 9
48 0
49 0
50 0
51 0
52 0
53 0
54 0
55 0
56 0
57 0
58 0
59 0
60 0
61 0
62 0
63 0
64 0
65 0
66 0
67 0
68 0
69 0
70 0
71 0
72 0
73 0
74 0
75 0
76 0
77 0
78 0
79 0
80 0
81 0
82 0
83 0
84 0
85 0
86 0
87 0
88 0
89 0
90 0
91 0
92 0
93 0
94 0
95 0
96 0
97 0
98 0
99 0
100 0
101 0
102 0
103 0
104 0
105 0
106 0
107 0
108 0
109 0
110 0
111 0
112 0
113 0
114 0
115 0
116 0
117 0
118 0
119 0
120 0
121 0
122 0
123 0
124 0
125 0
126 0
127 0
128 0
129 0
130 0
131 0
132 0
133 0
134 0
135 0
136 0
137 0
138 0
139 0
140 0
141 0
142 0
143 0
144 0
145 0
146 0
147 0
148 0
149 0
150 0
151 0
152 0
153 0
154 0
155 0
156 0
157 0
158 0
159 0
160 0
161 0
162 0
163 0
164 0
165 0
166 0
167 0
168 0
169 0
170 0
171 0
172 0
173 0
174 0
175 0
176 0
177 0
178 0
179 0
180 0
181 0
182 0
183 0
184 0
185 0
186 0
187 0
188 0
189 0
190 0
191 0
192 0
193 0
194 0
195 0
196 0
197 0
198 0
199 0
200 0
