105 5
1 0
85 7
70 8
139 10
104 7
173 4
176 4
164 10
4 1
108 6
91 8
137 6
69 1
149 6
90 1
158 6
21 9
54 9
162 6
190 2
176 2
173 2
164 2
162 2
158 2
149 2
144 2
139 2
137 2
126 2
115 2
108 2
107 2
105 2
104 2
96 2
93 2
91 2
90 2
85 2
71 2
70 2
69 2
67 2
60 2
54 2
43 2
21 2
10 2
4 2
3 2
163 6
48 1
33 2
175 6
32 4
18 6
49 1
154 8
66 1
196 3
134 5
186 10
102 1
53 2
101 2
199 3
112 1
157 8
2 0
199 7
196 7
192 7
186 7
183 7
177 7
157 7
154 7
148 7
134 7
113 7
112 7
102 7
101 7
94 7
66 7
61 7
53 7
52 7
49 7
48 7
38 7
35 7
33 7
3 0
4 0
32 7
18 7
10 7
179 6
51 2
133 4
24 7
15 8
77 2
147 5
23 8
36 7
8 4
83 2
191 3
5 0
13 4
197 1
7 3
31 8
40 7
72 7
197 9
193 9
179 9
175 9
163 9
150 9
147 9
145 9
125 9
110 9
87 9
83 9
77 9
72 9
51 9
40 9
36 9
31 9
24 9
23 9
21 9
15 9
13 9
10 9
8 9
7 9
159 5
109 2
111 2
6 0
7 0
8 0
198 3
165 5
88 7
75 9
136 4
46 10
141 4
124 2
135 1
151 4
30 3
16 8
165 6
159 6
156 6
151 6
141 6
136 6
135 6
133 6
130 6
124 6
114 6
111 6
109 6
88 6
82 6
81 6
75 6
55 6
46 6
44 6
43 6
30 6
18 6
16 6
10 6
68 2
63 7
9 0
10 0
132 5
11 0
17 6
116 4
189 10
25 6
41 6
153 5
74 2
57 6
76 2
92 2
198 1
191 1
189 1
187 1
181 1
172 1
153 1
132 1
116 1
106 1
92 1
76 1
74 1
73 1
68 1
63 1
62 1
58 1
57 1
56 1
54 1
41 1
32 1
25 1
17 1
16 1
13 1
89 2
121 2
160 3
19 6
47 7
28 6
118 7
180 8
84 6
12 0
13 0
59 1
103 6
169 5
97 1
180 4
171 4
169 4
166 4
161 4
160 4
142 4
129 4
121 4
118 4
103 4
99 4
97 4
89 4
84 4
78 4
64 4
60 4
59 4
47 4
42 4
33 4
28 4
27 4
19 4
18 4
16 4
15 4
167 10
195 10
131 3
184 3
65 7
119 5
86 2
138 5
182 5
178 2
14 0
15 0
16 0
17 0
18 0
19 0
98 7
117 7
195 8
184 8
182 8
178 8
167 8
143 8
138 8
131 8
119 8
117 8
100 8
98 8
95 8
86 8
79 8
67 8
65 8
35 8
30 8
27 8
25 8
22 8
21 8
123 2
50 6
188 10
20 0
21 0
22 0
23 0
24 0
25 0
194 10
29 4
194 5
188 5
174 5
170 5
127 5
123 5
69 5
50 5
45 5
43 5
38 5
32 5
31 5
29 5
28 5
27 5
200 3
140 2
122 7
80 6
128 7
26 0
27 0
28 0
29 0
30 0
31 0
32 0
33 0
200 10
185 10
140 10
128 10
122 10
80 10
70 10
48 10
44 10
42 10
41 10
38 10
37 10
36 10
35 10
146 2
155 2
168 2
39 10
120 8
152 8
34 0
168 3
155 3
152 3
146 3
120 3
71 3
65 3
54 3
49 3
47 3
46 3
43 3
40 3
39 3
35 0
36 0
37 0
38 0
39 0
40 0
41 0
42 0
43 0
44 0
45 0
46 0
47 0
48 0
49 0
50 0
51 0
52 0
53 0
54 0
55 0
56 0
57 0
58 0
59 0
60 0
61 0
62 0
63 0
64 0
65 0
66 0
67 0
68 0
69 0
70 0
71 0
72 0
73 0
74 0
75 0
76 0
77 0
78 0
79 0
80 0
81 0
82 0
83 0
84 0
85 0
86 0
87 0
88 0
89 0
90 0
91 0
92 0
93 0
94 0
95 0
96 0
97 0
98 0
99 0
100 0
101 0
102 0
103 0
104 0
105 0
106 0
107 0
108 0
109 0
110 0
111 0
112 0
113 0
114 0
115 0
116 0
117 0
118 0
119 0
120 0
121 0
122 0
123 0
124 0
125 0
126 0
127 0
128 0
129 0
130 0
131 0
132 0
133 0
134 0
135 0
136 0
137 0
138 0
139 0
140 0
141 0
142 0
143 0
144 0
145 0
146 0
147 0
148 0
149 0
150 0
151 0
152 0
153 0
154 0
155 0
156 0
157 0
158 0
159 0
160 0
161 0
162 0
163 0
164 0
165 0
166 0
167 0
168 0
169 0
170 0
171 0
172 0
173 0
174 0
175 0
176 0
177 0
178 0
179 0
180 0
181 0
182 0
183 0
184 0
185 0
186 0
187 0
188 0
189 0
190 0
191 0
192 0
193 0
194 0
195 0
196 0
197 0
198 0
199 0
200 0
