86 6
125 6
116 7
15 10
15 5
110 9
72 4
184 3
95 4
32 5
35 5
166 8
43 5
165 2
178 8
141 6
195 1
81 5
40 8
1 0
177 2
195 10
191 10
184 10
179 10
177 10
165 10
141 10
126 10
125 10
116 10
110 10
104 10
99 10
96 10
95 10
86 10
82 10
81 10
72 10
57 10
48 10
43 10
40 10
38 10
35 10
33 10
32 10
16 10
15 10
3 10
189 8
163 1
194 3
65 2
154 4
37 10
20 7
186 5
119 2
107 10
78 7
155 4
22 5
103 7
112 10
31 5
135 2
2 0
160 4
194 9
192 9
189 9
178 9
166 9
164 9
163 9
160 9
157 9
155 9
154 9
138 9
137 9
135 9
119 9
112 9
111 9
107 9
103 9
78 9
65 9
62 9
47 9
46 9
37 9
3 0
31 9
29 9
22 9
21 9
20 9
15 9
186 3
169 2
80 4
74 10
60 9
75 10
4 0
144 6
123 4
176 7
167 6
18 7
94 10
28 7
71 9
101 10
127 4
102 10
152 4
54 7
161 4
186 5
181 5
172 5
170 5
169 5
167 5
161 5
152 5
151 5
144 5
139 5
133 5
132 5
127 5
123 5
113 5
102 5
101 5
94 5
93 5
80 5
75 5
74 5
71 5
60 5
54 5
51 5
44 5
41 5
28 5
26 5
18 5
16 5
15 5
10 5
73 1
17 5
97 1
24 9
142 1
87 10
90 10
128 10
11 8
11 6
5 0
124 9
12 6
158 3
69 5
150 1
85 5
199 8
193 8
176 8
173 8
158 8
150 8
146 8
145 8
143 8
142 8
128 8
124 8
98 8
97 8
90 8
87 8
85 8
79 8
73 8
69 8
63 8
32 8
24 8
20 8
19 8
17 8
12 8
11 8
10 8
174 1
115 7
122 7
168 2
106 10
61 9
196 4
58 5
6 0
187 6
121 10
200 4
200 3
196 3
187 3
182 3
175 3
174 3
168 3
162 3
156 3
153 3
122 3
121 3
115 3
106 3
88 3
68 3
67 3
61 3
58 3
52 3
49 3
33 3
30 3
27 3
21 3
15 3
10 3
8 3
131 6
134 6
64 1
55 10
114 2
171 6
83 1
188 6
77 10
180 2
34 9
7 0
8 0
9 0
10 0
11 0
12 0
92 4
14 2
188 7
171 7
134 7
131 7
92 7
91 7
84 7
83 7
77 7
76 7
64 7
56 7
55 7
39 7
36 7
35 7
34 7
23 7
22 7
17 7
16 7
15 7
14 7
180 4
114 6
89 1
108 1
25 3
117 6
118 6
70 10
147 6
120 1
129 1
13 0
14 0
15 0
16 0
17 0
18 0
19 0
20 0
180 2
149 2
147 2
129 2
120 2
118 2
117 2
114 2
108 2
89 2
70 2
66 2
53 2
45 2
42 2
38 2
29 2
26 2
25 2
21 0
22 0
23 0
24 0
25 0
26 0
27 0
28 0
29 0
30 0
31 0
32 0
33 0
34 0
35 0
36 0
37 0
38 0
39 0
40 0
41 0
42 0
43 0
44 0
45 0
46 0
47 0
48 0
49 0
148 4
109 1
183 4
50 0
51 0
52 0
53 0
54 0
55 0
56 0
57 0
58 0
130 1
159 1
136 10
190 4
190 6
183 6
159 6
148 6
136 6
130 6
109 6
105 6
100 6
72 6
66 6
64 6
63 6
62 6
61 6
60 6
185 10
59 0
60 0
61 0
62 0
63 0
64 0
65 0
66 0
67 0
68 0
69 0
70 0
71 0
72 0
73 0
74 0
75 0
76 0
77 0
78 0
79 0
80 0
197 1
185 1
81 0
82 0
83 0
84 0
85 0
86 0
87 0
88 0
89 0
90 0
91 0
92 0
93 0
94 0
95 0
96 0
97 0
98 0
99 0
100 0
101 0
102 0
103 0
104 0
105 0
106 0
107 0
108 0
109 0
110 0
111 0
112 0
113 0
114 0
115 0
116 0
117 0
118 0
119 0
120 0
121 0
122 0
123 0
124 0
125 0
126 0
127 0
128 0
129 0
130 0
131 0
132 0
133 0
134 0
135 0
136 0
137 0
138 0
139 0
140 0
141 0
142 0
143 0
144 0
145 0
146 0
147 0
148 0
149 0
150 0
151 0
152 0
153 0
154 0
155 0
156 0
157 0
158 0
159 0
160 0
161 0
162 0
163 0
164 0
165 0
166 0
167 0
168 0
169 0
170 0
171 0
172 0
173 0
174 0
175 0
176 0
177 0
178 0
179 0
180 0
181 0
182 0
183 0
184 0
185 0
186 0
187 0
188 0
189 0
190 0
191 0
192 0
193 0
194 0
195 0
196 0
197 0
198 0
199 0
200 0
