142 7
178 5
42 9
1 0
184 5
126 4
12 5
111 1
155 7
131 4
140 4
179 7
59 2
2 0
190 7
28 8
143 4
107 2
88 3
132 1
195 6
190 6
179 6
155 6
143 6
142 6
140 6
132 6
131 6
126 6
124 6
111 6
107 6
88 6
59 6
56 6
55 6
54 6
52 6
47 6
42 6
28 6
24 6
17 6
14 6
12 6
7 6
187 5
25 6
165 2
76 10
71 6
127 7
35 1
35 7
65 7
53 7
22 1
22 4
40 4
89 10
148 3
48 4
3 0
109 8
58 7
23 9
187 1
184 1
178 1
165 1
160 1
150 1
148 1
141 1
128 1
109 1
96 1
89 1
82 1
76 1
71 1
69 1
58 1
53 1
50 1
48 1
40 1
39 1
25 1
23 1
22 1
7 1
167 2
108 4
168 2
41 6
4 0
100 10
84 7
157 8
86 7
151 4
68 6
118 10
91 7
6 4
120 10
77 6
158 8
33 1
193 3
174 3
168 3
167 3
158 3
157 3
144 3
122 3
120 3
118 3
100 3
91 3
86 3
84 3
83 3
77 3
72 3
68 3
65 3
44 3
41 3
38 3
36 3
35 3
33 3
15 3
12 3
9 3
7 3
6 3
188 8
94 2
5 0
6 0
7 0
80 1
92 1
75 6
183 4
34 3
136 7
137 7
61 3
78 6
8 0
164 7
200 10
191 10
188 10
183 10
172 10
164 10
151 10
137 10
136 10
127 10
119 10
108 10
103 10
99 10
95 10
94 10
92 10
80 10
78 10
75 10
74 10
61 10
34 10
9 0
31 10
22 10
19 10
14 10
12 10
11 10
196 4
113 2
159 8
10 0
11 0
12 0
13 0
14 0
15 0
180 8
181 8
70 5
147 2
18 6
149 2
97 5
175 2
112 5
134 5
182 8
196 9
192 9
16 0
182 9
181 9
180 9
175 9
166 9
159 9
152 9
149 9
147 9
145 9
134 9
125 9
113 9
112 9
97 9
85 9
70 9
43 9
33 9
30 9
23 9
21 9
19 9
18 9
17 0
18 0
19 0
186 4
194 4
62 3
115 3
102 7
114 7
20 0
21 0
22 0
23 0
24 0
25 0
129 3
121 7
93 1
29 6
199 8
194 8
186 8
154 8
138 8
130 8
129 8
121 8
115 8
114 8
106 8
102 8
26 0
93 8
66 8
63 8
62 8
60 8
57 8
39 8
35 8
32 8
31 8
30 8
29 8
28 8
198 7
177 4
162 5
173 5
27 0
28 0
29 0
30 0
31 0
32 0
33 0
34 0
35 0
36 0
153 10
73 9
133 9
198 2
177 2
173 2
162 2
153 2
133 2
117 2
116 2
81 2
73 2
61 2
49 2
43 2
42 2
40 2
39 2
38 2
161 7
123 10
37 0
38 0
39 0
40 0
41 0
42 0
43 0
44 0
156 10
171 4
185 4
46 5
46 5
46 4
176 7
176 5
161 5
156 5
123 5
110 5
74 5
70 5
65 5
57 5
49 5
48 5
47 5
46 5
163 9
79 10
105 10
104 3
64 2
135 10
45 0
46 0
47 0
48 0
49 0
50 0
101 2
146 10
139 3
185 7
171 7
169 7
163 7
146 7
139 7
135 7
105 7
104 7
101 7
87 7
85 7
79 7
75 7
68 7
64 7
61 7
60 7
57 7
53 7
52 7
189 9
51 0
52 0
53 0
54 0
55 0
56 0
57 0
58 0
59 0
60 0
61 0
62 0
63 0
64 0
65 0
66 0
90 6
98 8
67 0
68 0
69 0
70 0
71 0
72 0
73 0
74 0
75 0
76 0
77 0
78 0
79 0
80 0
81 0
82 0
83 0
84 0
85 0
86 0
87 0
170 2
197 9
197 4
189 4
170 4
116 4
110 4
101 4
98 4
97 4
93 4
92 4
91 4
90 4
88 0
89 0
90 0
91 0
92 0
93 0
94 0
95 0
96 0
97 0
98 0
99 0
100 0
101 0
102 0
103 0
104 0
105 0
106 0
107 0
108 0
109 0
110 0
111 0
112 0
113 0
114 0
115 0
116 0
117 0
118 0
119 0
120 0
121 0
122 0
123 0
124 0
125 0
126 0
127 0
128 0
129 0
130 0
131 0
132 0
133 0
134 0
135 0
136 0
137 0
138 0
139 0
140 0
141 0
142 0
143 0
144 0
145 0
146 0
147 0
148 0
149 0
150 0
151 0
152 0
153 0
154 0
155 0
156 0
157 0
158 0
159 0
160 0
161 0
162 0
163 0
164 0
165 0
166 0
167 0
168 0
169 0
170 0
171 0
172 0
173 0
174 0
175 0
176 0
177 0
178 0
179 0
180 0
181 0
182 0
183 0
184 0
185 0
186 0
187 0
188 0
189 0
190 0
191 0
192 0
193 0
194 0
195 0
196 0
197 0
198 0
199 0
200 0
