155 4
132 5
90 3
26 8
2 7
91 3
67 9
153 10
46 8
92 3
80 9
167 4
37 7
43 7
184 4
86 9
70 8
9 3
59 7
75 8
198 1
184 1
167 1
155 1
153 1
145 1
138 1
132 1
131 1
115 1
107 1
86 1
80 1
75 1
70 1
67 1
59 1
47 1
46 1
43 1
37 1
26 1
23 1
15 1
9 1
8 1
2 1
120 6
27 1
54 8
97 3
78 8
72 1
173 10
149 6
22 7
34 7
81 8
193 5
158 6
25 10
13 2
13 8
166 6
142 4
187 6
193 2
189 2
187 2
180 2
166 2
158 2
149 2
142 2
120 2
112 2
103 2
98 2
97 2
92 2
91 2
90 2
88 2
84 2
73 2
72 2
62 2
34 2
30 2
27 2
25 2
22 2
16 2
13 2
2 2
175 10
40 1
74 1
113 7
35 2
56 2
157 6
199 10
39 8
68 2
160 6
33 3
163 6
99 1
11 5
87 2
199 4
175 4
173 4
163 4
160 4
157 4
154 4
148 4
146 4
128 4
116 4
113 4
109 4
99 4
94 4
87 4
74 4
68 4
56 4
49 4
40 4
39 4
35 4
33 4
29 4
11 4
8 4
2 4
140 7
10 1
168 9
137 8
79 2
136 2
176 9
170 3
150 7
164 7
162 8
125 1
32 4
174 3
200 6
197 6
176 6
174 6
170 6
168 6
164 6
162 6
151 6
150 6
143 6
140 6
137 6
136 6
125 6
106 6
101 6
83 6
81 6
79 6
78 6
60 6
54 6
45 6
1 0
32 6
2 0
21 6
13 6
10 6
9 6
8 6
172 9
119 8
6 3
55 2
4 10
4 3
76 2
53 1
5 3
182 9
48 4
135 5
42 6
182 10
172 10
135 10
127 10
124 10
119 10
117 10
114 10
89 10
76 10
66 10
58 10
55 10
53 10
48 10
42 10
20 10
16 10
15 10
14 10
11 10
8 10
5 10
4 10
169 7
36 4
130 5
65 4
71 4
38 1
161 5
63 1
105 4
118 4
139 4
194 9
169 9
161 9
144 9
139 9
130 9
123 9
118 9
105 9
102 9
71 9
65 9
63 9
61 9
38 9
36 9
29 9
23 9
22 9
9 9
6 9
4 9
121 4
51 1
147 7
188 3
108 1
104 2
133 4
93 6
186 8
64 10
126 1
188 5
186 5
178 5
159 5
147 5
133 5
129 5
126 5
121 5
108 5
104 5
93 5
64 5
57 5
51 5
44 5
33 5
26 5
25 5
17 5
10 5
5 5
4 5
192 8
111 1
19 6
181 3
179 1
195 8
152 4
165 4
41 2
196 8
196 7
195 7
192 7
183 7
181 7
179 7
177 7
165 7
152 7
134 7
122 7
111 7
41 7
37 7
35 7
27 7
19 7
13 7
8 7
6 7
4 7
185 3
95 1
82 4
100 1
171 1
69 2
52 6
85 4
185 8
171 8
156 8
100 8
95 8
85 8
82 8
69 8
52 8
43 8
39 8
30 8
21 8
11 8
9 8
5 8
4 8
191 1
96 4
50 2
24 9
77 2
141 4
110 2
28 9
7 7
190 4
31 9
3 0
4 0
5 0
18 10
12 5
191 3
190 3
141 3
110 3
96 3
77 3
50 3
46 3
40 3
34 3
32 3
31 3
28 3
24 3
22 3
18 3
14 3
12 3
10 3
9 3
7 3
6 0
7 0
8 0
9 0
10 0
11 0
12 0
13 0
14 0
15 0
16 0
17 0
18 0
19 0
20 0
21 0
22 0
23 0
24 0
25 0
26 0
27 0
28 0
29 0
30 0
31 0
32 0
33 0
34 0
35 0
36 0
37 0
38 0
39 0
40 0
41 0
42 0
43 0
44 0
45 0
46 0
47 0
48 0
49 0
50 0
51 0
52 0
53 0
54 0
55 0
56 0
57 0
58 0
59 0
60 0
61 0
62 0
63 0
64 0
65 0
66 0
67 0
68 0
69 0
70 0
71 0
72 0
73 0
74 0
75 0
76 0
77 0
78 0
79 0
80 0
81 0
82 0
83 0
84 0
85 0
86 0
87 0
88 0
89 0
90 0
91 0
92 0
93 0
94 0
95 0
96 0
97 0
98 0
99 0
100 0
101 0
102 0
103 0
104 0
105 0
106 0
107 0
108 0
109 0
110 0
111 0
112 0
113 0
114 0
115 0
116 0
117 0
118 0
119 0
120 0
121 0
122 0
123 0
124 0
125 0
126 0
127 0
128 0
129 0
130 0
131 0
132 0
133 0
134 0
135 0
136 0
137 0
138 0
139 0
140 0
141 0
142 0
143 0
144 0
145 0
146 0
147 0
148 0
149 0
150 0
151 0
152 0
153 0
154 0
155 0
156 0
157 0
158 0
159 0
160 0
161 0
162 0
163 0
164 0
165 0
166 0
167 0
168 0
169 0
170 0
171 0
172 0
173 0
174 0
175 0
176 0
177 0
178 0
179 0
180 0
181 0
182 0
183 0
184 0
185 0
186 0
187 0
188 0
189 0
190 0
191 0
192 0
193 0
194 0
195 0
196 0
197 0
198 0
199 0
200 0
