51 3
175 10
140 2
10 3
15 7
17 7
105 8
81 6
190 4
150 2
109 8
35 7
155 2
131 8
199 9
157 2
113 6
92 7
138 8
62 3
199 1
193 1
190 1
184 1
175 1
173 1
168 1
158 1
157 1
155 1
150 1
140 1
138 1
133 1
131 1
113 1
109 1
105 1
92 1
81 1
79 1
76 1
62 1
46 1
35 1
30 1
20 1
17 1
15 1
11 1
10 1
8 1
132 7
106 6
2 2
78 3
134 7
136 7
196 9
122 6
169 8
182 8
63 4
142 7
119 3
186 8
23 1
99 4
34 1
196 10
194 10
188 10
186 10
182 10
169 10
148 10
142 10
136 10
134 10
132 10
122 10
119 10
114 10
111 10
1 0
2 0
106 10
99 10
78 10
71 10
66 10
65 10
63 10
51 10
48 10
38 10
34 10
28 10
27 10
23 10
8 10
72 3
183 5
29 1
166 7
181 9
22 10
13 7
83 3
95 3
5 5
80 1
68 10
75 10
31 7
163 2
181 8
167 8
163 8
154 8
141 8
135 8
116 8
112 8
110 8
95 8
83 8
80 8
75 8
72 8
70 8
68 8
52 8
31 8
29 8
22 8
21 8
13 8
10 8
8 8
5 8
115 10
61 1
117 10
3 0
192 3
94 1
198 3
16 8
107 1
4 0
91 8
41 6
198 9
192 9
191 9
183 9
179 9
177 9
176 9
171 9
166 9
147 9
117 9
115 9
107 9
94 9
91 9
73 9
69 9
64 9
61 9
56 9
42 9
41 9
32 9
23 9
16 9
5 0
11 9
8 9
37 10
77 10
59 1
33 8
195 2
18 9
164 7
88 10
128 3
24 9
127 10
50 8
200 5
195 5
185 5
164 5
162 5
146 5
128 5
127 5
126 5
104 5
98 5
88 5
86 5
77 5
67 5
59 5
57 5
50 5
49 5
37 5
33 5
27 5
24 5
18 5
15 5
10 5
8 5
144 6
197 2
189 6
151 3
180 3
9 5
129 4
26 1
125 10
87 1
172 4
197 7
189 7
180 7
172 7
159 7
151 7
144 7
130 7
129 7
125 7
123 7
121 7
89 7
6 0
87 7
74 7
54 7
28 7
26 7
25 7
17 7
14 7
13 7
12 7
11 7
9 7
8 7
93 10
19 9
47 8
137 4
178 3
39 1
85 8
84 1
96 10
187 3
187 2
178 2
139 2
137 2
118 2
102 2
96 2
93 2
85 2
84 2
47 2
39 2
36 2
34 2
21 2
20 2
19 2
16 2
10 2
8 2
160 6
149 10
58 1
108 1
161 6
153 10
124 1
103 9
174 4
161 4
160 4
156 4
153 4
149 4
124 4
108 4
103 4
90 4
58 4
53 4
38 4
30 4
23 4
22 4
15 4
9 4
8 4
97 10
43 1
44 1
170 6
55 1
40 9
45 9
101 10
170 3
145 3
143 3
7 0
8 0
9 0
10 0
11 0
12 0
13 0
14 0
15 0
16 0
17 0
18 0
19 0
20 0
21 0
22 0
23 0
24 0
25 0
26 0
27 0
28 0
29 0
30 0
31 0
101 3
100 3
97 3
55 3
54 3
52 3
48 3
45 3
44 3
43 3
40 3
32 0
33 0
34 0
35 0
36 0
37 0
38 0
39 0
40 0
41 0
42 0
43 0
44 0
45 0
46 0
47 0
48 0
49 0
50 0
51 0
52 0
53 0
54 0
55 0
56 0
57 0
58 0
59 0
120 3
60 0
61 0
62 0
63 0
64 0
65 0
66 0
67 0
68 0
69 0
70 0
71 0
72 0
73 0
74 0
75 0
76 0
77 0
78 0
79 0
80 0
81 0
165 3
82 0
83 0
84 0
85 0
86 0
87 0
88 0
89 0
90 0
91 0
92 0
93 0
94 0
95 0
96 0
152 7
165 6
152 6
121 6
120 6
97 0
98 0
99 0
100 0
101 0
102 0
103 0
104 0
105 0
106 0
107 0
108 0
109 0
110 0
111 0
112 0
113 0
114 0
115 0
116 0
117 0
118 0
119 0
120 0
121 0
122 0
123 0
124 0
125 0
126 0
127 0
128 0
129 0
130 0
131 0
132 0
133 0
134 0
135 0
136 0
137 0
138 0
139 0
140 0
141 0
142 0
143 0
144 0
145 0
146 0
147 0
148 0
149 0
150 0
151 0
152 0
153 0
154 0
155 0
156 0
157 0
158 0
159 0
160 0
161 0
162 0
163 0
164 0
165 0
166 0
167 0
168 0
169 0
170 0
171 0
172 0
173 0
174 0
175 0
176 0
177 0
178 0
179 0
180 0
181 0
182 0
183 0
184 0
185 0
186 0
187 0
188 0
189 0
190 0
191 0
192 0
193 0
194 0
195 0
196 0
197 0
198 0
199 0
200 0
