165 3
38 9
151 2
31 7
16 5
164 2
76 10
119 10
74 6
148 10
68 9
198 4
99 6
133 6
54 7
118 9
163 10
42 5
51 5
61 7
198 1
171 1
165 1
164 1
163 1
151 1
148 1
133 1
124 1
119 1
118 1
99 1
98 1
87 1
76 1
74 1
68 1
61 1
56 1
54 1
51 1
48 1
42 1
41 1
38 1
32 1
31 1
25 1
16 1
11 1
5 1
106 6
67 1
103 1
21 7
35 7
146 8
112 10
194 9
105 1
147 8
28 5
150 8
95 7
177 4
131 10
20 3
20 8
81 5
63 8
194 3
179 3
177 3
172 3
153 3
152 3
131 3
112 3
110 3
106 3
105 3
103 3
97 3
95 3
81 3
73 3
70 3
67 3
63 3
62 3
46 3
35 3
29 3
28 3
21 3
20 3
8 3
5 3
117 6
127 6
137 2
132 6
6 3
183 9
83 1
185 9
130 4
109 1
7 3
100 3
159 8
59 7
107 3
185 10
183 10
181 10
170 10
159 10
150 10
147 10
146 10
137 10
136 10
132 10
130 10
127 10
123 10
117 10
109 10
107 10
100 10
92 10
90 10
86 10
83 10
59 10
58 10
47 10
43 10
11 10
7 10
6 10
5 10
2 10
96 1
44 3
168 4
189 2
52 3
77 3
158 7
157 1
200 6
37 10
142 3
120 10
12 7
200 9
195 9
189 9
188 9
180 9
168 9
167 9
161 9
157 9
142 9
135 9
120 9
113 9
96 9
80 9
79 9
77 9
55 9
52 9
44 9
37 9
24 9
17 9
16 9
12 9
8 9
2 9
91 5
162 7
50 1
184 7
4 9
78 1
89 1
169 5
13 10
101 1
75 3
53 10
199 2
193 2
191 2
184 2
173 2
169 2
162 2
158 2
140 2
134 2
102 2
101 2
91 2
89 2
88 2
78 2
75 2
65 2
53 2
50 2
49 2
34 2
30 2
26 2
25 2
20 2
13 2
5 2
4 2
3 2
2 2
39 1
116 8
155 7
144 8
160 7
174 5
27 3
23 9
72 4
174 6
166 6
160 6
155 6
144 6
141 6
126 6
116 6
115 6
72 6
60 6
39 6
31 6
27 6
23 6
21 6
8 6
6 6
2 6
149 1
15 9
104 3
82 9
22 10
121 3
10 2
128 3
145 3
197 5
192 5
182 5
1 0
2 0
149 5
145 5
143 5
138 5
128 5
122 5
121 5
104 5
82 5
64 5
57 5
36 5
33 5
32 5
28 5
22 5
15 5
12 5
10 5
3 0
4 0
5 0
6 0
7 0
8 0
71 1
129 7
196 8
178 7
84 1
196 4
187 4
178 4
129 4
111 4
108 4
84 4
71 4
38 4
29 4
21 4
19 4
18 4
16 4
13 4
11 4
10 4
175 10
176 10
94 1
114 1
156 1
125 3
190 7
154 3
190 8
186 8
176 8
175 8
156 8
154 8
125 8
114 8
94 8
93 8
43 8
41 8
35 8
23 8
20 8
17 8
14 8
12 8
10 8
40 6
85 10
139 10
9 0
10 0
11 0
12 0
13 0
14 0
15 0
16 0
17 0
18 0
19 0
20 0
21 0
22 0
23 0
24 0
25 0
26 0
66 3
69 3
45 1
139 7
85 7
69 7
66 7
47 7
46 7
45 7
42 7
40 7
27 0
28 0
29 0
30 0
31 0
32 0
33 0
34 0
35 0
36 0
37 0
38 0
39 0
40 0
41 0
42 0
43 0
44 0
45 0
46 0
47 0
48 0
49 0
50 0
51 0
52 0
53 0
54 0
55 0
56 0
57 0
58 0
59 0
60 0
61 0
62 0
63 0
64 0
65 0
66 0
67 0
68 0
69 0
70 0
71 0
72 0
73 0
74 0
75 0
76 0
77 0
78 0
79 0
80 0
81 0
82 0
83 0
84 0
85 0
86 0
87 0
88 0
89 0
90 0
91 0
92 0
93 0
94 0
95 0
96 0
97 0
98 0
99 0
100 0
101 0
102 0
103 0
104 0
105 0
106 0
107 0
108 0
109 0
110 0
111 0
112 0
113 0
114 0
115 0
116 0
117 0
118 0
119 0
120 0
121 0
122 0
123 0
124 0
125 0
126 0
127 0
128 0
129 0
130 0
131 0
132 0
133 0
134 0
135 0
136 0
137 0
138 0
139 0
140 0
141 0
142 0
143 0
144 0
145 0
146 0
147 0
148 0
149 0
150 0
151 0
152 0
153 0
154 0
155 0
156 0
157 0
158 0
159 0
160 0
161 0
162 0
163 0
164 0
165 0
166 0
167 0
168 0
169 0
170 0
171 0
172 0
173 0
174 0
175 0
176 0
177 0
178 0
179 0
180 0
181 0
182 0
183 0
184 0
185 0
186 0
187 0
188 0
189 0
190 0
191 0
192 0
193 0
194 0
195 0
196 0
197 0
198 0
199 0
200 0
