123 2
67 5
196 6
119 4
130 10
62 9
86 8
60 1
60 8
74 5
101 5
146 7
57 10
18 4
140 2
35 4
78 9
15 10
97 9
148 7
50 4
200 1
196 1
191 1
149 1
148 1
146 1
140 1
137 1
123 1
116 1
101 1
97 1
78 1
74 1
67 1
62 1
60 1
52 1
50 1
35 1
34 1
25 1
24 1
18 1
15 1
104 8
16 1
113 8
165 4
118 8
150 8
163 8
182 2
69 9
177 5
131 6
170 4
79 9
108 9
29 1
38 1
171 4
197 3
182 3
177 3
176 3
171 3
170 3
167 3
165 3
163 3
150 3
133 3
131 3
119 3
118 3
113 3
108 3
104 3
92 3
86 3
83 3
79 3
71 3
69 3
61 3
57 3
49 3
38 3
29 3
16 3
15 3
14 3
9 3
153 10
94 9
105 9
157 7
132 9
161 6
98 4
169 6
85 1
112 4
89 1
59 3
121 4
136 9
6 9
124 4
187 6
192 5
187 5
169 5
161 5
160 5
159 5
158 5
157 5
155 5
153 5
130 5
126 5
124 5
121 5
112 5
98 5
89 5
85 5
82 5
59 5
53 5
47 5
20 5
18 5
9 5
6 5
2 5
125 8
109 1
17 3
70 3
11 5
75 3
64 5
3 8
32 8
195 2
21 2
180 7
63 8
180 6
172 6
168 6
164 6
136 6
132 6
110 6
109 6
105 6
94 6
90 6
75 6
70 6
64 6
63 6
37 6
33 6
32 6
27 6
24 6
21 6
17 6
14 6
11 6
3 6
2 6
93 9
147 4
151 4
117 10
22 3
166 4
199 2
154 8
106 9
81 1
134 10
46 3
181 4
142 10
199 7
195 7
181 7
173 7
166 7
154 7
151 7
147 7
143 7
142 7
141 7
134 7
125 7
117 7
106 7
95 7
93 7
88 7
81 7
46 7
39 7
25 7
22 7
15 7
10 7
6 7
4 7
2 7
186 10
188 10
174 9
193 10
73 1
127 2
144 8
77 1
68 3
45 5
179 9
44 6
12 7
193 4
188 4
186 4
183 4
179 4
174 4
156 4
144 4
138 4
127 4
107 4
84 4
77 4
73 4
68 4
48 4
45 4
44 4
34 4
31 4
16 4
12 4
9 4
3 4
2 4
162 9
43 1
1 0
2 0
3 0
4 0
99 1
42 3
66 3
185 10
26 5
96 3
178 9
91 5
51 6
189 2
185 2
184 2
178 2
162 2
135 2
111 2
99 2
96 2
91 2
76 2
66 2
51 2
43 2
42 2
41 2
5 0
6 0
7 0
35 2
30 2
29 2
26 2
18 2
11 2
10 2
9 2
145 10
28 5
129 9
103 1
56 3
175 10
102 3
23 7
114 1
175 8
145 8
129 8
115 8
8 0
9 0
10 0
11 0
12 0
114 8
103 8
102 8
100 8
56 8
50 8
40 8
38 8
28 8
23 8
20 8
19 8
18 8
16 8
15 8
14 8
122 1
36 4
87 3
190 10
120 3
65 5
190 9
139 9
122 9
120 9
87 9
65 9
55 9
52 9
49 9
47 9
36 9
31 9
26 9
22 9
17 9
14 9
128 1
54 5
194 1
80 3
13 0
14 0
15 0
16 0
17 0
18 0
19 0
20 0
21 0
22 0
23 0
24 0
25 0
26 0
27 0
28 0
29 0
30 0
31 0
32 0
33 0
34 0
35 0
36 0
37 0
38 0
39 0
40 0
41 0
42 0
43 0
44 0
45 0
46 0
47 0
48 0
49 0
50 0
51 0
52 0
72 4
152 7
58 8
198 1
198 10
194 10
152 10
128 10
81 10
80 10
72 10
68 10
66 10
63 10
60 10
58 10
57 10
56 10
55 10
54 10
53 0
54 0
55 0
56 0
57 0
58 0
59 0
60 0
61 0
62 0
63 0
64 0
65 0
66 0
67 0
68 0
69 0
70 0
71 0
72 0
73 0
74 0
75 0
76 0
77 0
78 0
79 0
80 0
81 0
82 0
83 0
84 0
85 0
86 0
87 0
88 0
89 0
90 0
91 0
92 0
93 0
94 0
95 0
96 0
97 0
98 0
99 0
100 0
101 0
102 0
103 0
104 0
105 0
106 0
107 0
108 0
109 0
110 0
111 0
112 0
113 0
114 0
115 0
116 0
117 0
118 0
119 0
120 0
121 0
122 0
123 0
124 0
125 0
126 0
127 0
128 0
129 0
130 0
131 0
132 0
133 0
134 0
135 0
136 0
137 0
138 0
139 0
140 0
141 0
142 0
143 0
144 0
145 0
146 0
147 0
148 0
149 0
150 0
151 0
152 0
153 0
154 0
155 0
156 0
157 0
158 0
159 0
160 0
161 0
162 0
163 0
164 0
165 0
166 0
167 0
168 0
169 0
170 0
171 0
172 0
173 0
174 0
175 0
176 0
177 0
178 0
179 0
180 0
181 0
182 0
183 0
184 0
185 0
186 0
187 0
188 0
189 0
190 0
191 0
192 0
193 0
194 0
195 0
196 0
197 0
198 0
199 0
200 0
