156 6
38 5
40 5
11 9
145 8
20 9
103 10
142 10
151 8
89 4
65 3
53 2
196 6
135 4
17 7
19 7
76 3
159 8
107 3
117 3
196 1
159 1
156 1
151 1
145 1
142 1
135 1
122 1
117 1
114 1
107 1
103 1
97 1
89 1
76 1
65 1
64 1
63 1
60 1
53 1
52 1
41 1
40 1
38 1
34 1
20 1
19 1
17 1
14 1
11 1
3 1
59 5
116 6
106 4
140 2
46 1
173 10
123 6
165 8
25 2
118 4
188 9
9 2
143 6
168 8
104 5
73 7
1 0
144 6
188 3
181 3
173 3
168 3
165 3
164 3
158 3
144 3
143 3
123 3
118 3
116 3
108 3
106 3
104 3
96 3
93 3
73 3
59 3
56 3
54 3
46 3
43 3
42 3
33 3
29 3
22 3
9 3
5 3
3 3
36 2
193 8
194 8
82 10
171 4
109 7
32 1
178 4
138 7
6 3
149 7
7 3
175 7
120 10
115 6
66 9
194 5
193 5
178 5
175 5
171 5
149 5
138 5
121 5
120 5
115 5
113 5
109 5
100 5
82 5
75 5
71 5
66 5
58 5
44 5
36 5
32 5
25 5
11 5
7 5
6 5
3 5
98 1
172 7
68 3
99 1
182 7
125 1
163 2
185 7
77 3
87 3
134 10
70 5
131 1
95 3
39 7
199 6
195 6
167 6
166 6
163 6
140 6
136 6
134 6
133 6
131 6
125 6
124 6
102 6
99 6
98 6
95 6
87 6
77 6
70 6
68 6
62 6
39 6
16 6
14 6
5 6
3 6
150 10
50 1
179 4
126 9
157 10
110 1
162 10
13 3
47 3
12 5
128 9
190 8
185 8
182 8
179 8
177 8
172 8
162 8
157 8
150 8
141 8
139 8
128 8
126 8
110 8
94 8
90 8
74 8
57 8
50 8
47 8
21 8
17 8
13 8
12 8
10 8
9 8
8 8
6 8
3 8
187 9
78 2
4 8
81 2
161 10
192 9
148 2
130 3
154 2
79 1
119 1
132 3
197 4
192 4
187 4
183 4
161 4
154 4
153 4
148 4
132 4
130 4
119 4
86 4
84 4
81 4
80 4
79 4
78 4
69 4
51 4
37 4
26 4
22 4
19 4
18 4
15 4
7 4
5 4
4 4
3 4
91 3
180 10
72 1
174 7
92 3
27 6
155 2
112 3
137 3
180 9
174 9
160 9
2 0
3 0
4 0
5 0
6 0
7 0
8 0
9 0
10 0
11 0
12 0
13 0
155 9
137 9
129 9
127 9
112 9
92 9
91 9
72 9
61 9
29 9
27 9
14 0
15 0
16 0
17 0
18 0
19 0
20 0
21 0
22 0
23 0
26 9
25 9
101 8
31 9
189 2
170 7
200 2
184 7
30 7
200 10
189 10
176 10
101 10
47 10
39 10
37 10
34 10
33 10
32 10
31 10
30 10
28 10
25 10
184 2
170 6
152 4
48 3
88 8
24 0
25 0
26 0
27 0
28 0
29 0
30 0
31 0
32 0
33 0
34 0
83 9
186 2
105 8
67 3
186 7
184 7
170 7
152 7
147 7
146 7
105 7
88 7
83 7
67 7
62 7
61 7
51 7
50 7
48 7
42 7
38 7
37 7
36 7
169 9
191 9
198 9
55 5
45 3
49 3
35 0
36 0
37 0
38 0
39 0
40 0
41 0
42 0
111 4
85 6
198 2
191 2
169 2
111 2
85 2
72 2
69 2
68 2
57 2
55 2
52 2
49 2
48 2
47 2
45 2
43 0
44 0
45 0
46 0
47 0
48 0
49 0
50 0
51 0
52 0
53 0
54 0
55 0
56 0
57 0
58 0
59 0
60 0
61 0
62 0
63 0
64 0
65 0
66 0
67 0
68 0
69 0
70 0
71 0
72 0
73 0
74 0
75 0
76 0
77 0
78 0
79 0
80 0
81 0
82 0
83 0
84 0
85 0
86 0
87 0
88 0
89 0
90 0
91 0
92 0
93 0
94 0
95 0
96 0
97 0
98 0
99 0
100 0
101 0
102 0
103 0
104 0
105 0
106 0
107 0
108 0
109 0
110 0
111 0
112 0
113 0
114 0
115 0
116 0
117 0
118 0
119 0
120 0
121 0
122 0
123 0
124 0
125 0
126 0
127 0
128 0
129 0
130 0
131 0
132 0
133 0
134 0
135 0
136 0
137 0
138 0
139 0
140 0
141 0
142 0
143 0
144 0
145 0
146 0
147 0
148 0
149 0
150 0
151 0
152 0
153 0
154 0
155 0
156 0
157 0
158 0
159 0
160 0
161 0
162 0
163 0
164 0
165 0
166 0
167 0
168 0
169 0
170 0
171 0
172 0
173 0
174 0
175 0
176 0
177 0
178 0
179 0
180 0
181 0
182 0
183 0
184 0
185 0
186 0
187 0
188 0
189 0
190 0
191 0
192 0
193 0
194 0
195 0
196 0
197 0
198 0
199 0
200 0
