34 3
164 9
134 2
179 4
8 4
88 10
189 5
61 6
37 3
25 4
65 6
68 6
133 8
30 4
54 3
148 2
165 9
102 10
79 6
72 3
189 1
167 1
166 1
165 1
164 1
157 1
148 1
142 1
134 1
133 1
129 1
102 1
96 1
88 1
84 1
79 1
73 1
72 1
68 1
65 1
61 1
56 1
54 1
37 1
34 1
30 1
25 1
12 1
8 1
48 1
1 0
113 1
183 3
10 7
57 7
112 7
172 6
77 6
18 10
40 10
122 1
152 9
136 2
125 1
69 10
82 6
187 8
183 8
180 8
179 8
169 8
152 8
147 8
136 8
132 8
125 8
122 8
113 8
112 8
82 8
77 8
69 8
62 8
59 8
57 8
48 8
40 8
33 8
31 8
23 8
18 8
11 8
10 8
8 8
3 8
39 1
89 4
114 4
14 8
144 10
99 1
20 8
188 3
158 10
83 8
29 6
32 6
123 5
178 10
103 1
193 9
192 9
188 9
181 9
178 9
173 9
158 9
144 9
123 9
117 9
116 9
114 9
111 9
103 9
99 9
89 9
83 9
78 9
74 9
64 9
46 9
39 9
32 9
29 9
20 9
14 9
13 9
12 9
7 9
3 9
140 2
182 10
197 7
90 1
153 2
15 8
75 8
21 9
95 1
42 9
17 4
85 8
108 1
197 5
195 5
182 5
177 5
174 5
172 5
160 5
159 5
153 5
140 5
110 5
108 5
95 5
91 5
2 0
90 5
85 5
75 5
45 5
42 5
35 5
27 5
25 5
21 5
3 0
19 5
17 5
15 5
8 5
7 5
63 1
97 1
24 9
156 7
138 1
50 9
94 9
16 8
191 6
198 2
191 2
176 2
175 2
161 2
156 2
139 2
138 2
118 2
115 2
105 2
98 2
97 2
94 2
86 2
66 2
63 2
50 2
30 2
24 2
16 2
12 2
10 2
7 2
150 4
196 7
131 10
100 1
51 9
130 1
43 8
124 9
36 5
28 2
101 8
52 5
196 3
162 3
154 3
150 3
141 3
131 3
130 3
126 3
124 3
121 3
109 3
101 3
100 3
93 3
67 3
52 3
51 3
49 3
44 3
43 3
36 3
34 3
28 3
13 3
11 3
8 3
7 3
5 3
168 7
55 1
81 4
194 7
184 4
104 1
26 8
6 3
92 8
163 1
199 10
194 10
184 10
168 10
163 10
104 10
92 10
87 10
81 10
76 10
58 10
55 10
37 10
26 10
18 10
15 10
14 10
10 10
6 10
5 10
145 7
9 3
71 1
22 9
143 1
170 4
171 4
151 7
135 8
186 4
186 6
171 6
170 6
155 6
151 6
145 6
143 6
135 6
119 6
71 6
60 6
54 6
23 6
22 6
20 6
17 6
12 6
9 6
7 6
5 6
120 1
190 1
149 8
107 9
38 5
146 9
53 5
185 8
41 2
200 4
190 4
185 4
149 4
146 4
120 4
107 4
80 4
56 4
53 4
41 4
38 4
31 4
29 4
19 4
16 4
8 4
6 4
5 4
137 1
106 8
4 0
5 0
6 0
7 0
8 0
9 0
10 0
11 0
12 0
13 0
14 0
15 0
16 0
17 0
18 0
19 0
20 0
21 0
22 0
23 0
24 0
25 0
26 0
27 0
28 0
29 0
30 0
31 0
32 0
128 8
70 6
127 6
47 9
137 7
128 7
127 7
106 7
33 0
34 0
35 0
36 0
37 0
38 0
70 7
61 7
55 7
54 7
50 7
47 7
39 0
40 0
41 0
42 0
43 0
44 0
45 0
46 0
47 0
48 0
49 0
50 0
51 0
52 0
53 0
54 0
55 0
56 0
57 0
58 0
59 0
60 0
61 0
62 0
63 0
64 0
65 0
66 0
67 0
68 0
69 0
70 0
71 0
72 0
73 0
74 0
75 0
76 0
77 0
78 0
79 0
80 0
81 0
82 0
83 0
84 0
85 0
86 0
87 0
88 0
89 0
90 0
91 0
92 0
93 0
94 0
95 0
96 0
97 0
98 0
99 0
100 0
101 0
102 0
103 0
104 0
105 0
106 0
107 0
108 0
109 0
110 0
111 0
112 0
113 0
114 0
115 0
116 0
117 0
118 0
119 0
120 0
121 0
122 0
123 0
124 0
125 0
126 0
127 0
128 0
129 0
130 0
131 0
132 0
133 0
134 0
135 0
136 0
137 0
138 0
139 0
140 0
141 0
142 0
143 0
144 0
145 0
146 0
147 0
148 0
149 0
150 0
151 0
152 0
153 0
154 0
155 0
156 0
157 0
158 0
159 0
160 0
161 0
162 0
163 0
164 0
165 0
166 0
167 0
168 0
169 0
170 0
171 0
172 0
173 0
174 0
175 0
176 0
177 0
178 0
179 0
180 0
181 0
182 0
183 0
184 0
185 0
186 0
187 0
188 0
189 0
190 0
191 0
192 0
193 0
194 0
195 0
196 0
197 0
198 0
199 0
200 0
