29 6
63 7
20 9
70 4
189 10
132 3
199 10
138 3
176 3
102 8
17 3
191 2
28 9
164 5
37 6
32 9
77 4
180 5
115 8
143 8
199 1
191 1
189 1
180 1
164 1
151 1
143 1
121 1
115 1
110 1
102 1
92 1
88 1
77 1
73 1
70 1
66 1
63 1
37 1
32 1
31 1
29 1
28 1
20 1
19 1
17 1
3 1
25 1
185 3
38 1
148 7
113 8
94 4
55 1
40 6
188 3
133 5
45 6
196 3
117 8
1 0
11 2
11 3
6 5
158 7
158 2
148 2
137 2
117 2
113 2
112 2
109 2
108 2
94 2
85 2
69 2
68 2
64 2
55 2
45 2
40 2
38 2
25 2
23 2
11 2
6 2
3 2
97 9
141 10
175 6
98 9
60 4
79 4
122 9
34 1
152 10
8 2
106 4
162 10
131 9
93 1
53 2
86 2
196 7
188 7
185 7
178 7
176 7
175 7
165 7
162 7
152 7
141 7
140 7
138 7
133 7
132 7
131 7
129 7
124 7
122 7
120 7
116 7
106 7
98 7
97 7
96 7
93 7
91 7
86 7
79 7
60 7
57 7
53 7
52 7
34 7
26 7
17 7
8 7
3 7
100 9
54 1
159 3
103 9
182 8
172 3
154 6
15 2
177 3
10 7
36 2
42 2
166 6
35 7
184 10
182 10
177 10
172 10
171 10
166 10
161 10
159 10
156 10
154 10
150 10
139 10
134 10
104 10
103 10
100 10
87 10
84 10
58 10
56 10
54 10
51 10
48 10
42 10
36 10
35 10
22 10
19 10
15 10
10 10
6 10
4 10
3 10
145 5
123 6
80 1
30 2
71 2
33 7
174 5
61 7
173 6
125 1
111 2
167 1
181 5
198 4
193 4
183 4
181 4
174 4
173 4
167 4
146 4
145 4
144 4
125 4
123 4
114 4
111 4
105 4
82 4
80 4
75 4
71 4
62 4
61 4
47 4
43 4
33 4
30 4
24 4
20 4
11 4
8 4
3 4
179 3
83 1
89 1
136 6
50 2
59 2
147 8
76 2
72 7
128 1
107 2
195 5
179 5
153 5
149 5
147 5
142 5
136 5
128 5
118 5
107 5
99 5
89 5
83 5
76 5
72 5
59 5
50 5
49 5
28 5
23 5
17 5
14 5
12 5
4 5
3 5
27 7
101 6
39 1
130 6
9 4
190 8
74 1
18 4
190 9
168 9
130 9
126 9
101 9
95 9
74 9
39 9
29 9
27 9
26 9
25 9
21 9
18 9
9 9
8 9
6 9
5 9
3 9
157 3
163 6
197 6
13 4
16 4
169 3
155 2
65 7
197 8
169 8
163 8
160 8
157 8
155 8
65 8
46 8
2 0
3 0
4 0
5 0
6 0
44 8
38 8
34 8
31 8
16 8
13 8
12 8
11 8
10 8
8 8
90 7
200 3
186 7
67 2
119 2
7 0
8 0
9 0
10 0
11 0
12 0
13 0
14 0
15 0
16 0
17 0
18 0
19 0
20 0
21 0
22 0
23 0
24 0
25 0
26 0
27 0
28 0
29 0
30 0
31 0
32 0
33 0
34 0
35 0
36 0
37 0
38 0
39 0
81 9
200 6
194 6
192 6
186 6
170 6
127 6
119 6
90 6
81 6
74 6
67 6
40 0
63 6
52 6
49 6
45 6
44 6
43 6
42 6
187 9
41 0
42 0
43 0
44 0
45 0
46 0
47 0
48 0
49 0
50 0
51 0
52 0
53 0
54 0
55 0
56 0
57 0
58 0
59 0
60 0
61 0
62 0
63 0
64 0
65 0
66 0
67 0
68 0
69 0
70 0
71 0
72 0
73 0
74 0
75 0
76 0
77 0
78 0
79 0
80 0
81 0
82 0
83 0
84 0
85 0
86 0
87 0
88 0
89 0
90 0
91 0
92 0
93 0
94 0
135 6
187 3
95 0
96 0
97 0
98 0
99 0
100 0
101 0
102 0
103 0
104 0
105 0
106 0
107 0
108 0
109 0
110 0
111 0
112 0
113 0
114 0
115 0
116 0
117 0
118 0
155 3
137 3
135 3
119 0
120 0
121 0
122 0
123 0
124 0
125 0
126 0
127 0
128 0
129 0
130 0
131 0
132 0
133 0
134 0
135 0
136 0
137 0
138 0
139 0
140 0
141 0
142 0
143 0
144 0
145 0
146 0
147 0
148 0
149 0
150 0
151 0
152 0
153 0
154 0
155 0
156 0
157 0
158 0
159 0
160 0
161 0
162 0
163 0
164 0
165 0
166 0
167 0
168 0
169 0
170 0
171 0
172 0
173 0
174 0
175 0
176 0
177 0
178 0
179 0
180 0
181 0
182 0
183 0
184 0
185 0
186 0
187 0
188 0
189 0
190 0
191 0
192 0
193 0
194 0
195 0
196 0
197 0
198 0
199 0
200 0
