13 1
13 6
36 10
123 5
81 8
159 4
1 0
141 3
30 6
188 4
50 10
195 7
49 6
84 8
142 3
192 4
161 3
162 3
60 10
122 2
129 5
195 1
194 1
192 1
188 1
173 1
162 1
161 1
159 1
155 1
143 1
142 1
141 1
140 1
129 1
123 1
122 1
115 1
93 1
84 1
81 1
73 1
71 1
60 1
55 1
50 1
49 1
36 1
30 1
17 1
13 1
138 9
131 8
101 10
135 5
78 1
23 6
14 3
146 9
46 6
77 6
61 3
67 3
22 7
22 8
75 3
29 8
189 2
189 7
185 7
184 7
146 7
138 7
135 7
133 7
132 7
116 7
101 7
96 7
80 7
78 7
77 7
75 7
67 7
61 7
46 7
41 7
29 7
23 7
22 7
20 7
18 7
14 7
13 7
8 7
85 10
107 10
92 9
186 5
39 1
42 1
40 7
179 6
197 3
90 1
124 10
79 7
196 5
72 9
76 9
197 4
196 4
187 4
186 4
179 4
160 4
156 4
131 4
130 4
125 4
124 4
109 4
107 4
104 4
90 4
85 4
79 4
76 4
74 4
72 4
62 4
42 4
40 4
39 4
37 4
34 4
26 4
21 4
19 4
17 4
8 4
167 8
200 6
56 1
178 8
106 5
128 3
66 1
98 9
83 1
147 10
176 10
154 3
121 5
54 7
200 2
178 2
176 2
169 2
167 2
165 2
154 2
147 2
136 2
128 2
121 2
118 2
106 2
105 2
98 2
92 2
83 2
66 2
63 2
56 2
54 2
32 2
30 2
13 2
10 2
8 2
6 2
153 10
174 10
33 4
9 2
47 1
94 1
68 4
191 10
2 0
35 7
158 3
103 6
137 9
193 5
191 5
174 5
158 5
153 5
137 5
134 5
120 5
119 5
103 5
100 5
94 5
88 5
86 5
68 5
53 5
47 5
44 5
36 5
35 5
33 5
17 5
14 5
9 5
6 5
113 1
144 1
117 4
82 7
97 7
69 2
166 10
16 5
151 8
57 5
148 1
25 9
43 9
168 3
166 3
164 3
151 3
150 3
148 3
144 3
117 3
113 3
97 3
82 3
69 3
57 3
49 3
43 3
25 3
19 3
18 3
16 3
12 3
8 3
6 3
5 3
38 4
31 7
102 1
181 10
24 2
51 4
149 1
58 4
108 4
27 2
127 4
198 8
183 8
181 8
171 8
149 8
127 8
114 8
108 8
102 8
58 8
52 8
51 8
50 8
38 8
31 8
28 8
27 8
24 8
21 8
20 8
10 8
9 8
5 8
110 1
89 4
3 0
177 6
145 9
64 7
112 1
91 4
48 5
172 9
177 10
172 10
163 10
145 10
126 10
112 10
111 10
4 0
5 0
6 0
110 10
91 10
89 10
64 10
55 10
48 10
26 10
22 10
15 10
14 10
13 10
9 10
8 10
99 1
152 1
180 1
182 1
65 4
95 4
11 8
199 6
182 6
180 6
152 6
99 6
95 6
70 6
65 6
60 6
34 6
30 6
23 6
17 6
12 6
11 6
10 6
8 6
190 1
157 4
170 4
7 0
8 0
9 0
10 0
11 0
12 0
13 0
14 0
15 0
16 0
17 0
18 0
19 0
20 0
21 0
22 0
23 0
24 0
25 0
26 0
27 0
28 0
29 0
30 0
31 0
32 0
33 0
34 0
35 0
36 0
87 6
175 4
59 2
45 5
139 6
190 9
175 9
170 9
157 9
37 0
38 0
39 0
40 0
41 0
42 0
43 0
139 9
87 9
71 9
62 9
60 9
59 9
54 9
50 9
49 9
48 9
46 9
45 9
44 0
45 0
46 0
47 0
48 0
49 0
50 0
51 0
52 0
53 0
54 0
55 0
56 0
57 0
58 0
59 0
60 0
61 0
62 0
63 0
64 0
65 0
66 0
67 0
68 0
69 0
70 0
71 0
72 0
73 0
74 0
75 0
76 0
77 0
78 0
79 0
80 0
81 0
82 0
83 0
84 0
85 0
86 0
87 0
88 0
89 0
90 0
91 0
92 0
93 0
94 0
95 0
96 0
97 0
98 0
99 0
100 0
101 0
102 0
103 0
104 0
105 0
106 0
107 0
108 0
109 0
110 0
111 0
112 0
113 0
114 0
115 0
116 0
117 0
118 0
119 0
120 0
121 0
122 0
123 0
124 0
125 0
126 0
127 0
128 0
129 0
130 0
131 0
132 0
133 0
134 0
135 0
136 0
137 0
138 0
139 0
140 0
141 0
142 0
143 0
144 0
145 0
146 0
147 0
148 0
149 0
150 0
151 0
152 0
153 0
154 0
155 0
156 0
157 0
158 0
159 0
160 0
161 0
162 0
163 0
164 0
165 0
166 0
167 0
168 0
169 0
170 0
171 0
172 0
173 0
174 0
175 0
176 0
177 0
178 0
179 0
180 0
181 0
182 0
183 0
184 0
185 0
186 0
187 0
188 0
189 0
190 0
191 0
192 0
193 0
194 0
195 0
196 0
197 0
198 0
199 0
200 0
