107 4
6 6
158 8
72 7
154 5
89 10
82 7
190 8
22 6
48 9
29 6
178 5
137 4
196 2
165 4
172 4
62 3
187 5
109 10
126 10
196 1
193 1
190 1
187 1
178 1
172 1
165 1
158 1
154 1
141 1
137 1
126 1
114 1
109 1
107 1
104 1
103 1
99 1
98 1
89 1
83 1
82 1
81 1
72 1
63 1
62 1
57 1
54 1
48 1
37 1
29 1
27 1
24 1
22 1
13 1
9 1
6 1
5 1
155 10
136 2
14 1
25 1
2 7
185 8
30 1
32 1
160 10
28 7
70 6
133 3
47 1
73 6
166 10
200 4
199 4
1 0
185 4
171 4
167 4
166 4
160 4
155 4
152 4
151 4
136 4
133 4
119 4
118 4
102 4
94 4
91 4
73 4
70 4
67 4
61 4
60 4
59 4
52 4
47 4
45 4
32 4
30 4
28 4
2 0
25 4
16 4
14 4
5 4
194 8
53 7
173 6
97 7
129 2
58 1
162 3
11 4
87 1
10 6
175 3
4 8
51 4
3 0
4 0
194 5
176 5
175 5
162 5
156 5
145 5
129 5
120 5
116 5
113 5
110 5
97 5
88 5
87 5
58 5
53 5
51 5
42 5
33 5
11 5
5 0
6 0
10 5
9 5
135 9
49 4
76 4
123 4
177 6
108 1
95 5
101 5
139 7
163 2
90 6
105 5
182 10
163 10
159 10
142 10
139 10
138 10
135 10
132 10
125 10
124 10
123 10
122 10
108 10
105 10
101 10
95 10
93 10
90 10
76 10
75 10
74 10
55 10
49 10
14 10
13 10
9 10
112 1
161 7
7 0
153 2
134 1
183 6
115 4
36 5
21 10
39 5
192 8
188 8
183 8
177 8
173 8
164 8
161 8
153 8
150 8
146 8
134 8
115 8
112 8
79 8
56 8
39 8
38 8
36 8
22 8
21 8
16 8
15 8
10 8
9 8
41 4
23 10
148 6
100 4
106 4
130 4
26 1
64 1
195 9
184 9
169 9
148 9
144 9
130 9
121 9
106 9
100 9
77 9
68 9
64 9
41 9
26 9
25 9
24 9
23 9
19 9
13 9
11 9
9 9
197 2
143 7
181 6
92 5
96 5
44 4
117 5
12 8
197 3
181 3
174 3
168 3
8 0
9 0
143 3
117 3
111 3
96 3
92 3
44 3
33 3
28 3
27 3
20 3
14 3
12 3
10 0
11 0
12 0
13 0
14 0
15 0
16 0
180 10
131 7
50 5
127 5
157 7
186 10
140 5
65 4
85 4
191 2
186 2
180 2
157 2
140 2
131 2
127 2
85 2
65 2
50 2
49 2
46 2
42 2
31 2
30 2
29 2
21 2
20 2
19 2
86 10
18 7
18 6
78 5
147 10
80 5
17 0
18 0
19 0
20 0
21 0
22 0
23 0
24 0
25 0
26 0
27 0
28 0
29 0
30 0
31 0
32 0
33 0
128 5
66 4
34 0
189 7
147 7
128 7
86 7
80 7
78 7
69 7
66 7
55 7
51 7
45 7
44 7
42 7
41 7
37 7
36 7
149 3
35 0
36 0
37 0
38 0
39 0
43 7
170 3
84 10
71 9
198 3
179 10
40 0
198 6
179 6
170 6
149 6
92 6
84 6
74 6
71 6
64 6
56 6
53 6
48 6
47 6
46 6
43 6
41 0
42 0
43 0
44 0
45 0
46 0
47 0
48 0
49 0
50 0
51 0
52 0
53 0
54 0
55 0
56 0
57 0
58 0
59 0
60 0
61 0
62 0
63 0
64 0
65 0
66 0
67 0
68 0
69 0
70 0
71 0
72 0
73 0
74 0
75 0
76 0
77 0
78 0
79 0
80 0
81 0
82 0
83 0
84 0
85 0
86 0
87 0
88 0
89 0
90 0
91 0
92 0
93 0
94 0
95 0
96 0
97 0
98 0
99 0
100 0
101 0
102 0
103 0
104 0
105 0
106 0
107 0
108 0
109 0
110 0
111 0
112 0
113 0
114 0
115 0
116 0
117 0
118 0
119 0
120 0
121 0
122 0
123 0
124 0
125 0
126 0
127 0
128 0
129 0
130 0
131 0
132 0
133 0
134 0
135 0
136 0
137 0
138 0
139 0
140 0
141 0
142 0
143 0
144 0
145 0
146 0
147 0
148 0
149 0
150 0
151 0
152 0
153 0
154 0
155 0
156 0
157 0
158 0
159 0
160 0
161 0
162 0
163 0
164 0
165 0
166 0
167 0
168 0
169 0
170 0
171 0
172 0
173 0
174 0
175 0
176 0
177 0
178 0
179 0
180 0
181 0
182 0
183 0
184 0
185 0
186 0
187 0
188 0
189 0
190 0
191 0
192 0
193 0
194 0
195 0
196 0
197 0
198 0
199 0
200 0
