105 3
61 9
58 8
193 7
43 10
102 6
147 5
110 3
151 4
46 10
84 9
100 9
168 4
114 3
128 3
173 2
94 8
23 10
121 6
185 2
193 1
187 1
185 1
173 1
172 1
168 1
151 1
149 1
147 1
134 1
129 1
128 1
125 1
121 1
114 1
110 1
105 1
102 1
100 1
94 1
89 1
84 1
78 1
66 1
61 1
58 1
57 1
54 1
38 1
28 1
27 1
25 1
23 1
19 1
164 5
32 1
34 1
163 4
64 10
106 7
31 10
176 5
138 2
35 1
83 3
111 7
184 5
37 1
82 1
24 3
180 4
194 6
184 6
180 6
176 6
164 6
163 6
160 6
138 6
137 6
118 6
111 6
106 6
98 6
91 6
82 6
76 6
37 6
35 6
34 6
32 6
31 6
24 6
20 6
19 6
10 6
191 5
157 7
140 8
146 8
124 3
33 1
30 6
158 7
55 1
119 10
90 1
79 6
166 9
122 10
132 3
62 5
171 4
166 4
162 4
158 4
157 4
146 4
140 4
132 4
124 4
123 4
122 4
119 4
108 4
90 4
85 4
83 4
79 4
74 4
64 4
62 4
55 4
46 4
43 4
33 4
30 4
23 4
10 4
135 8
104 1
167 7
17 4
6 7
126 1
99 6
18 4
21 4
87 4
170 10
131 1
133 1
179 10
189 9
191 2
190 2
189 2
183 2
182 2
179 2
170 2
142 2
135 2
133 2
131 2
126 2
117 2
104 2
99 2
87 2
86 2
69 2
59 2
51 2
39 2
25 2
21 2
19 2
18 2
17 2
11 2
10 2
8 2
6 2
113 1
156 9
26 4
141 8
115 1
36 4
103 4
2 10
49 6
159 9
40 2
109 4
70 6
167 3
161 3
159 3
156 3
152 3
148 3
141 3
120 3
115 3
113 3
109 3
103 3
101 3
77 3
73 3
70 3
60 3
49 3
40 3
36 3
27 3
26 3
23 3
20 3
13 3
6 3
2 3
45 4
186 5
96 4
72 1
7 3
188 5
153 10
177 8
154 10
200 5
155 10
56 6
200 7
188 7
186 7
178 7
177 7
175 7
169 7
155 7
154 7
153 7
150 7
145 7
96 7
72 7
56 7
48 7
45 7
44 7
30 7
28 7
24 7
16 7
15 7
9 7
8 7
7 7
2 7
116 9
5 7
198 10
130 9
92 1
112 1
127 1
81 4
198 8
197 8
165 8
130 8
127 8
116 8
112 8
92 8
81 8
63 8
50 8
38 8
33 8
31 8
10 8
6 8
5 8
2 8
80 1
53 4
14 3
47 6
97 1
192 5
41 3
144 1
195 9
192 9
181 9
144 9
97 9
80 9
54 9
53 9
47 9
43 9
41 9
32 9
29 9
14 9
13 9
11 9
7 9
3 9
2 9
68 1
65 10
4 9
88 1
107 1
67 10
71 10
42 6
107 5
88 5
71 5
68 5
67 5
65 5
57 5
52 5
46 5
42 5
34 5
20 5
17 5
8 5
5 5
4 5
2 5
75 1
174 1
196 1
1 0
2 0
3 0
4 0
5 0
6 0
7 0
8 0
9 0
10 0
11 0
12 0
13 0
14 0
15 0
16 0
17 0
18 0
19 0
20 0
21 0
22 0
23 0
24 0
25 0
26 0
27 0
28 0
29 0
30 0
31 0
32 0
33 0
34 0
35 0
36 0
37 0
38 0
39 0
40 0
41 0
42 0
43 0
44 0
45 0
46 0
47 0
48 0
49 0
50 0
51 0
52 0
53 0
54 0
55 0
56 0
57 0
199 1
95 9
136 9
93 6
143 9
139 6
199 10
196 10
174 10
143 10
139 10
136 10
95 10
93 10
80 10
76 10
75 10
58 0
59 0
60 0
61 0
62 0
63 0
64 0
65 0
66 0
67 0
68 0
69 0
70 0
71 0
72 0
73 0
74 0
75 0
76 0
77 0
78 0
79 0
80 0
81 0
82 0
83 0
84 0
85 0
86 0
87 0
88 0
89 0
90 0
91 0
92 0
93 0
94 0
95 0
96 0
97 0
98 0
99 0
100 0
101 0
102 0
103 0
104 0
105 0
106 0
107 0
108 0
109 0
110 0
111 0
112 0
113 0
114 0
115 0
116 0
117 0
118 0
119 0
120 0
121 0
122 0
123 0
124 0
125 0
126 0
127 0
128 0
129 0
130 0
131 0
132 0
133 0
134 0
135 0
136 0
137 0
138 0
139 0
140 0
141 0
142 0
143 0
144 0
145 0
146 0
147 0
148 0
149 0
150 0
151 0
152 0
153 0
154 0
155 0
156 0
157 0
158 0
159 0
160 0
161 0
162 0
163 0
164 0
165 0
166 0
167 0
168 0
169 0
170 0
171 0
172 0
173 0
174 0
175 0
176 0
177 0
178 0
179 0
180 0
181 0
182 0
183 0
184 0
185 0
186 0
187 0
188 0
189 0
190 0
191 0
192 0
193 0
194 0
195 0
196 0
197 0
198 0
199 0
200 0
