73 3
167 5
94 3
98 10
184 6
128 9
72 2
85 2
42 3
123 4
29 10
131 9
102 2
11 3
96 7
150 9
50 10
198 8
122 2
57 10
198 1
196 1
184 1
179 1
167 1
162 1
150 1
131 1
128 1
123 1
122 1
120 1
107 1
102 1
96 1
85 1
81 1
72 1
67 1
65 1
57 1
55 1
53 1
50 1
45 1
40 1
29 1
27 1
11 1
4 1
2 1
160 9
80 8
63 6
157 7
74 6
32 2
12 1
147 5
108 10
153 5
139 10
195 9
26 1
7 9
6 3
200 7
145 10
200 4
157 4
153 4
151 4
147 4
145 4
139 4
108 4
101 4
100 4
98 4
95 4
80 4
74 4
63 4
52 4
49 4
32 4
26 4
12 4
8 4
7 4
6 4
5 4
2 4
15 1
43 3
71 6
180 8
187 5
18 1
28 1
112 6
30 1
115 6
59 3
35 1
133 6
48 1
193 7
70 3
177 10
195 2
193 2
190 2
187 2
185 2
180 2
177 2
160 2
155 2
154 2
143 2
133 2
130 2
115 2
112 2
110 2
71 2
70 2
59 2
51 2
48 2
43 2
42 2
35 2
30 2
28 2
21 2
18 2
15 2
14 2
4 2
2 2
127 3
87 6
197 10
170 9
171 9
33 1
93 6
91 1
182 9
44 4
129 3
37 2
62 4
161 7
169 7
199 5
197 5
182 5
171 5
170 5
169 5
165 5
164 5
161 5
142 5
132 5
129 5
127 5
94 5
93 5
92 5
91 5
89 5
87 5
73 5
69 5
62 5
56 5
44 5
37 5
36 5
33 5
19 5
16 5
13 5
11 5
5 5
2 5
106 3
138 3
76 9
135 10
20 4
118 9
124 9
23 4
46 1
99 1
77 4
159 3
188 7
178 7
159 7
146 7
138 7
135 7
124 7
118 7
106 7
99 7
90 7
83 7
82 7
77 7
76 7
46 7
38 7
34 7
27 7
23 7
20 7
6 7
4 7
2 7
191 6
114 10
54 1
10 4
104 9
61 1
60 2
137 3
41 4
191 8
186 8
1 0
2 0
137 8
136 8
117 8
116 8
114 8
109 8
104 8
86 8
61 8
60 8
58 8
54 8
41 8
29 8
14 8
10 8
7 8
5 8
4 8
175 3
111 10
156 9
166 9
113 10
163 10
181 3
148 1
181 6
175 6
166 6
163 6
156 6
149 6
148 6
126 6
125 6
113 6
111 6
88 6
79 6
40 6
24 6
15 6
11 6
8 6
6 6
4 6
194 10
31 7
173 3
75 1
17 5
158 1
189 3
22 2
121 7
47 2
105 2
194 9
189 9
174 9
173 9
158 9
121 9
105 9
75 9
66 9
47 9
45 9
31 9
22 9
20 9
18 9
17 9
13 9
12 9
5 9
4 9
183 3
3 0
4 0
5 0
6 0
7 0
8 0
172 1
140 4
141 4
84 7
39 2
103 7
68 2
25 5
183 10
172 10
141 10
140 10
119 10
103 10
97 10
84 10
78 10
68 10
50 10
39 10
26 10
25 10
23 10
21 10
16 10
12 10
11 10
10 10
168 1
192 1
134 4
9 0
10 0
11 0
12 0
13 0
14 0
15 0
16 0
17 0
18 0
19 0
20 0
21 0
22 0
23 0
24 0
25 0
26 0
27 0
28 0
29 0
30 0
31 0
64 9
144 4
176 4
152 9
192 3
176 3
168 3
152 3
144 3
134 3
32 0
33 0
34 0
35 0
36 0
37 0
38 0
39 0
40 0
41 0
42 0
43 0
44 0
79 3
64 3
45 0
46 0
47 0
48 0
49 0
50 0
51 0
52 0
53 0
54 0
55 0
56 0
57 0
58 0
59 0
60 0
61 0
62 0
63 0
64 0
65 0
66 0
67 0
68 0
69 0
70 0
71 0
72 0
73 0
74 0
75 0
76 0
77 0
78 0
79 0
80 0
81 0
82 0
83 0
84 0
85 0
86 0
87 0
88 0
89 0
90 0
91 0
92 0
93 0
94 0
95 0
96 0
97 0
98 0
99 0
100 0
101 0
102 0
103 0
104 0
105 0
106 0
107 0
108 0
109 0
110 0
111 0
112 0
113 0
114 0
115 0
116 0
117 0
118 0
119 0
120 0
121 0
122 0
123 0
124 0
125 0
126 0
127 0
128 0
129 0
130 0
131 0
132 0
133 0
134 0
135 0
136 0
137 0
138 0
139 0
140 0
141 0
142 0
143 0
144 0
145 0
146 0
147 0
148 0
149 0
150 0
151 0
152 0
153 0
154 0
155 0
156 0
157 0
158 0
159 0
160 0
161 0
162 0
163 0
164 0
165 0
166 0
167 0
168 0
169 0
170 0
171 0
172 0
173 0
174 0
175 0
176 0
177 0
178 0
179 0
180 0
181 0
182 0
183 0
184 0
185 0
186 0
187 0
188 0
189 0
190 0
191 0
192 0
193 0
194 0
195 0
196 0
197 0
198 0
199 0
200 0
