21 5
139 4
33 5
155 4
127 7
15 1
15 5
123 8
70 5
86 6
1 0
169 2
28 5
197 10
119 6
166 4
24 2
5 9
115 5
26 2
113 2
199 1
197 1
188 1
166 1
155 1
139 1
131 1
127 1
123 1
119 1
115 1
114 1
113 1
86 1
81 1
73 1
42 1
29 1
28 1
26 1
24 1
20 1
11 1
5 1
27 1
158 6
109 4
3 3
3 7
13 7
68 1
47 7
107 5
108 5
146 4
51 7
63 7
133 5
138 5
50 6
124 1
112 7
194 3
189 3
184 3
169 3
168 3
167 3
146 3
138 3
133 3
124 3
118 3
112 3
109 3
108 3
107 3
106 3
97 3
70 3
68 3
63 3
51 3
50 3
47 3
46 3
31 3
30 3
27 3
15 3
13 3
5 3
3 3
105 2
193 7
102 10
96 5
110 2
150 9
99 5
152 9
192 4
111 2
171 6
38 1
100 5
130 2
191 6
193 8
192 8
191 8
176 8
172 8
171 8
158 8
152 8
150 8
149 8
130 8
126 8
117 8
111 8
110 8
105 8
102 8
101 8
100 8
99 8
98 8
96 8
77 8
61 8
60 8
38 8
33 8
21 8
19 8
17 8
11 8
4 8
3 8
143 6
52 1
69 1
8 3
161 6
59 3
79 1
90 4
45 8
198 7
136 9
55 8
41 4
75 3
67 8
198 2
195 2
183 2
161 2
143 2
137 2
136 2
134 2
116 2
79 2
78 2
75 2
69 2
67 2
59 2
55 2
53 2
52 2
49 2
45 2
41 2
37 2
20 2
12 2
8 2
5 2
3 2
56 5
164 6
89 5
200 9
182 6
175 10
132 4
145 4
186 6
95 5
16 3
174 4
91 1
200 7
186 7
182 7
175 7
174 7
165 7
164 7
151 7
145 7
144 7
132 7
120 7
95 7
91 7
90 7
89 7
88 7
66 7
56 7
48 7
43 7
24 7
23 7
16 7
13 7
4 7
3 7
32 1
44 1
58 1
10 2
121 1
187 6
80 3
34 8
104 3
160 9
170 9
22 2
187 10
185 10
178 10
170 10
160 10
141 10
125 10
121 10
104 10
94 10
80 10
58 10
44 10
34 10
32 10
26 10
22 10
15 10
11 10
10 10
9 10
6 10
5 10
3 10
159 6
179 4
148 5
154 5
156 5
83 1
72 3
76 3
35 8
57 8
103 1
179 9
163 9
159 9
156 9
154 9
148 9
128 9
103 9
83 9
82 9
76 9
72 9
57 9
35 9
28 9
27 9
17 9
14 9
8 9
4 9
3 9
39 3
129 5
40 3
54 3
65 3
181 6
62 1
122 3
93 1
180 5
74 8
181 4
180 4
173 4
129 4
122 4
93 4
92 4
87 4
74 4
65 4
62 4
54 4
40 4
39 4
30 4
29 4
19 4
13 4
12 4
7 4
5 4
3 4
153 1
190 5
147 3
85 8
2 0
3 0
4 0
5 0
6 0
7 0
8 0
9 0
10 0
11 0
12 0
13 0
14 0
15 0
16 0
17 0
25 7
140 8
71 9
190 6
162 6
18 0
19 0
20 0
157 6
153 6
147 6
140 6
85 6
21 0
22 0
84 6
71 6
42 6
37 6
33 6
31 6
29 6
27 6
26 6
25 6
23 0
24 0
25 0
26 0
27 0
28 0
29 0
30 0
31 0
32 0
33 0
34 0
35 0
142 1
135 9
177 1
196 1
36 0
37 0
38 0
39 0
40 0
41 0
42 0
43 0
44 0
45 0
46 0
47 0
48 0
49 0
50 0
51 0
52 0
53 0
54 0
55 0
56 0
64 3
196 5
177 5
142 5
135 5
57 0
58 0
59 0
60 0
61 0
62 0
80 5
77 5
73 5
72 5
71 5
67 5
66 5
65 5
64 5
63 0
64 0
65 0
66 0
67 0
68 0
69 0
70 0
71 0
72 0
73 0
74 0
75 0
76 0
77 0
78 0
79 0
80 0
81 0
82 0
83 0
84 0
85 0
86 0
87 0
88 0
89 0
90 0
91 0
92 0
93 0
94 0
95 0
96 0
97 0
98 0
99 0
100 0
101 0
102 0
103 0
104 0
105 0
106 0
107 0
108 0
109 0
110 0
111 0
112 0
113 0
114 0
115 0
116 0
117 0
118 0
119 0
120 0
121 0
122 0
123 0
124 0
125 0
126 0
127 0
128 0
129 0
130 0
131 0
132 0
133 0
134 0
135 0
136 0
137 0
138 0
139 0
140 0
141 0
142 0
143 0
144 0
145 0
146 0
147 0
148 0
149 0
150 0
151 0
152 0
153 0
154 0
155 0
156 0
157 0
158 0
159 0
160 0
161 0
162 0
163 0
164 0
165 0
166 0
167 0
168 0
169 0
170 0
171 0
172 0
173 0
174 0
175 0
176 0
177 0
178 0
179 0
180 0
181 0
182 0
183 0
184 0
185 0
186 0
187 0
188 0
189 0
190 0
191 0
192 0
193 0
194 0
195 0
196 0
197 0
198 0
199 0
200 0
