111 10
90 2
116 3
102 2
127 5
148 9
20 2
8 10
126 3
16 10
42 2
25 10
107 2
166 9
58 10
60 10
186 4
156 8
140 6
113 2
190 1
186 1
185 1
174 1
173 1
166 1
160 1
156 1
148 1
142 1
140 1
139 1
131 1
128 1
127 1
126 1
123 1
116 1
115 1
113 1
107 1
92 1
83 1
67 1
60 1
58 1
48 1
42 1
39 1
28 1
25 1
20 1
16 1
9 1
8 1
164 5
104 2
143 3
51 1
24 9
183 5
66 1
45 9
56 9
155 7
71 1
134 10
21 5
163 7
77 1
7 9
196 4
163 4
155 4
151 4
144 4
143 4
137 4
134 4
112 4
111 4
104 4
102 4
101 4
90 4
77 4
71 4
69 4
66 4
53 4
51 4
44 4
38 4
34 4
32 4
21 4
12 4
10 4
8 4
7 4
4 4
80 8
15 1
97 2
26 1
188 10
75 9
157 7
63 3
40 1
124 2
141 2
197 10
197 6
188 6
187 6
183 6
182 6
164 6
159 6
157 6
141 6
138 6
124 6
103 6
97 6
95 6
80 6
75 6
73 6
63 6
56 6
45 6
41 6
40 6
26 6
24 6
18 6
15 6
9 6
4 6
146 8
170 5
179 5
118 9
2 10
14 4
57 1
121 9
184 5
180 3
122 9
27 4
55 4
184 7
180 7
179 7
170 7
169 7
153 7
147 7
146 7
122 7
121 7
118 7
108 7
100 7
85 7
57 7
55 7
37 7
30 7
27 7
23 7
16 7
14 7
7 7
4 7
2 7
136 9
84 8
13 6
178 10
168 9
93 8
198 5
46 1
64 1
176 9
189 10
198 3
192 3
191 3
189 3
178 3
176 3
168 3
161 3
136 3
110 3
109 3
93 3
84 3
72 3
1 0
2 0
64 3
62 3
47 3
46 3
20 3
13 3
9 3
8 3
6 3
4 3
88 1
74 6
49 4
50 4
76 6
98 1
94 6
61 4
177 8
167 8
133 8
120 8
114 8
98 8
94 8
88 8
87 8
76 8
74 8
61 8
59 8
50 8
49 8
29 8
25 8
15 8
10 8
7 8
4 8
132 9
171 5
11 3
81 1
130 1
82 6
70 7
117 6
152 9
3 0
4 0
150 1
175 10
171 10
152 10
150 10
149 10
132 10
130 10
117 10
105 10
82 10
81 10
70 10
33 10
28 10
18 10
14 10
12 10
11 10
7 10
6 10
193 9
17 7
78 1
52 6
22 4
172 1
35 4
158 6
31 7
5 0
6 0
7 0
8 0
9 0
10 0
11 0
12 0
13 0
14 0
15 0
199 5
96 4
199 2
195 2
193 2
172 2
165 2
158 2
135 2
96 2
91 2
89 2
86 2
78 2
52 2
39 2
36 2
35 2
31 2
25 2
24 2
22 2
21 2
20 2
18 2
17 2
16 0
17 0
18 0
99 9
145 9
106 3
200 9
43 1
181 3
154 1
129 4
200 5
181 5
154 5
145 5
129 5
106 5
99 5
79 5
46 5
43 5
42 5
32 5
29 5
28 5
26 5
23 5
20 5
125 8
19 0
20 0
21 0
22 0
23 0
24 0
25 0
26 0
27 0
28 0
29 0
30 0
31 0
32 0
33 0
34 0
35 0
36 0
37 0
38 0
39 0
40 0
41 0
42 0
43 0
44 0
45 0
46 0
47 0
48 0
119 5
54 2
65 3
162 8
194 8
68 3
194 9
162 9
125 9
49 0
50 0
51 0
119 9
79 9
70 9
68 9
65 9
62 9
59 9
58 9
56 9
55 9
54 9
52 0
53 0
54 0
55 0
56 0
57 0
58 0
59 0
60 0
61 0
62 0
63 0
64 0
65 0
66 0
67 0
68 0
69 0
70 0
71 0
72 0
73 0
74 0
75 0
76 0
77 0
78 0
79 0
80 0
81 0
82 0
83 0
84 0
85 0
86 0
87 0
88 0
89 0
90 0
91 0
92 0
93 0
94 0
95 0
96 0
97 0
98 0
99 0
100 0
101 0
102 0
103 0
104 0
105 0
106 0
107 0
108 0
109 0
110 0
111 0
112 0
113 0
114 0
115 0
116 0
117 0
118 0
119 0
120 0
121 0
122 0
123 0
124 0
125 0
126 0
127 0
128 0
129 0
130 0
131 0
132 0
133 0
134 0
135 0
136 0
137 0
138 0
139 0
140 0
141 0
142 0
143 0
144 0
145 0
146 0
147 0
148 0
149 0
150 0
151 0
152 0
153 0
154 0
155 0
156 0
157 0
158 0
159 0
160 0
161 0
162 0
163 0
164 0
165 0
166 0
167 0
168 0
169 0
170 0
171 0
172 0
173 0
174 0
175 0
176 0
177 0
178 0
179 0
180 0
181 0
182 0
183 0
184 0
185 0
186 0
187 0
188 0
189 0
190 0
191 0
192 0
193 0
194 0
195 0
196 0
197 0
198 0
199 0
200 0
