194 4
19 1
19 10
94 3
133 7
139 7
184 9
122 2
137 2
183 7
162 2
34 10
171 2
29 3
38 10
78 6
52 10
99 6
96 5
140 8
157 8
194 1
184 1
183 1
176 1
171 1
162 1
157 1
141 1
140 1
139 1
137 1
133 1
127 1
122 1
117 1
112 1
100 1
99 1
98 1
97 1
96 1
78 1
76 1
73 1
68 1
52 1
38 1
37 1
34 1
29 1
28 1
19 1
8 1
2 1
182 10
25 1
195 10
152 6
193 9
199 4
70 5
71 5
104 3
4 9
18 9
47 1
178 7
26 9
92 5
63 1
74 1
199 8
198 8
195 8
182 8
178 8
173 8
167 8
152 8
144 8
130 8
114 8
109 8
104 8
101 8
94 8
92 8
86 8
77 8
74 8
71 8
70 8
63 8
59 8
49 8
47 8
39 8
35 8
26 8
25 8
18 8
13 8
4 8
2 8
158 6
156 3
174 6
33 1
120 10
142 10
22 8
138 7
164 3
161 10
10 5
55 1
160 7
150 1
193 4
188 4
174 4
169 4
164 4
161 4
160 4
158 4
156 4
150 4
142 4
138 4
126 4
120 4
116 4
85 4
80 4
57 4
55 4
33 4
32 4
27 4
22 4
16 4
10 4
8 4
3 4
2 4
102 10
107 10
168 7
196 9
9 8
129 3
163 6
128 10
5 4
191 5
72 1
62 8
84 1
200 9
200 2
196 2
191 2
181 2
175 2
168 2
166 2
163 2
145 2
129 2
128 2
121 2
115 2
107 2
102 2
84 2
82 2
72 2
69 2
62 2
48 2
30 2
19 2
9 2
5 2
4 2
2 2
125 10
36 1
81 1
186 5
103 3
23 8
110 3
118 3
108 1
58 8
24 4
56 4
186 7
180 7
165 7
147 7
131 7
125 7
119 7
118 7
110 7
108 7
103 7
93 7
83 7
81 7
67 7
58 7
56 7
50 7
36 7
31 7
28 7
24 7
23 7
13 7
12 7
3 7
2 7
190 3
153 10
42 1
123 6
179 10
75 1
135 6
197 3
124 1
146 5
197 9
190 9
189 9
179 9
153 9
148 9
146 9
143 9
135 9
124 9
123 9
75 9
61 9
54 9
46 9
45 9
42 9
29 9
18 9
8 9
4 9
2 9
79 5
6 2
51 1
20 4
177 3
90 5
136 5
154 5
106 1
95 8
187 6
177 6
154 6
136 6
106 6
95 6
91 6
90 6
79 6
66 6
60 6
51 6
44 6
34 6
25 6
21 6
20 6
17 6
15 6
10 6
6 6
5 6
3 6
2 6
192 3
111 1
132 1
14 7
11 2
134 1
170 10
155 1
192 5
170 5
155 5
151 5
149 5
134 5
132 5
111 5
65 5
37 5
26 5
16 5
14 5
12 5
11 5
9 5
4 5
2 5
105 1
41 8
113 1
7 6
89 8
159 1
64 4
185 10
159 10
113 10
105 10
89 10
88 10
64 10
53 10
43 10
1 0
2 0
41 10
38 10
35 10
22 10
19 10
13 10
8 10
7 10
3 0
4 0
5 0
6 0
7 0
8 0
9 0
10 0
11 0
12 0
13 0
14 0
15 0
16 0
17 0
18 0
19 0
20 0
21 0
22 0
23 0
24 0
25 0
26 0
27 0
28 0
29 0
30 0
31 0
32 0
33 0
34 0
35 0
36 0
37 0
38 0
39 0
172 5
87 4
40 0
41 0
42 0
43 0
44 0
45 0
46 0
47 0
48 0
49 0
50 0
51 0
52 0
53 0
54 0
172 3
87 3
55 0
56 0
57 0
58 0
59 0
60 0
61 0
62 0
63 0
64 0
65 0
66 0
67 0
68 0
69 0
70 0
71 0
72 0
73 0
74 0
75 0
76 0
77 0
78 0
79 0
80 0
81 0
82 0
83 0
84 0
85 0
86 0
87 0
88 0
89 0
90 0
91 0
92 0
93 0
94 0
95 0
96 0
97 0
98 0
99 0
100 0
101 0
102 0
103 0
104 0
105 0
106 0
107 0
108 0
109 0
110 0
111 0
112 0
113 0
114 0
115 0
116 0
117 0
118 0
119 0
120 0
121 0
122 0
123 0
124 0
125 0
126 0
127 0
128 0
129 0
130 0
131 0
132 0
133 0
134 0
135 0
136 0
137 0
138 0
139 0
140 0
141 0
142 0
143 0
144 0
145 0
146 0
147 0
148 0
149 0
150 0
151 0
152 0
153 0
154 0
155 0
156 0
157 0
158 0
159 0
160 0
161 0
162 0
163 0
164 0
165 0
166 0
167 0
168 0
169 0
170 0
171 0
172 0
173 0
174 0
175 0
176 0
177 0
178 0
179 0
180 0
181 0
182 0
183 0
184 0
185 0
186 0
187 0
188 0
189 0
190 0
191 0
192 0
193 0
194 0
195 0
196 0
197 0
198 0
199 0
200 0
