84 5
156 2
182 2
19 3
69 4
165 7
158 9
108 5
48 3
40 3
80 6
176 7
189 10
91 6
160 9
63 3
126 8
57 2
193 10
66 3
193 1
189 1
186 1
176 1
165 1
160 1
158 1
150 1
126 1
124 1
117 1
112 1
108 1
91 1
84 1
80 1
71 1
70 1
69 1
66 1
63 1
57 1
40 1
35 1
21 1
18 1
10 1
7 1
175 8
98 3
146 10
152 10
141 3
38 7
101 7
191 4
65 1
153 10
41 5
78 1
111 7
31 2
77 5
14 2
194 4
197 9
194 9
191 9
185 9
175 9
153 9
152 9
146 9
141 9
135 9
134 9
119 9
118 9
115 9
114 9
111 9
101 9
98 9
92 9
78 9
77 9
65 9
48 9
41 9
38 9
27 9
19 9
14 9
7 9
5 9
198 5
155 6
13 1
102 7
39 2
180 4
46 2
131 7
166 3
8 9
15 1
187 4
1 0
149 7
169 3
200 10
198 10
187 10
183 10
180 10
177 10
169 10
166 10
162 10
155 10
149 10
147 10
144 10
143 10
137 10
131 10
102 10
96 10
73 10
58 10
52 10
47 10
46 10
45 10
43 10
39 10
31 10
28 10
15 10
13 10
11 10
10 10
8 10
5 10
4 10
168 8
36 1
199 2
132 6
20 9
26 9
164 6
9 10
139 7
87 1
107 4
188 3
199 5
188 5
182 5
171 5
170 5
168 5
164 5
156 5
151 5
148 5
139 5
136 5
132 5
122 5
116 5
109 5
107 5
100 5
88 5
87 5
81 5
62 5
61 5
53 5
36 5
34 5
26 5
22 5
20 5
18 5
9 5
7 5
4 5
104 1
113 1
140 2
196 8
68 9
99 9
179 7
95 10
89 5
163 2
60 8
184 6
179 6
172 6
163 6
145 6
140 6
128 6
125 6
113 6
104 6
99 6
95 6
90 6
89 6
68 6
60 6
32 6
30 6
29 6
21 6
14 6
5 6
4 6
97 7
195 3
174 2
192 2
54 1
50 9
3 7
85 1
154 1
196 4
195 4
192 4
190 4
174 4
154 4
138 4
129 4
86 4
85 4
75 4
54 4
50 4
35 4
33 4
19 4
8 4
7 4
6 4
4 4
3 4
167 7
133 2
23 10
120 1
82 9
24 10
103 9
74 10
25 5
178 8
167 8
133 8
120 8
103 8
97 8
93 8
82 8
79 8
74 8
72 8
56 8
40 8
37 8
27 8
25 8
24 8
23 8
16 8
10 8
9 8
5 8
3 8
127 7
55 9
173 7
64 1
142 2
105 1
76 9
173 3
142 3
127 3
106 3
105 3
83 3
76 3
64 3
57 3
55 3
38 3
18 3
14 3
11 3
4 3
3 3
157 2
12 4
121 1
159 2
161 2
67 9
2 0
3 0
4 0
5 0
110 9
161 7
159 7
157 7
121 7
110 7
94 7
67 7
63 7
41 7
21 7
20 7
13 7
12 7
6 0
7 0
8 0
9 0
10 0
11 0
12 0
13 0
14 0
15 0
16 0
181 1
17 0
18 0
19 0
20 0
21 0
22 0
23 0
24 0
25 0
26 0
27 0
28 0
29 0
30 0
31 0
32 0
33 0
34 0
35 0
36 0
37 0
38 0
39 0
40 0
41 0
44 10
59 8
51 4
49 9
130 7
42 0
123 6
181 2
130 2
123 2
66 2
63 2
60 2
59 2
56 2
55 2
53 2
51 2
50 2
49 2
48 2
44 2
43 0
44 0
45 0
46 0
47 0
48 0
49 0
50 0
51 0
52 0
53 0
54 0
55 0
56 0
57 0
58 0
59 0
60 0
61 0
62 0
63 0
64 0
65 0
66 0
67 0
68 0
69 0
70 0
71 0
72 0
73 0
74 0
75 0
76 0
77 0
78 0
79 0
80 0
81 0
82 0
83 0
84 0
85 0
86 0
87 0
88 0
89 0
90 0
91 0
92 0
93 0
94 0
95 0
96 0
97 0
98 0
99 0
100 0
101 0
102 0
103 0
104 0
105 0
106 0
107 0
108 0
109 0
110 0
111 0
112 0
113 0
114 0
115 0
116 0
117 0
118 0
119 0
120 0
121 0
122 0
123 0
124 0
125 0
126 0
127 0
128 0
129 0
130 0
131 0
132 0
133 0
134 0
135 0
136 0
137 0
138 0
139 0
140 0
141 0
142 0
143 0
144 0
145 0
146 0
147 0
148 0
149 0
150 0
151 0
152 0
153 0
154 0
155 0
156 0
157 0
158 0
159 0
160 0
161 0
162 0
163 0
164 0
165 0
166 0
167 0
168 0
169 0
170 0
171 0
172 0
173 0
174 0
175 0
176 0
177 0
178 0
179 0
180 0
181 0
182 0
183 0
184 0
185 0
186 0
187 0
188 0
189 0
190 0
191 0
192 0
193 0
194 0
195 0
196 0
197 0
198 0
199 0
200 0
