71 3
148 7
191 5
196 4
10 1
10 2
156 7
197 4
59 8
149 6
123 9
6 8
97 10
55 2
101 10
7 8
49 8
133 9
63 2
13 10
129 3
197 1
196 1
195 1
191 1
156 1
155 1
149 1
148 1
146 1
134 1
133 1
129 1
125 1
123 1
110 1
76 1
71 1
63 1
55 1
49 1
34 1
33 1
20 1
13 1
10 1
7 1
6 1
2 1
159 7
42 1
44 1
105 10
119 2
193 6
61 8
186 9
180 7
74 8
183 7
178 3
121 2
141 2
113 10
162 2
199 4
193 4
188 4
186 4
183 4
180 4
179 4
178 4
162 4
159 4
151 4
144 4
142 4
141 4
121 4
119 4
116 4
113 4
107 4
105 4
101 4
97 4
91 4
86 4
78 4
74 4
73 4
67 4
61 4
59 4
50 4
44 4
42 4
36 4
30 4
29 4
17 4
3 4
2 4
165 7
166 7
51 1
54 1
84 1
170 7
160 9
167 9
56 4
88 1
18 7
19 7
32 7
112 6
81 4
189 3
184 3
167 3
160 3
136 3
128 3
127 3
126 3
122 3
115 3
112 3
98 3
88 3
85 3
84 3
81 3
56 3
54 3
51 3
32 3
19 3
18 3
11 3
6 3
2 3
194 2
176 7
99 9
62 1
93 1
5 4
140 6
37 4
198 2
16 3
109 9
106 1
38 4
46 4
198 5
194 5
181 5
177 5
176 5
170 5
168 5
166 5
165 5
153 5
145 5
140 5
138 5
132 5
109 5
106 5
99 5
95 5
93 5
79 5
65 5
62 5
58 5
46 5
38 5
37 5
22 5
16 5
15 5
7 5
5 5
3 5
2 5
154 8
118 7
92 10
23 4
190 8
104 10
9 3
87 6
64 4
117 10
135 7
169 9
163 7
190 2
169 2
163 2
154 2
150 2
147 2
135 2
118 2
117 2
111 2
104 2
92 2
87 2
68 2
64 2
35 2
28 2
23 2
17 2
10 2
9 2
6 2
2 2
185 8
26 1
48 4
130 7
100 4
57 1
72 1
77 1
66 3
21 5
192 8
143 7
192 6
185 6
172 6
164 6
161 6
143 6
130 6
114 6
102 6
100 6
96 6
77 6
72 6
66 6
57 6
48 6
29 6
26 6
24 6
21 6
13 6
11 6
3 6
2 6
82 4
200 8
174 9
25 1
80 1
4 6
137 4
124 1
131 1
200 10
182 10
174 10
157 10
139 10
137 10
131 10
124 10
108 10
82 10
80 10
30 10
25 10
20 10
18 10
14 10
12 10
8 10
1 0
6 10
5 10
4 10
2 0
3 0
4 0
5 0
6 0
7 0
8 0
9 0
10 0
11 0
12 0
13 0
14 0
15 0
16 0
17 0
18 0
19 0
20 0
21 0
22 0
23 0
24 0
25 0
26 0
158 7
41 5
152 5
53 4
60 4
31 10
43 1
173 9
158 9
152 9
90 9
83 9
27 0
28 0
29 0
60 9
53 9
48 9
43 9
41 9
40 9
37 9
36 9
35 9
33 9
32 9
31 9
30 0
31 0
32 0
33 0
34 0
35 0
36 0
37 0
38 0
175 8
69 2
75 2
120 10
187 8
94 2
187 7
175 7
120 7
103 7
94 7
80 7
75 7
70 7
69 7
64 7
57 7
51 7
49 7
46 7
42 7
40 7
171 10
39 0
40 0
41 0
42 0
43 0
44 0
52 4
45 0
46 0
47 0
48 0
49 0
89 2
171 8
89 8
82 8
68 8
66 8
58 8
55 8
54 8
53 8
52 8
50 0
51 0
52 0
53 0
54 0
55 0
56 0
57 0
58 0
59 0
60 0
61 0
62 0
63 0
64 0
65 0
66 0
67 0
68 0
69 0
70 0
71 0
72 0
73 0
74 0
75 0
76 0
77 0
78 0
79 0
80 0
81 0
82 0
83 0
84 0
85 0
86 0
87 0
88 0
89 0
90 0
91 0
92 0
93 0
94 0
95 0
96 0
97 0
98 0
99 0
100 0
101 0
102 0
103 0
104 0
105 0
106 0
107 0
108 0
109 0
110 0
111 0
112 0
113 0
114 0
115 0
116 0
117 0
118 0
119 0
120 0
121 0
122 0
123 0
124 0
125 0
126 0
127 0
128 0
129 0
130 0
131 0
132 0
133 0
134 0
135 0
136 0
137 0
138 0
139 0
140 0
141 0
142 0
143 0
144 0
145 0
146 0
147 0
148 0
149 0
150 0
151 0
152 0
153 0
154 0
155 0
156 0
157 0
158 0
159 0
160 0
161 0
162 0
163 0
164 0
165 0
166 0
167 0
168 0
169 0
170 0
171 0
172 0
173 0
174 0
175 0
176 0
177 0
178 0
179 0
180 0
181 0
182 0
183 0
184 0
185 0
186 0
187 0
188 0
189 0
190 0
191 0
192 0
193 0
194 0
195 0
196 0
197 0
198 0
199 0
200 0
