198 8
187 6
165 7
21 5
169 7
100 10
112 9
71 2
140 4
67 5
57 6
64 6
171 7
26 5
164 4
11 5
14 5
98 3
192 7
43 5
198 1
192 1
185 1
171 1
169 1
165 1
164 1
157 1
140 1
129 1
112 1
105 1
100 1
98 1
94 1
93 1
82 1
73 1
71 1
65 1
64 1
62 1
59 1
57 1
51 1
43 1
36 1
14 1
11 1
5 1
3 1
132 3
170 9
24 1
166 8
49 5
86 7
34 1
109 7
2 7
28 7
18 8
168 10
19 8
173 9
144 3
197 2
20 8
197 4
195 4
187 4
174 4
173 4
170 4
168 4
160 4
151 4
144 4
138 4
132 4
118 4
111 4
107 4
88 4
76 4
49 4
34 4
28 4
26 4
24 4
20 4
19 4
18 4
17 4
3 4
2 4
179 8
127 3
8 1
50 1
146 3
120 10
152 2
186 6
150 3
96 5
142 10
54 1
136 7
193 6
161 2
193 9
186 9
180 9
179 9
166 9
161 9
158 9
152 9
150 9
148 9
146 9
142 9
136 9
127 9
123 9
122 9
120 9
116 9
109 9
96 9
86 9
80 9
79 9
78 9
68 9
67 9
66 9
54 9
50 9
48 9
21 9
9 9
8 9
6 9
5 9
2 9
162 7
41 5
69 5
103 3
4 4
70 5
56 1
128 3
117 6
99 5
155 10
191 7
27 4
191 2
162 2
159 2
1 0
2 0
155 2
139 2
135 2
130 2
128 2
121 2
117 2
113 2
108 2
103 2
99 2
90 2
89 2
81 2
70 2
69 2
60 2
56 2
42 2
41 2
35 2
30 2
27 2
11 2
10 2
5 2
4 2
3 0
4 0
5 0
6 0
38 4
143 3
119 7
44 4
181 6
55 4
183 6
145 3
33 1
133 7
183 8
181 8
172 8
149 8
145 8
143 8
133 8
119 8
75 8
74 8
61 8
55 8
44 8
38 8
33 8
31 8
23 8
22 8
17 8
14 8
10 8
8 8
95 3
101 3
199 6
124 3
156 3
39 1
46 1
106 10
126 10
199 7
196 7
194 7
177 7
156 7
141 7
126 7
124 7
106 7
101 7
95 7
83 7
77 7
72 7
46 7
45 7
39 7
36 7
18 7
11 7
9 7
8 7
53 1
52 2
189 10
37 9
29 4
200 10
102 5
188 3
200 6
189 6
188 6
125 6
115 6
102 6
84 6
63 6
53 6
52 6
43 6
37 6
29 6
27 6
21 6
19 6
10 6
8 6
176 3
12 7
87 1
167 5
190 3
163 1
104 9
58 2
190 10
176 10
167 10
163 10
147 10
104 10
97 10
87 10
85 10
58 10
51 10
48 10
30 10
20 10
15 10
14 10
12 10
9 10
8 10
153 5
47 2
137 1
7 0
8 0
9 0
10 0
11 0
12 0
134 9
175 5
91 2
25 4
175 3
153 3
137 3
134 3
114 3
91 3
57 3
50 3
47 3
35 3
25 3
24 3
19 3
18 3
17 3
14 3
131 1
110 9
154 1
178 1
184 1
182 9
13 0
14 0
15 0
16 0
17 0
18 0
19 0
20 0
21 0
22 0
23 0
24 0
25 0
26 0
27 0
28 0
29 0
30 0
31 0
40 6
92 10
32 0
33 0
34 0
35 0
36 0
184 5
182 5
178 5
154 5
131 5
110 5
92 5
59 5
54 5
49 5
48 5
47 5
41 5
40 5
37 0
38 0
39 0
40 0
41 0
42 0
43 0
44 0
45 0
46 0
47 0
48 0
49 0
50 0
51 0
52 0
53 0
54 0
55 0
56 0
57 0
58 0
59 0
60 0
61 0
62 0
63 0
64 0
65 0
66 0
67 0
68 0
69 0
70 0
71 0
72 0
73 0
74 0
75 0
76 0
77 0
78 0
79 0
80 0
81 0
82 0
83 0
84 0
85 0
86 0
87 0
88 0
89 0
90 0
91 0
92 0
93 0
94 0
95 0
96 0
97 0
98 0
99 0
100 0
101 0
102 0
103 0
104 0
105 0
106 0
107 0
108 0
109 0
110 0
111 0
112 0
113 0
114 0
115 0
116 0
117 0
118 0
119 0
120 0
121 0
122 0
123 0
124 0
125 0
126 0
127 0
128 0
129 0
130 0
131 0
132 0
133 0
134 0
135 0
136 0
137 0
138 0
139 0
140 0
141 0
142 0
143 0
144 0
145 0
146 0
147 0
148 0
149 0
150 0
151 0
152 0
153 0
154 0
155 0
156 0
157 0
158 0
159 0
160 0
161 0
162 0
163 0
164 0
165 0
166 0
167 0
168 0
169 0
170 0
171 0
172 0
173 0
174 0
175 0
176 0
177 0
178 0
179 0
180 0
181 0
182 0
183 0
184 0
185 0
186 0
187 0
188 0
189 0
190 0
191 0
192 0
193 0
194 0
195 0
196 0
197 0
198 0
199 0
200 0
