9 2
16 2
3 5
35 2
192 8
197 8
98 9
182 4
126 7
125 9
105 3
151 7
12 10
55 2
40 10
64 2
107 3
144 9
198 8
54 10
198 1
197 1
192 1
186 1
182 1
167 1
162 1
159 1
151 1
144 1
126 1
125 1
110 1
107 1
106 1
105 1
98 1
93 1
64 1
55 1
54 1
44 1
40 1
35 1
18 1
16 1
13 1
12 1
9 1
7 1
6 1
3 1
138 10
117 7
188 8
200 5
74 1
165 6
47 5
87 1
103 9
56 5
39 10
199 8
166 6
66 5
191 2
150 4
78 5
80 5
199 3
191 3
188 3
175 3
169 3
166 3
165 3
152 3
150 3
149 3
117 3
112 3
104 3
103 3
95 3
87 3
86 3
84 3
80 3
78 3
74 3
66 3
62 3
56 3
48 3
47 3
39 3
15 3
3 3
171 6
57 1
21 3
140 10
23 3
10 7
177 6
184 9
173 8
100 1
43 3
82 3
32 7
42 7
50 7
135 4
200 2
196 2
184 2
179 2
177 2
173 2
171 2
163 2
147 2
140 2
138 2
135 2
127 2
119 2
109 2
100 2
82 2
61 2
57 2
51 2
50 2
43 2
42 2
36 2
32 2
27 2
25 2
23 2
21 2
10 2
6 2
3 2
31 3
76 5
29 1
178 4
58 3
168 8
30 1
115 7
59 3
94 10
1 0
187 4
120 7
157 7
187 6
178 6
168 6
161 6
157 6
146 6
142 6
120 6
115 6
97 6
94 6
91 6
85 6
79 6
76 6
70 6
59 6
58 6
37 6
31 6
30 6
29 6
15 6
7 6
3 6
90 3
111 3
118 3
172 8
160 7
41 1
38 2
180 9
108 1
190 9
170 7
116 1
190 4
180 4
174 4
172 4
170 4
160 4
145 4
139 4
136 4
121 4
118 4
116 4
111 4
108 4
90 4
83 4
46 4
41 4
39 4
38 4
22 4
17 4
9 4
6 4
3 4
45 1
53 10
8 6
24 2
60 10
131 10
14 6
77 3
132 10
128 3
195 8
193 8
164 8
153 8
132 8
131 8
128 8
92 8
77 8
68 8
60 8
53 8
49 8
47 8
45 8
24 8
14 8
12 8
11 8
10 8
8 8
7 8
4 8
3 8
20 6
96 3
69 2
65 6
155 9
114 3
2 0
3 0
4 0
89 2
176 9
129 10
141 5
176 7
155 7
143 7
141 7
137 7
129 7
124 7
123 7
114 7
96 7
89 7
72 7
69 7
65 7
48 7
21 7
20 7
15 7
13 7
7 7
6 7
185 5
134 3
183 3
101 6
88 2
156 6
73 1
71 4
63 8
194 9
185 9
183 9
158 9
156 9
134 9
101 9
88 9
73 9
71 9
67 9
63 9
56 9
34 9
29 9
23 9
16 9
9 9
8 9
6 9
181 3
99 5
33 6
122 5
102 6
154 5
189 3
133 6
189 10
181 10
154 10
133 10
122 10
102 10
99 10
62 10
52 10
33 10
30 10
26 10
25 10
18 10
17 10
10 10
7 10
6 10
75 3
113 3
81 1
148 3
28 2
19 7
5 0
6 0
7 0
8 0
9 0
10 0
11 0
12 0
130 1
148 5
130 5
113 5
81 5
75 5
66 5
35 5
31 5
28 5
27 5
22 5
19 5
13 0
14 0
15 0
16 0
17 0
18 0
19 0
20 0
21 0
22 0
23 0
24 0
25 0
26 0
27 0
28 0
29 0
30 0
31 0
32 0
33 0
34 0
35 0
36 0
37 0
38 0
39 0
40 0
41 0
42 0
43 0
44 0
45 0
46 0
47 0
48 0
49 0
50 0
51 0
52 0
53 0
54 0
55 0
56 0
57 0
58 0
59 0
60 0
61 0
62 0
63 0
64 0
65 0
66 0
67 0
68 0
69 0
70 0
71 0
72 0
73 0
74 0
75 0
76 0
77 0
78 0
79 0
80 0
81 0
82 0
83 0
84 0
85 0
86 0
87 0
88 0
89 0
90 0
91 0
92 0
93 0
94 0
95 0
96 0
97 0
98 0
99 0
100 0
101 0
102 0
103 0
104 0
105 0
106 0
107 0
108 0
109 0
110 0
111 0
112 0
113 0
114 0
115 0
116 0
117 0
118 0
119 0
120 0
121 0
122 0
123 0
124 0
125 0
126 0
127 0
128 0
129 0
130 0
131 0
132 0
133 0
134 0
135 0
136 0
137 0
138 0
139 0
140 0
141 0
142 0
143 0
144 0
145 0
146 0
147 0
148 0
149 0
150 0
151 0
152 0
153 0
154 0
155 0
156 0
157 0
158 0
159 0
160 0
161 0
162 0
163 0
164 0
165 0
166 0
167 0
168 0
169 0
170 0
171 0
172 0
173 0
174 0
175 0
176 0
177 0
178 0
179 0
180 0
181 0
182 0
183 0
184 0
185 0
186 0
187 0
188 0
189 0
190 0
191 0
192 0
193 0
194 0
195 0
196 0
197 0
198 0
199 0
200 0
