120 3
56 8
96 9
62 8
190 4
166 7
80 8
25 6
176 10
20 1
20 6
191 4
104 9
161 3
184 10
64 6
53 6
73 6
44 6
12 4
146 9
194 1
192 1
1 0
184 1
176 1
167 1
166 1
161 1
149 1
147 1
146 1
123 1
120 1
104 1
96 1
95 1
85 1
83 1
80 1
69 1
67 1
62 1
56 1
44 1
22 1
12 1
124 8
3 9
41 1
193 4
157 7
172 10
130 8
141 8
18 9
195 4
106 6
140 5
63 1
75 1
128 6
111 1
28 9
195 2
193 2
191 2
190 2
187 2
172 2
170 2
163 2
157 2
148 2
141 2
140 2
130 2
128 2
124 2
122 2
114 2
111 2
107 2
106 2
82 2
75 2
73 2
63 2
53 2
48 2
41 2
40 2
33 2
30 2
28 2
19 2
18 2
12 2
3 2
136 9
168 9
24 1
197 3
151 6
185 4
127 10
4 2
60 1
91 1
156 6
21 2
112 1
74 2
199 5
197 5
185 5
178 5
177 5
171 5
168 5
156 5
151 5
136 5
127 5
116 5
112 5
97 5
93 5
91 5
74 5
66 5
64 5
60 5
42 5
32 5
24 5
22 5
21 5
20 5
8 5
4 5
3 5
78 7
54 1
173 8
9 5
189 3
182 8
165 4
5 4
86 7
79 1
154 9
144 7
84 1
189 10
186 10
182 10
173 10
154 10
144 10
143 10
100 10
87 10
86 10
84 10
79 10
78 10
70 10
54 10
44 10
38 10
25 10
12 10
9 10
5 10
3 10
174 4
77 1
115 7
10 5
71 2
180 4
153 8
145 6
113 1
188 4
16 5
155 8
35 5
102 2
188 3
180 3
174 3
165 3
155 3
153 3
145 3
137 3
135 3
132 3
129 3
115 3
113 3
105 3
102 3
101 3
77 3
72 3
71 3
58 3
56 3
55 3
52 3
35 3
31 3
29 3
18 3
16 3
10 3
4 3
3 3
159 7
108 9
99 1
196 8
131 9
110 1
46 6
13 5
88 6
117 1
134 9
150 9
196 4
181 4
159 4
150 4
134 4
131 4
126 4
117 4
110 4
108 4
99 4
90 4
88 4
62 4
61 4
46 4
39 4
19 4
13 4
8 4
5 4
3 4
179 6
200 6
183 9
109 1
14 10
65 2
23 5
118 1
175 8
98 2
2 0
3 0
4 0
5 0
200 7
183 7
179 7
175 7
169 7
158 7
138 7
118 7
109 7
98 7
94 7
67 7
65 7
50 7
37 7
28 7
23 7
20 7
17 7
14 7
10 7
9 7
8 7
57 9
198 6
36 2
68 9
92 1
89 9
133 1
6 0
11 7
198 8
133 8
119 8
92 8
89 8
69 8
68 8
57 8
47 8
7 0
43 8
36 8
30 8
21 8
16 8
13 8
12 8
11 8
8 0
9 0
10 0
11 0
12 0
13 0
14 0
76 2
51 10
125 6
160 6
15 0
16 0
17 0
18 0
19 0
20 0
21 0
22 0
23 0
24 0
26 6
49 4
139 1
139 9
80 9
76 9
51 9
25 0
26 0
49 9
39 9
38 9
33 9
32 9
30 9
29 9
28 9
160 1
125 4
103 10
164 1
162 4
121 10
152 10
27 0
28 0
29 0
30 0
31 0
32 0
33 0
142 5
81 2
34 0
35 0
36 0
37 0
38 0
39 0
59 3
45 8
164 6
162 6
160 6
152 6
142 6
125 6
121 6
103 6
83 6
81 6
40 0
41 0
42 0
60 6
59 6
52 6
50 6
49 6
48 6
46 6
45 6
43 0
44 0
45 0
46 0
47 0
48 0
49 0
50 0
51 0
52 0
53 0
54 0
55 0
56 0
57 0
58 0
59 0
60 0
61 0
62 0
63 0
64 0
65 0
66 0
67 0
68 0
69 0
70 0
71 0
72 0
73 0
74 0
75 0
76 0
77 0
78 0
79 0
80 0
81 0
82 0
83 0
84 0
85 0
86 0
87 0
88 0
89 0
90 0
91 0
92 0
93 0
94 0
95 0
96 0
97 0
98 0
99 0
100 0
101 0
102 0
103 0
104 0
105 0
106 0
107 0
108 0
109 0
110 0
111 0
112 0
113 0
114 0
115 0
116 0
117 0
118 0
119 0
120 0
121 0
122 0
123 0
124 0
125 0
126 0
127 0
128 0
129 0
130 0
131 0
132 0
133 0
134 0
135 0
136 0
137 0
138 0
139 0
140 0
141 0
142 0
143 0
144 0
145 0
146 0
147 0
148 0
149 0
150 0
151 0
152 0
153 0
154 0
155 0
156 0
157 0
158 0
159 0
160 0
161 0
162 0
163 0
164 0
165 0
166 0
167 0
168 0
169 0
170 0
171 0
172 0
173 0
174 0
175 0
176 0
177 0
178 0
179 0
180 0
181 0
182 0
183 0
184 0
185 0
186 0
187 0
188 0
189 0
190 0
191 0
192 0
193 0
194 0
195 0
196 0
197 0
198 0
199 0
200 0
