60 5
140 4
44 3
92 9
84 5
118 10
4 7
42 7
51 3
29 9
78 3
104 5
22 2
40 9
34 2
21 2
111 5
190 8
176 4
164 6
190 1
176 1
164 1
145 1
140 1
131 1
128 1
118 1
111 1
108 1
104 1
94 1
84 1
83 1
78 1
71 1
60 1
51 1
44 1
42 1
40 1
32 1
29 1
26 1
21 1
7 1
4 1
3 1
2 1
184 7
52 2
49 1
113 5
9 5
70 2
63 1
148 3
174 10
134 8
158 3
80 2
162 3
91 2
35 5
180 10
121 9
184 6
181 6
180 6
174 6
168 6
162 6
158 6
148 6
141 6
134 6
133 6
130 6
125 6
121 6
98 6
92 6
91 6
80 6
70 6
67 6
63 6
52 6
49 6
36 6
35 6
34 6
22 6
11 6
9 6
2 6
100 9
186 2
147 5
153 3
112 9
24 1
12 6
97 7
90 1
189 4
14 6
16 6
74 6
146 9
199 4
199 10
189 10
187 10
186 10
173 10
163 10
153 10
152 10
147 10
146 10
144 10
129 10
113 10
112 10
109 10
100 10
97 10
90 10
76 10
74 10
66 10
46 10
28 10
24 10
16 10
14 10
12 10
3 10
2 10
183 2
188 2
18 6
142 8
65 6
37 1
95 6
179 5
197 2
25 10
61 1
170 7
72 1
154 3
197 4
188 4
183 4
182 4
179 4
175 4
170 4
165 4
161 4
157 4
154 4
149 4
142 4
138 4
120 4
106 4
95 4
72 4
65 4
61 4
55 4
37 4
25 4
18 4
10 4
9 4
8 4
5 4
4 4
2 4
64 6
96 6
43 1
27 10
15 4
69 1
143 2
110 9
103 6
57 10
48 4
56 4
178 3
169 3
159 3
143 3
115 3
110 3
107 3
103 3
101 3
96 3
69 3
64 3
62 3
57 3
56 3
48 3
47 3
43 3
38 3
27 3
15 3
11 3
7 3
6 3
3 3
2 3
50 5
139 2
196 2
30 6
19 10
155 9
17 4
191 9
59 5
166 5
198 8
196 8
191 8
166 8
155 8
139 8
136 8
114 8
105 8
59 8
50 8
45 8
30 8
22 8
21 8
19 8
17 8
12 8
4 8
2 8
124 6
135 6
89 1
194 2
68 10
81 10
132 1
88 10
160 6
116 10
117 10
185 6
200 5
195 5
194 5
192 5
185 5
167 5
160 5
135 5
132 5
124 5
122 5
117 5
116 5
89 5
88 5
81 5
68 5
54 5
41 5
34 5
31 5
26 5
20 5
14 5
5 5
3 5
2 5
171 2
85 9
75 6
102 9
172 2
127 9
82 6
193 2
93 6
193 7
172 7
171 7
127 7
102 7
99 7
93 7
85 7
82 7
75 7
58 7
35 7
29 7
16 7
8 7
6 7
4 7
2 7
119 6
151 9
39 1
33 10
79 1
137 6
177 9
87 1
156 6
177 2
156 2
151 2
150 2
137 2
119 2
87 2
79 2
77 2
39 2
36 2
33 2
32 2
24 2
23 2
12 2
9 2
7 2
3 2
2 2
86 6
126 6
123 1
13 3
73 10
1 0
2 0
3 0
4 0
5 0
6 0
7 0
8 0
9 0
10 0
53 4
126 9
123 9
86 9
73 9
53 9
49 9
40 9
28 9
18 9
17 9
16 9
14 9
13 9
11 0
12 0
13 0
14 0
15 0
16 0
17 0
18 0
19 0
20 0
21 0
22 0
23 0
24 0
25 0
26 0
27 0
28 0
29 0
30 0
31 0
32 0
33 0
34 0
35 0
36 0
37 0
38 0
39 0
40 0
41 0
42 0
43 0
44 0
45 0
46 0
47 0
48 0
49 0
50 0
51 0
52 0
53 0
54 0
55 0
56 0
57 0
58 0
59 0
60 0
61 0
62 0
63 0
64 0
65 0
66 0
67 0
68 0
69 0
70 0
71 0
72 0
73 0
74 0
75 0
76 0
77 0
78 0
79 0
80 0
81 0
82 0
83 0
84 0
85 0
86 0
87 0
88 0
89 0
90 0
91 0
92 0
93 0
94 0
95 0
96 0
97 0
98 0
99 0
100 0
101 0
102 0
103 0
104 0
105 0
106 0
107 0
108 0
109 0
110 0
111 0
112 0
113 0
114 0
115 0
116 0
117 0
118 0
119 0
120 0
121 0
122 0
123 0
124 0
125 0
126 0
127 0
128 0
129 0
130 0
131 0
132 0
133 0
134 0
135 0
136 0
137 0
138 0
139 0
140 0
141 0
142 0
143 0
144 0
145 0
146 0
147 0
148 0
149 0
150 0
151 0
152 0
153 0
154 0
155 0
156 0
157 0
158 0
159 0
160 0
161 0
162 0
163 0
164 0
165 0
166 0
167 0
168 0
169 0
170 0
171 0
172 0
173 0
174 0
175 0
176 0
177 0
178 0
179 0
180 0
181 0
182 0
183 0
184 0
185 0
186 0
187 0
188 0
189 0
190 0
191 0
192 0
193 0
194 0
195 0
196 0
197 0
198 0
199 0
200 0
