174 5
135 2
173 6
196 5
161 9
80 8
20 10
46 10
70 3
30 7
164 9
55 10
45 7
169 9
74 3
5 8
97 3
59 10
199 5
125 3
199 1
196 1
174 1
173 1
169 1
164 1
161 1
158 1
149 1
147 1
136 1
135 1
125 1
99 1
97 1
88 1
74 1
70 1
60 1
59 1
55 1
54 1
1 0
46 1
45 1
30 1
20 1
6 1
5 1
153 2
194 9
77 1
104 7
73 9
43 2
68 2
87 8
197 10
152 5
191 4
82 1
24 9
26 9
94 8
195 4
32 9
51 9
197 3
195 3
191 3
180 3
178 3
171 3
152 3
114 3
105 3
104 3
94 3
87 3
86 3
83 3
82 3
80 3
77 3
76 3
75 3
68 3
62 3
51 3
43 3
42 3
37 3
36 3
32 3
26 3
24 3
9 3
5 3
96 5
157 2
50 1
117 8
16 3
165 2
182 2
170 8
52 1
106 7
159 7
53 1
23 3
101 5
189 2
189 4
182 4
170 4
165 4
159 4
157 4
153 4
127 4
117 4
113 4
106 4
101 4
98 4
96 4
89 4
2 0
73 4
67 4
65 4
53 4
52 4
50 4
49 4
31 4
23 4
16 4
10 4
6 4
5 4
69 1
58 3
200 9
137 7
21 4
95 2
145 7
66 3
28 4
116 2
61 4
34 6
35 6
200 5
194 5
190 5
175 5
172 5
163 5
145 5
137 5
129 5
119 5
116 5
95 5
85 5
69 5
66 5
61 5
58 5
35 5
34 5
33 5
28 5
21 5
20 5
19 5
9 5
7 5
5 5
138 7
140 7
102 1
8 4
134 1
156 7
12 4
103 2
187 6
146 1
11 5
122 2
142 2
193 10
187 10
185 10
167 10
156 10
154 10
146 10
143 10
142 10
140 10
138 10
134 10
130 10
128 10
122 10
115 10
103 10
102 10
57 10
30 10
27 10
25 10
24 10
18 10
13 10
12 10
11 10
8 10
6 10
5 10
92 1
184 2
120 1
166 8
64 3
72 3
17 4
56 4
144 9
48 5
100 3
121 1
188 6
184 6
166 6
162 6
151 6
144 6
126 6
121 6
120 6
110 6
100 6
92 6
78 6
72 6
64 6
56 6
48 6
45 6
44 6
26 6
17 6
14 6
10 6
7 6
5 6
84 1
15 5
47 3
141 1
93 3
177 9
71 4
160 2
41 5
186 7
177 7
168 7
160 7
155 7
141 7
124 7
93 7
84 7
71 7
47 7
46 7
41 7
39 7
38 7
32 7
22 7
16 7
15 7
9 7
6 7
5 7
139 1
40 3
107 3
81 4
176 2
132 3
133 3
108 4
181 8
176 8
150 8
148 8
139 8
133 8
132 8
108 8
107 8
90 8
81 8
54 8
40 8
36 8
29 8
23 8
19 8
8 8
7 8
5 8
63 1
123 1
3 0
79 3
109 3
183 2
112 3
183 9
179 9
4 0
5 0
6 0
7 0
8 0
9 0
10 0
11 0
12 0
13 0
14 0
15 0
16 0
17 0
18 0
19 0
20 0
21 0
22 0
23 0
24 0
25 0
26 0
27 0
28 0
29 0
30 0
31 0
32 0
33 0
34 0
35 0
36 0
123 9
112 9
109 9
91 9
79 9
37 0
38 0
39 0
40 0
41 0
42 0
43 0
44 0
45 0
46 0
47 0
48 0
49 0
50 0
51 0
52 0
53 0
54 0
71 9
65 9
63 9
55 0
56 0
57 0
58 0
59 0
60 0
61 0
62 0
63 0
64 0
65 0
66 0
67 0
68 0
69 0
70 0
71 0
72 0
73 0
74 0
75 0
76 0
77 0
78 0
79 0
80 0
81 0
82 0
83 0
84 0
85 0
86 0
87 0
88 0
89 0
90 0
91 0
92 0
93 0
94 0
95 0
96 0
97 0
98 0
99 0
100 0
101 0
102 0
103 0
104 0
105 0
106 0
107 0
108 0
109 0
110 0
111 0
112 0
113 0
114 0
115 0
116 0
117 0
131 4
118 0
119 0
120 0
121 0
122 0
123 0
124 0
125 0
126 0
198 9
192 3
198 2
192 2
179 2
152 2
144 2
141 2
135 2
132 2
131 2
127 0
128 0
129 0
130 0
131 0
132 0
133 0
134 0
135 0
136 0
137 0
138 0
139 0
140 0
141 0
142 0
143 0
144 0
145 0
146 0
147 0
148 0
149 0
150 0
151 0
152 0
153 0
154 0
155 0
156 0
157 0
158 0
159 0
160 0
161 0
162 0
163 0
164 0
165 0
166 0
167 0
168 0
169 0
170 0
171 0
172 0
173 0
174 0
175 0
176 0
177 0
178 0
179 0
180 0
181 0
182 0
183 0
184 0
185 0
186 0
187 0
188 0
189 0
190 0
191 0
192 0
193 0
194 0
195 0
196 0
197 0
198 0
199 0
200 0
