25 3
165 5
194 4
21 1
21 8
82 9
124 6
192 5
1 0
93 9
94 9
144 7
158 7
49 3
179 7
106 2
72 3
123 10
125 6
118 2
83 3
194 1
193 1
192 1
179 1
165 1
158 1
144 1
138 1
137 1
128 1
125 1
124 1
123 1
120 1
118 1
112 1
106 1
100 1
99 1
94 1
93 1
83 1
82 1
72 1
49 1
43 1
39 1
25 1
23 1
21 1
18 1
10 1
4 1
20 1
67 8
2 0
172 7
167 2
6 3
191 7
175 2
96 6
107 6
33 1
16 3
77 8
102 5
131 9
38 1
109 6
200 4
191 4
175 4
172 4
167 4
155 4
143 4
131 4
116 4
113 4
109 4
107 4
103 4
102 4
96 4
90 4
88 4
77 4
67 4
52 4
46 4
38 4
33 4
28 4
20 4
16 4
6 4
4 4
170 10
63 1
31 4
91 8
133 5
80 1
11 3
36 4
145 5
12 3
15 3
108 8
58 4
89 1
177 7
170 7
164 7
161 7
160 7
152 7
145 7
133 7
122 7
108 7
91 7
89 7
87 7
86 7
80 7
70 7
64 7
63 7
58 7
36 7
31 7
15 7
12 7
11 7
10 7
4 7
178 5
121 3
159 3
61 1
47 4
132 1
22 7
149 1
79 4
37 7
185 10
7 9
163 3
197 6
196 6
185 6
184 6
178 6
163 6
159 6
154 6
151 6
149 6
147 6
132 6
121 6
117 6
114 6
104 6
79 6
78 6
65 6
61 6
51 6
47 6
37 6
22 6
18 6
7 6
6 6
4 6
115 10
190 9
176 3
81 1
19 4
157 2
101 1
59 4
32 7
129 10
110 1
195 5
190 5
189 5
176 5
162 5
157 5
150 5
142 5
129 5
127 5
115 5
110 5
101 5
81 5
71 5
69 5
59 5
44 5
40 5
32 5
27 5
21 5
19 5
17 5
16 5
10 5
4 5
182 3
48 1
198 10
173 9
54 1
140 8
156 8
50 4
57 1
171 8
84 1
198 2
183 2
182 2
173 2
171 2
156 2
153 2
140 2
139 2
136 2
84 2
57 2
55 2
54 2
50 2
48 2
35 2
29 2
23 2
20 2
11 2
6 2
4 2
60 4
97 4
3 0
4 0
30 1
98 4
45 1
119 4
146 4
76 1
199 8
187 8
180 8
169 8
146 8
119 8
98 8
97 8
95 8
76 8
66 8
60 8
45 8
30 8
28 8
26 8
25 8
12 8
10 8
8 8
7 8
6 8
75 3
135 3
186 10
92 1
74 4
13 2
53 6
56 6
174 3
186 9
174 9
148 9
135 9
92 9
75 9
74 9
62 9
56 9
53 9
42 9
39 9
34 9
33 9
18 9
16 9
15 9
13 9
11 9
9 9
6 9
166 3
41 4
188 3
14 8
24 6
181 1
130 4
105 7
188 10
181 10
166 10
130 10
105 10
73 10
5 0
6 0
43 10
41 10
38 10
31 10
24 10
22 10
20 10
17 10
14 10
7 0
8 0
9 0
10 0
11 0
12 0
13 0
14 0
15 0
16 0
17 0
18 0
19 0
20 0
21 0
22 0
23 0
24 0
25 0
26 0
27 0
28 0
29 0
30 0
31 0
32 0
33 0
34 0
35 0
36 0
37 0
38 0
39 0
40 0
41 0
42 0
43 0
44 0
45 0
46 0
47 0
48 0
49 0
50 0
51 0
52 0
53 0
54 0
55 0
56 0
57 0
58 0
59 0
60 0
61 0
62 0
63 0
64 0
65 0
66 0
67 0
85 2
126 2
111 6
68 0
69 0
70 0
71 0
72 0
73 0
74 0
75 0
76 0
77 0
141 2
134 6
168 2
168 3
141 3
134 3
126 3
111 3
78 0
79 0
80 0
81 0
82 0
83 0
105 3
104 3
101 3
95 3
93 3
92 3
88 3
86 3
85 3
84 0
85 0
86 0
87 0
88 0
89 0
90 0
91 0
92 0
93 0
94 0
95 0
96 0
97 0
98 0
99 0
100 0
101 0
102 0
103 0
104 0
105 0
106 0
107 0
108 0
109 0
110 0
111 0
112 0
113 0
114 0
115 0
116 0
117 0
118 0
119 0
120 0
121 0
122 0
123 0
124 0
125 0
126 0
127 0
128 0
129 0
130 0
131 0
132 0
133 0
134 0
135 0
136 0
137 0
138 0
139 0
140 0
141 0
142 0
143 0
144 0
145 0
146 0
147 0
148 0
149 0
150 0
151 0
152 0
153 0
154 0
155 0
156 0
157 0
158 0
159 0
160 0
161 0
162 0
163 0
164 0
165 0
166 0
167 0
168 0
169 0
170 0
171 0
172 0
173 0
174 0
175 0
176 0
177 0
178 0
179 0
180 0
181 0
182 0
183 0
184 0
185 0
186 0
187 0
188 0
189 0
190 0
191 0
192 0
193 0
194 0
195 0
196 0
197 0
198 0
199 0
200 0
