51 2
153 9
62 2
130 10
132 10
58 3
24 7
116 5
147 10
199 9
7 1
7 2
141 5
4 1
4 2
193 10
121 6
184 5
148 6
191 5
197 10
36 7
199 1
197 1
193 1
191 1
184 1
153 1
148 1
147 1
141 1
132 1
130 1
121 1
116 1
111 1
100 1
91 1
80 1
77 1
58 1
47 1
36 1
24 1
18 1
17 1
9 1
4 1
3 1
97 4
103 4
82 7
167 5
187 5
21 8
117 9
64 8
61 2
155 9
57 1
8 8
84 7
139 4
85 7
115 10
190 5
179 9
192 6
190 6
187 6
179 6
167 6
155 6
143 6
139 6
135 6
117 6
115 6
113 6
107 6
103 6
97 6
95 6
94 6
85 6
84 6
82 6
67 6
66 6
61 6
57 6
44 6
32 6
8 6
7 6
3 6
88 8
83 2
92 8
145 7
114 8
11 1
56 1
93 2
60 1
152 10
90 1
122 8
123 8
49 6
27 3
27 9
120 2
185 3
173 3
152 3
150 3
145 3
123 3
122 3
120 3
114 3
108 3
93 3
92 3
90 3
88 3
83 3
64 3
62 3
60 3
56 3
51 3
49 3
45 3
33 3
27 3
25 3
22 3
21 3
20 3
16 3
11 3
4 3
3 3
2 3
72 10
13 1
89 2
133 2
52 1
43 6
63 1
175 7
98 10
125 10
99 1
119 1
177 7
126 10
198 5
183 5
177 5
175 5
156 5
134 5
133 5
126 5
125 5
119 5
104 5
99 5
98 5
96 5
89 5
87 5
72 5
70 5
63 5
55 5
52 5
46 5
43 5
39 5
15 5
13 5
9 5
7 5
2 5
194 8
174 2
69 1
149 4
140 10
178 2
118 1
172 9
41 6
151 4
188 2
54 6
171 4
194 7
188 7
182 7
178 7
174 7
172 7
171 7
165 7
154 7
151 7
149 7
140 7
136 7
1 0
2 0
3 0
4 0
118 7
102 7
73 7
69 7
54 7
50 7
41 7
17 7
11 7
8 7
7 7
200 8
129 10
110 6
68 1
81 1
138 10
14 5
38 3
79 3
101 1
40 5
28 7
109 1
200 4
186 4
162 4
160 4
157 4
138 4
129 4
110 4
109 4
105 4
101 4
81 4
79 4
68 4
40 4
38 4
34 4
32 4
28 4
23 4
18 4
16 4
14 4
9 4
7 4
75 6
131 10
196 9
5 0
146 10
161 10
78 6
189 2
124 6
128 6
166 10
196 8
189 8
181 8
180 8
169 8
166 8
161 8
159 8
146 8
131 8
128 8
124 8
106 8
78 8
75 8
71 8
44 8
29 8
24 8
20 8
13 8
12 8
8 8
7 8
76 6
195 10
163 2
176 2
137 6
59 1
144 6
26 3
195 9
176 9
164 9
163 9
144 9
142 9
137 9
112 9
76 9
59 9
57 9
36 9
31 9
26 9
21 9
19 9
15 9
11 9
9 9
7 9
168 6
48 1
127 1
74 5
10 8
6 0
7 0
170 2
168 2
127 2
74 2
61 2
53 2
48 2
47 2
42 2
39 2
22 2
17 2
14 2
10 2
8 0
9 0
10 0
11 0
12 0
13 0
14 0
15 0
16 0
17 0
18 0
19 0
20 0
21 0
22 0
23 0
24 0
25 0
26 0
27 0
28 0
29 0
86 6
37 3
35 4
30 0
31 0
65 1
158 6
158 10
86 10
66 10
65 10
58 10
44 10
43 10
41 10
39 10
37 10
36 10
35 10
32 0
33 0
34 0
35 0
36 0
37 0
38 0
39 0
40 0
41 0
42 0
43 0
44 0
45 0
46 0
47 0
48 0
49 0
50 0
51 0
52 0
53 0
54 0
55 0
56 0
57 0
58 0
59 0
60 0
61 0
62 0
63 0
64 0
65 0
66 0
67 0
68 0
69 0
70 0
71 0
72 0
73 0
74 0
75 0
76 0
77 0
78 0
79 0
80 0
81 0
82 0
83 0
84 0
85 0
86 0
87 0
88 0
89 0
90 0
91 0
92 0
93 0
94 0
95 0
96 0
97 0
98 0
99 0
100 0
101 0
102 0
103 0
104 0
105 0
106 0
107 0
108 0
109 0
110 0
111 0
112 0
113 0
114 0
115 0
116 0
117 0
118 0
119 0
120 0
121 0
122 0
123 0
124 0
125 0
126 0
127 0
128 0
129 0
130 0
131 0
132 0
133 0
134 0
135 0
136 0
137 0
138 0
139 0
140 0
141 0
142 0
143 0
144 0
145 0
146 0
147 0
148 0
149 0
150 0
151 0
152 0
153 0
154 0
155 0
156 0
157 0
158 0
159 0
160 0
161 0
162 0
163 0
164 0
165 0
166 0
167 0
168 0
169 0
170 0
171 0
172 0
173 0
174 0
175 0
176 0
177 0
178 0
179 0
180 0
181 0
182 0
183 0
184 0
185 0
186 0
187 0
188 0
189 0
190 0
191 0
192 0
193 0
194 0
195 0
196 0
197 0
198 0
199 0
200 0
