94 2
197 9
139 5
100 2
142 5
196 8
30 6
15 6
27 6
200 9
19 7
82 10
178 5
105 3
41 6
16 2
191 5
65 6
10 5
34 7
200 1
197 1
196 1
168 1
158 1
155 1
106 1
105 1
103 1
86 1
82 1
73 1
69 1
65 1
58 1
41 1
38 1
34 1
27 1
19 1
16 1
15 1
12 1
10 1
107 2
74 6
53 1
154 9
37 5
166 9
95 6
149 7
11 8
11 9
169 7
21 9
164 10
17 5
70 1
102 6
3 5
183 8
182 8
169 8
164 8
149 8
128 8
124 8
114 8
107 8
102 8
100 8
95 8
94 8
91 8
74 8
70 8
53 8
50 8
33 8
30 8
24 8
21 8
11 8
10 8
3 8
2 8
78 5
14 1
171 7
187 7
181 9
199 4
67 1
59 10
32 8
31 3
31 5
126 6
98 1
153 2
108 1
57 8
76 10
199 3
193 3
187 3
181 3
171 3
167 3
166 3
154 3
153 3
146 3
134 3
1 0
126 3
118 3
108 3
98 3
81 3
76 3
67 3
59 3
57 3
45 3
32 3
2 0
3 0
31 3
22 3
14 3
12 3
10 3
8 3
150 6
152 6
123 10
138 10
61 1
40 8
96 5
136 5
63 1
42 8
160 6
39 3
88 1
35 10
195 4
177 4
165 4
160 4
152 4
150 4
136 4
117 4
113 4
96 4
89 4
88 4
87 4
78 4
63 4
61 4
42 4
40 4
39 4
35 4
17 4
15 4
11 4
9 4
8 4
194 6
23 8
66 5
97 5
93 8
133 7
156 10
137 7
189 10
170 7
190 10
185 7
6 6
120 5
190 2
189 2
185 2
170 2
156 2
138 2
137 2
133 2
123 2
122 2
121 2
120 2
112 2
97 2
93 2
80 2
66 2
37 2
23 2
21 2
16 2
13 2
10 2
8 2
6 2
116 8
64 1
162 7
49 3
51 3
5 7
52 3
104 1
176 8
163 1
72 3
7 2
194 9
191 9
186 9
178 9
176 9
163 9
145 9
143 9
142 9
139 9
125 9
116 9
111 9
104 9
72 9
64 9
56 9
52 9
51 9
49 9
44 9
24 9
19 9
12 9
9 9
7 9
6 9
5 9
132 8
29 1
83 1
179 7
174 5
55 3
79 3
198 6
175 5
110 1
198 10
188 10
179 10
175 10
174 10
162 10
159 10
147 10
135 10
132 10
129 10
115 10
110 10
85 10
83 10
79 10
68 10
55 10
54 10
30 10
29 10
27 10
14 10
11 10
8 10
5 10
92 1
28 3
90 8
48 3
47 4
119 1
192 5
184 6
127 1
172 1
192 7
184 7
172 7
144 7
131 7
127 7
119 7
101 7
92 7
90 7
48 7
47 7
34 7
33 7
28 7
22 7
20 7
15 7
10 7
6 7
5 7
26 4
157 8
25 2
4 0
5 0
6 0
7 0
8 0
9 0
10 0
11 0
12 0
180 5
130 1
141 1
46 3
62 3
18 7
161 8
180 6
173 6
161 6
157 6
141 6
140 6
130 6
62 6
50 6
46 6
43 6
38 6
31 6
26 6
25 6
13 0
14 0
19 6
18 6
15 0
16 0
17 0
18 0
19 0
20 0
21 0
22 0
23 0
24 0
25 0
26 0
27 0
28 0
29 0
30 0
31 0
32 0
33 0
34 0
35 0
77 10
99 10
84 8
60 7
109 10
71 7
36 0
37 0
38 0
39 0
40 0
41 0
42 0
43 0
44 0
45 0
46 0
75 7
148 10
151 10
151 5
148 5
109 5
99 5
84 5
77 5
75 5
71 5
66 5
61 5
60 5
47 0
48 0
49 0
50 0
51 0
52 0
53 0
54 0
55 0
56 0
57 0
58 0
59 0
60 0
61 0
62 0
63 0
64 0
65 0
66 0
67 0
68 0
69 0
70 0
71 0
72 0
73 0
74 0
75 0
76 0
77 0
78 0
79 0
80 0
81 0
82 0
83 0
84 0
85 0
86 0
87 0
88 0
89 0
90 0
91 0
92 0
93 0
94 0
95 0
96 0
97 0
98 0
99 0
100 0
101 0
102 0
103 0
104 0
105 0
106 0
107 0
108 0
109 0
110 0
111 0
112 0
113 0
114 0
115 0
116 0
117 0
118 0
119 0
120 0
121 0
122 0
123 0
124 0
125 0
126 0
127 0
128 0
129 0
130 0
131 0
132 0
133 0
134 0
135 0
136 0
137 0
138 0
139 0
140 0
141 0
142 0
143 0
144 0
145 0
146 0
147 0
148 0
149 0
150 0
151 0
152 0
153 0
154 0
155 0
156 0
157 0
158 0
159 0
160 0
161 0
162 0
163 0
164 0
165 0
166 0
167 0
168 0
169 0
170 0
171 0
172 0
173 0
174 0
175 0
176 0
177 0
178 0
179 0
180 0
181 0
182 0
183 0
184 0
185 0
186 0
187 0
188 0
189 0
190 0
191 0
192 0
193 0
194 0
195 0
196 0
197 0
198 0
199 0
200 0
