81 6
156 5
166 5
97 2
61 9
172 7
57 4
4 2
32 2
39 2
134 10
165 10
181 7
122 6
118 9
171 5
175 5
114 4
87 2
46 8
192 1
181 1
175 1
172 1
171 1
170 1
166 1
165 1
156 1
146 1
134 1
133 1
129 1
126 1
122 1
118 1
114 1
87 1
81 1
80 1
79 1
70 1
65 1
63 1
61 1
57 1
55 1
46 1
40 1
39 1
32 1
20 1
11 1
9 1
4 1
107 2
13 1
136 2
110 7
186 10
113 7
191 10
143 6
21 1
141 2
47 1
76 9
82 9
98 9
135 7
168 4
191 5
186 5
185 5
184 5
180 5
168 5
167 5
143 5
141 5
138 5
136 5
135 5
117 5
113 5
112 5
111 5
110 5
107 5
98 5
97 5
90 5
82 5
76 5
72 5
67 5
47 5
45 5
34 5
31 5
27 5
26 5
23 5
21 5
13 5
4 5
84 7
69 10
94 7
60 1
78 10
52 5
162 4
200 2
38 9
51 9
139 7
149 7
17 4
59 5
200 3
190 3
187 3
169 3
149 3
139 3
131 3
119 3
94 3
84 3
78 3
69 3
60 3
59 3
52 3
51 3
49 3
38 3
36 3
30 3
1 0
29 3
17 3
16 3
9 3
4 3
3 3
189 9
116 8
105 5
115 5
144 8
71 1
161 7
53 3
183 6
92 1
89 3
177 4
197 10
189 10
183 10
177 10
176 10
174 10
162 10
161 10
155 10
145 10
144 10
116 10
115 10
105 10
104 10
101 10
92 10
89 10
71 10
58 10
53 10
48 10
13 10
12 10
11 10
6 10
3 10
19 3
68 5
86 5
102 5
109 5
18 10
25 1
148 4
159 7
77 1
128 5
83 1
188 6
182 6
178 6
159 6
153 6
148 6
132 6
128 6
127 6
124 6
109 6
102 6
86 6
83 6
77 6
68 6
64 6
62 6
42 6
37 6
25 6
21 6
20 6
19 6
18 6
5 6
4 6
3 6
100 1
147 4
54 5
14 3
198 8
106 1
125 7
96 5
142 7
121 1
198 2
163 2
150 2
147 2
142 2
130 2
125 2
121 2
108 2
106 2
100 2
96 2
93 2
73 2
54 2
32 2
23 2
15 2
14 2
9 2
6 2
3 2
154 4
179 9
33 5
10 6
164 4
41 1
28 3
88 1
195 9
195 7
179 7
173 7
164 7
154 7
152 7
137 7
120 7
88 7
75 7
50 7
41 7
39 7
33 7
28 7
26 7
16 7
11 7
10 7
7 7
4 7
3 7
85 1
24 3
74 5
151 1
43 3
99 5
193 4
193 9
160 9
157 9
151 9
99 9
85 9
74 9
43 9
40 9
27 9
24 9
17 9
12 9
6 9
5 9
3 9
199 4
35 5
95 1
8 7
140 1
2 0
3 0
56 5
199 8
196 8
140 8
123 8
95 8
66 8
56 8
46 8
35 8
31 8
29 8
18 8
13 8
9 8
8 8
4 0
5 0
6 0
7 0
8 0
9 0
10 0
11 0
12 0
13 0
14 0
15 0
16 0
17 0
18 0
19 0
20 0
21 0
158 1
103 10
91 5
44 3
194 1
22 0
23 0
24 0
25 0
26 0
27 0
28 0
29 0
194 4
158 4
103 4
91 4
55 4
48 4
44 4
30 0
31 0
32 0
33 0
34 0
35 0
36 0
37 0
38 0
39 0
40 0
41 0
42 0
43 0
44 0
45 0
46 0
47 0
48 0
49 0
50 0
51 0
52 0
53 0
54 0
55 0
56 0
57 0
58 0
59 0
60 0
61 0
62 0
63 0
64 0
65 0
66 0
67 0
68 0
69 0
70 0
71 0
72 0
73 0
74 0
75 0
76 0
77 0
78 0
79 0
80 0
81 0
82 0
83 0
84 0
85 0
86 0
87 0
88 0
89 0
90 0
91 0
92 0
93 0
94 0
95 0
96 0
97 0
98 0
99 0
100 0
101 0
102 0
103 0
104 0
105 0
106 0
107 0
108 0
109 0
110 0
111 0
112 0
113 0
114 0
115 0
116 0
117 0
118 0
119 0
120 0
121 0
122 0
123 0
124 0
125 0
126 0
127 0
128 0
129 0
130 0
131 0
132 0
133 0
134 0
135 0
136 0
137 0
138 0
139 0
140 0
141 0
142 0
143 0
144 0
145 0
146 0
147 0
148 0
149 0
150 0
151 0
152 0
153 0
154 0
155 0
156 0
157 0
158 0
159 0
160 0
161 0
162 0
163 0
164 0
165 0
166 0
167 0
168 0
169 0
170 0
171 0
172 0
173 0
174 0
175 0
176 0
177 0
178 0
179 0
180 0
181 0
182 0
183 0
184 0
185 0
186 0
187 0
188 0
189 0
190 0
191 0
192 0
193 0
194 0
195 0
196 0
197 0
198 0
199 0
200 0
