142 10
72 3
65 5
88 4
195 2
2 1
2 7
187 8
60 7
144 10
21 3
168 10
189 8
180 10
56 3
57 3
177 9
127 6
80 5
14 6
200 2
200 1
195 1
192 1
189 1
187 1
180 1
177 1
168 1
147 1
144 1
142 1
133 1
125 1
111 1
88 1
83 1
80 1
79 1
65 1
60 1
57 1
56 1
49 1
43 1
21 1
14 1
8 1
2 1
97 8
29 1
54 1
116 7
108 8
119 7
22 3
87 5
93 5
173 4
98 5
140 2
82 9
143 2
27 3
51 3
94 9
173 10
169 10
143 10
140 10
132 10
127 10
124 10
119 10
116 10
108 10
104 10
98 10
97 10
95 10
94 10
93 10
87 10
82 10
77 10
69 10
54 10
51 10
29 10
27 10
22 10
20 10
19 10
18 10
2 10
122 4
4 10
199 6
184 2
136 5
99 3
150 7
120 3
172 7
37 1
163 8
154 5
146 4
155 5
15 10
23 10
199 9
184 9
172 9
163 9
157 9
156 9
155 9
154 9
150 9
148 9
146 9
139 9
136 9
134 9
122 9
120 9
105 9
99 9
72 9
37 9
24 9
23 9
15 9
8 9
5 9
4 9
2 9
138 3
183 4
176 2
90 10
62 1
46 9
96 10
59 9
129 10
58 5
126 1
67 9
135 10
109 9
193 8
183 8
179 8
176 8
174 8
166 8
141 8
138 8
135 8
129 8
126 8
109 8
106 8
96 8
91 8
90 8
84 8
81 8
67 8
62 8
59 8
58 8
46 8
45 8
18 8
14 8
7 8
2 8
181 4
118 3
85 6
161 3
35 1
186 7
115 6
41 1
11 9
9 8
112 1
151 6
171 3
190 2
186 2
182 2
181 2
171 2
161 2
151 2
130 2
118 2
115 2
112 2
110 2
85 2
74 2
68 2
52 2
42 2
41 2
35 2
25 2
21 2
19 2
16 2
11 2
9 2
4 2
2 2
196 5
162 3
48 1
178 3
32 10
17 8
71 6
55 1
149 7
39 10
102 6
117 6
10 9
196 4
178 4
162 4
149 4
145 4
131 4
123 4
117 4
102 4
71 4
61 4
55 4
48 4
44 4
43 4
39 4
32 4
20 4
17 4
10 4
7 4
5 4
2 4
160 7
53 1
36 10
164 7
12 9
197 7
152 6
191 6
38 10
73 3
26 8
107 3
197 5
191 5
164 5
160 5
152 5
128 5
107 5
73 5
70 5
64 5
63 5
53 5
50 5
49 5
47 5
38 5
36 5
26 5
22 5
14 5
12 5
8 5
4 5
2 5
165 3
66 1
137 6
170 3
194 3
89 1
167 6
78 10
75 8
3 5
194 7
170 7
167 7
165 7
137 7
100 7
92 7
89 7
78 7
75 7
66 7
56 7
30 7
27 7
18 7
15 7
9 7
5 7
3 7
2 7
198 3
40 10
28 9
188 1
153 8
76 10
113 10
159 8
101 9
13 2
198 6
188 6
159 6
158 6
153 6
121 6
113 6
101 6
76 6
57 6
45 6
40 6
29 6
28 6
23 6
13 6
11 6
7 6
6 6
1 0
2 0
3 0
4 0
5 0
6 0
7 0
8 0
9 0
10 0
11 0
12 0
13 0
14 0
15 0
16 0
17 0
18 0
19 0
20 0
21 0
22 0
23 0
24 0
25 0
26 0
27 0
28 0
29 0
30 0
103 1
31 0
32 0
33 0
34 0
35 0
36 0
37 0
38 0
39 0
40 0
41 0
42 0
43 0
44 0
45 0
46 0
47 0
48 0
49 0
50 0
51 0
52 0
53 0
54 0
55 0
56 0
57 0
58 0
59 0
114 1
175 1
86 6
185 1
185 3
175 3
114 3
103 3
60 0
61 0
62 0
63 0
64 0
65 0
66 0
67 0
68 0
69 0
70 0
71 0
72 0
73 0
74 0
75 0
102 3
99 3
86 3
76 0
77 0
78 0
79 0
80 0
81 0
82 0
83 0
84 0
85 0
86 0
87 0
88 0
89 0
90 0
91 0
92 0
93 0
94 0
95 0
96 0
97 0
98 0
99 0
100 0
101 0
102 0
103 0
104 0
105 0
106 0
107 0
108 0
109 0
110 0
111 0
112 0
113 0
114 0
115 0
116 0
117 0
118 0
119 0
120 0
121 0
122 0
123 0
124 0
125 0
126 0
127 0
128 0
129 0
130 0
131 0
132 0
133 0
134 0
135 0
136 0
137 0
138 0
139 0
140 0
141 0
142 0
143 0
144 0
145 0
146 0
147 0
148 0
149 0
150 0
151 0
152 0
153 0
154 0
155 0
156 0
157 0
158 0
159 0
160 0
161 0
162 0
163 0
164 0
165 0
166 0
167 0
168 0
169 0
170 0
171 0
172 0
173 0
174 0
175 0
176 0
177 0
178 0
179 0
180 0
181 0
182 0
183 0
184 0
185 0
186 0
187 0
188 0
189 0
190 0
191 0
192 0
193 0
194 0
195 0
196 0
197 0
198 0
199 0
200 0
