31 7
117 3
128 5
164 8
76 10
180 6
120 3
83 10
187 6
61 2
5 5
25 5
86 10
47 7
26 5
194 6
44 5
158 4
145 3
156 3
195 1
194 1
187 1
180 1
171 1
164 1
159 1
158 1
156 1
147 1
145 1
120 1
117 1
86 1
83 1
76 1
75 1
67 1
63 1
61 1
47 1
44 1
43 1
40 1
31 1
28 1
26 1
25 1
22 1
5 1
4 1
178 2
27 1
110 3
68 7
104 10
179 2
200 8
78 7
41 1
167 9
7 6
16 6
185 2
39 6
197 2
129 5
135 5
183 9
200 4
197 4
191 4
185 4
183 4
179 4
178 4
167 4
148 4
146 4
135 4
129 4
128 4
119 4
110 4
104 4
97 4
94 4
78 4
77 4
74 4
72 4
68 4
64 4
52 4
41 4
39 4
27 4
24 4
23 4
20 4
19 4
18 4
16 4
7 4
4 4
107 2
125 6
55 7
11 1
132 6
126 2
168 3
161 6
151 2
192 9
100 5
87 8
89 8
144 5
198 9
198 10
192 10
174 10
168 10
161 10
151 10
144 10
138 10
132 10
126 10
125 10
122 10
107 10
103 10
100 10
99 10
89 10
87 10
85 10
55 10
48 10
46 10
38 10
11 10
5 10
4 10
3 10
90 6
115 6
175 7
95 1
37 4
81 4
152 6
153 6
123 1
88 4
96 4
49 10
12 6
36 6
193 2
190 2
188 2
182 2
175 2
162 2
123 2
96 2
95 2
92 2
88 2
81 2
49 2
45 2
37 2
36 2
35 2
34 2
22 2
21 2
15 2
13 2
12 2
8 2
7 2
3 2
69 1
109 9
139 9
62 4
84 7
149 9
79 1
54 10
66 4
155 6
10 2
134 7
199 5
169 5
155 5
153 5
152 5
149 5
139 5
134 5
130 5
115 5
109 5
91 5
90 5
84 5
79 5
70 5
69 5
66 5
65 5
62 5
58 5
56 5
54 5
25 5
16 5
10 5
9 5
6 5
4 5
3 5
108 1
29 4
2 6
111 1
53 4
173 9
59 4
113 1
181 9
105 4
131 1
189 3
186 3
184 3
181 3
173 3
154 3
133 3
131 3
121 3
118 3
113 3
111 3
108 3
105 3
59 3
53 3
50 3
30 3
29 3
26 3
18 3
14 3
7 3
5 3
3 3
2 3
116 1
33 4
170 6
106 4
140 7
1 0
2 0
3 0
4 0
5 0
6 0
7 0
8 0
9 0
10 0
11 0
12 0
13 0
14 0
15 0
16 0
60 10
176 6
176 8
170 8
166 8
143 8
140 8
127 8
124 8
116 8
114 8
106 8
98 8
60 8
38 8
33 8
28 8
25 8
21 8
19 8
18 8
150 6
73 5
136 5
32 1
42 1
157 6
160 9
157 9
150 9
137 9
136 9
80 9
73 9
71 9
54 9
46 9
42 9
32 9
31 9
26 9
22 9
20 9
18 9
172 6
165 5
101 10
177 6
57 1
177 7
172 7
165 7
141 7
101 7
57 7
56 7
48 7
40 7
34 7
29 7
23 7
19 7
18 7
163 5
93 10
51 1
17 0
18 0
19 0
20 0
21 0
22 0
23 0
24 0
25 0
26 0
27 0
28 0
29 0
30 0
31 0
32 0
33 0
34 0
35 0
36 0
37 0
38 0
39 0
40 0
41 0
42 0
142 10
112 8
102 4
196 5
82 1
196 6
163 6
142 6
112 6
102 6
93 6
82 6
60 6
58 6
55 6
52 6
51 6
43 0
44 0
45 0
46 0
47 0
48 0
49 0
50 0
51 0
52 0
53 0
54 0
55 0
56 0
57 0
58 0
59 0
60 0
61 0
62 0
63 0
64 0
65 0
66 0
67 0
68 0
69 0
70 0
71 0
72 0
73 0
74 0
75 0
76 0
77 0
78 0
79 0
80 0
81 0
82 0
83 0
84 0
85 0
86 0
87 0
88 0
89 0
90 0
91 0
92 0
93 0
94 0
95 0
96 0
97 0
98 0
99 0
100 0
101 0
102 0
103 0
104 0
105 0
106 0
107 0
108 0
109 0
110 0
111 0
112 0
113 0
114 0
115 0
116 0
117 0
118 0
119 0
120 0
121 0
122 0
123 0
124 0
125 0
126 0
127 0
128 0
129 0
130 0
131 0
132 0
133 0
134 0
135 0
136 0
137 0
138 0
139 0
140 0
141 0
142 0
143 0
144 0
145 0
146 0
147 0
148 0
149 0
150 0
151 0
152 0
153 0
154 0
155 0
156 0
157 0
158 0
159 0
160 0
161 0
162 0
163 0
164 0
165 0
166 0
167 0
168 0
169 0
170 0
171 0
172 0
173 0
174 0
175 0
176 0
177 0
178 0
179 0
180 0
181 0
182 0
183 0
184 0
185 0
186 0
187 0
188 0
189 0
190 0
191 0
192 0
193 0
194 0
195 0
196 0
197 0
198 0
199 0
200 0
