196 8
73 6
164 3
43 6
189 3
159 2
16 9
77 6
131 4
5 6
91 9
84 6
52 9
71 9
33 5
50 5
133 4
82 9
176 2
83 9
196 1
189 1
184 1
176 1
164 1
159 1
153 1
133 1
131 1
120 1
115 1
112 1
102 1
84 1
83 1
82 1
71 1
52 1
50 1
33 1
25 1
23 1
17 1
5 1
56 1
72 1
58 3
58 4
118 5
59 4
141 2
174 8
136 5
137 5
12 3
12 7
65 4
47 7
94 9
163 10
191 8
124 9
142 2
27 5
191 3
174 3
167 3
163 3
148 3
142 3
141 3
124 3
122 3
94 3
91 3
77 3
72 3
67 3
65 3
59 3
58 3
56 3
47 3
45 3
43 3
31 3
27 3
16 3
12 3
5 3
36 1
190 5
9 3
29 3
200 7
39 1
13 2
44 1
171 9
140 6
30 3
4 6
128 10
51 1
180 9
129 10
200 8
194 8
192 8
190 8
186 8
180 8
171 8
152 8
137 8
136 8
134 8
129 8
128 8
118 8
116 8
105 8
104 8
63 8
51 8
44 8
39 8
37 8
36 8
32 8
30 8
29 8
17 8
14 8
13 8
9 8
6 8
1 0
5 8
4 8
26 1
193 10
106 5
79 7
2 0
28 1
151 6
155 6
103 7
18 3
3 0
4 0
5 0
6 0
187 6
178 2
149 9
193 4
187 4
178 4
158 4
155 4
151 4
149 4
140 4
121 4
108 4
106 4
103 4
89 4
7 0
88 4
85 4
79 4
73 4
69 4
48 4
42 4
40 4
38 4
35 4
28 4
26 4
23 4
19 4
18 4
12 4
9 4
74 9
53 1
90 10
185 5
57 1
183 6
76 9
172 7
130 10
125 9
197 5
199 5
61 1
199 2
197 2
185 2
183 2
181 2
172 2
160 2
130 2
125 2
114 2
110 2
100 2
90 2
78 2
76 2
74 2
68 2
61 2
57 2
53 2
49 2
46 2
25 2
16 2
15 2
13 2
11 2
9 2
150 10
54 1
168 7
145 6
170 7
70 1
66 3
132 1
113 3
95 8
8 0
9 0
175 9
170 9
168 9
165 9
150 9
145 9
138 9
132 9
113 9
111 9
98 9
96 9
95 9
70 9
66 9
62 9
54 9
33 9
27 9
14 9
12 9
11 9
198 7
92 1
179 5
41 3
24 4
188 5
126 1
75 3
144 6
156 6
198 10
188 10
179 10
173 10
166 10
156 10
144 10
127 10
126 10
97 10
92 10
75 10
60 10
50 10
41 10
34 10
31 10
24 10
21 10
18 10
17 10
13 10
11 10
64 1
169 6
80 1
81 1
99 1
101 1
86 3
182 6
143 7
182 5
169 5
157 5
143 5
135 5
101 5
99 5
86 5
81 5
80 5
64 5
55 5
52 5
43 5
29 5
19 5
15 5
12 5
11 5
195 7
154 1
20 2
123 3
10 0
11 0
12 0
13 0
14 0
15 0
146 3
87 8
109 8
93 9
195 6
177 6
154 6
146 6
123 6
109 6
93 6
87 6
71 6
45 6
30 6
27 6
23 6
22 6
20 6
16 0
17 0
18 0
19 0
20 0
21 0
22 0
23 0
24 0
25 0
26 0
27 0
28 0
29 0
30 0
31 0
32 0
33 0
34 0
35 0
36 0
37 0
38 0
39 0
40 0
41 0
42 0
43 0
44 0
45 0
46 0
47 0
48 0
49 0
50 0
51 0
52 0
53 0
54 0
55 0
56 0
57 0
58 0
59 0
60 0
61 0
62 0
63 0
64 0
65 0
66 0
67 0
68 0
69 0
70 0
71 0
72 0
73 0
74 0
75 0
76 0
77 0
78 0
79 0
80 0
81 0
82 0
83 0
84 0
85 0
86 0
87 0
88 0
89 0
90 0
91 0
92 0
93 0
94 0
95 0
96 0
97 0
98 0
99 0
100 0
101 0
102 0
103 0
104 0
105 0
106 0
107 0
108 0
109 0
110 0
111 0
112 0
113 0
114 0
115 0
116 0
117 0
118 0
147 5
162 5
139 9
119 0
120 0
121 0
122 0
123 0
124 0
125 0
126 0
127 0
128 0
129 0
130 0
131 0
161 2
162 7
161 7
160 7
147 7
146 7
144 7
141 7
140 7
139 7
132 0
133 0
134 0
135 0
136 0
137 0
138 0
139 0
140 0
141 0
142 0
143 0
144 0
145 0
146 0
147 0
148 0
149 0
150 0
151 0
152 0
153 0
154 0
155 0
156 0
157 0
158 0
159 0
160 0
161 0
162 0
163 0
164 0
165 0
166 0
167 0
168 0
169 0
170 0
171 0
172 0
173 0
174 0
175 0
176 0
177 0
178 0
179 0
180 0
181 0
182 0
183 0
184 0
185 0
186 0
187 0
188 0
189 0
190 0
191 0
192 0
193 0
194 0
195 0
196 0
197 0
198 0
199 0
200 0
