172 10
43 9
55 7
69 7
188 6
132 2
28 7
81 9
100 9
134 2
79 7
59 3
65 3
190 6
170 5
164 2
195 6
87 7
159 9
196 6
199 1
196 1
195 1
190 1
188 1
180 1
179 1
172 1
170 1
164 1
161 1
159 1
155 1
134 1
132 1
127 1
106 1
100 1
87 1
81 1
79 1
78 1
65 1
59 1
50 1
45 1
43 1
40 1
33 1
28 1
25 1
15 1
11 1
2 1
63 6
10 1
89 9
44 1
143 3
114 9
131 9
173 3
4 4
191 5
156 9
189 10
136 8
29 4
140 8
191 2
189 2
187 2
178 2
173 2
156 2
143 2
140 2
136 2
131 2
114 2
109 2
107 2
95 2
89 2
75 2
74 2
69 2
63 2
62 2
61 2
55 2
47 2
44 2
38 2
30 2
29 2
10 2
8 2
4 2
2 2
39 1
17 2
171 9
49 1
112 5
185 3
146 5
52 1
77 7
82 7
84 7
142 7
5 4
35 2
185 10
177 10
174 10
171 10
167 10
154 10
153 10
148 10
146 10
142 10
112 10
108 10
86 10
84 10
82 10
77 10
73 10
70 10
67 10
66 10
56 10
52 10
49 10
41 10
39 10
35 10
21 10
1 0
19 10
17 10
2 0
11 10
5 10
4 10
165 7
92 1
145 3
58 2
152 3
96 5
129 5
104 8
98 1
101 1
147 5
150 5
7 10
193 6
181 6
165 6
162 6
152 6
150 6
147 6
145 6
129 6
120 6
116 6
115 6
110 6
104 6
102 6
101 6
98 6
96 6
94 6
93 6
92 6
58 6
51 6
46 6
24 6
15 6
8 6
7 6
4 6
151 4
53 1
6 10
200 7
23 2
149 8
90 3
141 3
32 2
124 5
200 9
197 9
151 9
149 9
141 9
126 9
124 9
103 9
90 9
83 9
76 9
72 9
64 9
53 9
32 9
25 9
23 9
10 9
6 9
5 9
4 9
186 8
130 7
48 2
163 7
118 2
18 10
12 6
166 7
37 1
34 10
157 2
186 5
184 5
3 0
4 0
5 0
6 0
175 5
168 5
166 5
163 5
157 5
130 5
128 5
118 5
113 5
111 5
97 5
80 5
54 5
48 5
37 5
34 5
29 5
28 5
18 5
12 5
7 0
8 0
9 0
10 0
11 0
12 0
176 7
27 9
137 3
31 2
60 1
26 5
121 1
183 8
176 8
137 8
121 8
105 8
88 8
60 8
33 8
31 8
30 8
27 8
26 8
23 8
18 8
17 8
15 8
14 8
125 1
123 2
71 5
139 4
160 7
182 7
16 8
85 5
182 3
160 3
158 3
139 3
138 3
125 3
123 3
85 3
71 3
40 3
38 3
28 3
25 3
24 3
20 3
19 3
16 3
14 3
99 6
57 2
133 6
117 2
13 0
14 0
15 0
16 0
17 0
18 0
19 0
20 0
21 0
119 2
68 1
36 10
144 7
133 7
119 7
117 7
99 7
68 7
57 7
46 7
44 7
43 7
36 7
35 7
32 7
29 7
24 7
23 7
194 9
42 10
198 9
22 0
23 0
24 0
25 0
26 0
27 0
28 0
29 0
30 0
31 0
32 0
33 0
34 0
35 0
36 0
37 0
38 0
122 8
91 6
192 8
135 6
169 6
198 4
194 4
192 4
169 4
135 4
122 4
91 4
60 4
53 4
51 4
48 4
47 4
45 4
43 4
42 4
39 0
40 0
41 0
42 0
43 0
44 0
45 0
46 0
47 0
48 0
49 0
50 0
51 0
52 0
53 0
54 0
55 0
56 0
57 0
58 0
59 0
60 0
61 0
62 0
63 0
64 0
65 0
66 0
67 0
68 0
69 0
70 0
71 0
72 0
73 0
74 0
75 0
76 0
77 0
78 0
79 0
80 0
81 0
82 0
83 0
84 0
85 0
86 0
87 0
88 0
89 0
90 0
91 0
92 0
93 0
94 0
95 0
96 0
97 0
98 0
99 0
100 0
101 0
102 0
103 0
104 0
105 0
106 0
107 0
108 0
109 0
110 0
111 0
112 0
113 0
114 0
115 0
116 0
117 0
118 0
119 0
120 0
121 0
122 0
123 0
124 0
125 0
126 0
127 0
128 0
129 0
130 0
131 0
132 0
133 0
134 0
135 0
136 0
137 0
138 0
139 0
140 0
141 0
142 0
143 0
144 0
145 0
146 0
147 0
148 0
149 0
150 0
151 0
152 0
153 0
154 0
155 0
156 0
157 0
158 0
159 0
160 0
161 0
162 0
163 0
164 0
165 0
166 0
167 0
168 0
169 0
170 0
171 0
172 0
173 0
174 0
175 0
176 0
177 0
178 0
179 0
180 0
181 0
182 0
183 0
184 0
185 0
186 0
187 0
188 0
189 0
190 0
191 0
192 0
193 0
194 0
195 0
196 0
197 0
198 0
199 0
200 0
