178 6
169 9
166 4
197 5
24 10
79 7
103 7
149 7
12 9
16 9
11 10
121 2
41 8
66 8
181 6
150 7
200 5
187 6
115 8
13 10
200 1
197 1
193 1
187 1
181 1
178 1
167 1
166 1
150 1
149 1
129 1
128 1
121 1
115 1
103 1
79 1
68 1
66 1
65 1
58 1
41 1
30 1
27 1
25 1
16 1
13 1
12 1
11 1
8 1
118 7
140 7
120 2
60 10
144 4
185 8
49 1
160 3
2 6
89 10
134 2
148 4
5 6
72 1
113 10
147 7
95 1
185 5
182 5
169 5
163 5
160 5
153 5
148 5
147 5
144 5
143 5
140 5
136 5
134 5
123 5
120 5
118 5
113 5
112 5
102 5
97 5
95 5
89 5
72 5
60 5
52 5
51 5
49 5
39 5
24 5
8 5
5 5
3 5
2 5
61 1
138 3
75 1
19 5
70 5
53 8
88 1
45 8
161 6
176 2
98 1
194 2
4 7
83 5
99 1
194 4
176 4
174 4
172 4
161 4
158 4
146 4
138 4
135 4
117 4
116 4
104 4
99 4
98 4
96 4
88 4
83 4
75 4
70 4
61 4
48 4
45 4
37 4
20 4
19 4
11 4
4 4
2 4
78 8
175 7
57 1
93 8
34 5
73 1
82 1
100 8
14 4
90 1
69 5
15 4
114 8
175 3
170 3
168 3
165 3
155 3
137 3
130 3
114 3
100 3
93 3
90 3
82 3
78 3
76 3
73 3
69 3
62 3
57 3
53 3
46 3
44 3
38 3
34 3
15 3
14 3
12 3
9 3
3 3
2 3
71 7
107 6
192 8
189 10
74 7
56 1
122 6
23 5
157 9
22 4
26 5
141 6
192 2
189 2
186 2
179 2
157 2
154 2
142 2
141 2
122 2
107 2
94 2
77 2
1 0
2 0
3 0
74 2
71 2
63 2
56 2
43 2
42 2
35 2
26 2
23 2
22 2
4 0
5 0
6 0
13 2
11 2
9 2
8 2
106 5
119 5
151 6
91 4
40 1
87 1
159 8
7 0
8 0
9 0
80 3
173 9
173 7
171 7
162 7
159 7
156 7
151 7
133 7
132 7
119 7
106 7
91 7
87 7
80 7
64 7
40 7
24 7
19 7
16 7
12 7
11 7
183 8
84 5
101 5
59 1
47 4
180 10
50 4
190 8
18 3
33 3
191 6
190 6
183 6
180 6
164 6
10 0
11 0
12 0
13 0
152 6
108 6
101 6
84 6
67 6
59 6
54 6
50 6
47 6
39 6
33 6
28 6
25 6
22 6
20 6
18 6
14 0
15 0
16 0
139 8
32 1
131 5
29 2
199 10
124 4
127 4
55 3
199 9
188 9
139 9
131 9
127 9
124 9
109 9
17 0
18 0
19 0
20 0
21 0
22 0
55 9
49 9
37 9
34 9
32 9
29 9
23 0
24 0
25 0
26 0
27 0
28 0
29 0
30 0
196 8
145 5
86 4
31 0
32 0
33 0
34 0
35 0
36 0
37 0
38 0
39 0
40 0
41 0
42 0
43 0
44 0
198 8
85 7
195 5
198 10
196 10
195 10
145 10
125 10
86 10
45 0
46 0
47 0
48 0
49 0
50 0
51 0
52 0
53 0
54 0
55 0
56 0
57 0
58 0
59 0
60 0
61 0
62 0
63 0
85 10
64 0
65 0
66 0
67 0
68 0
69 0
70 0
71 0
72 0
73 0
74 0
75 0
76 0
77 0
78 0
79 0
80 0
84 10
83 10
82 10
126 9
92 3
105 1
110 1
177 9
184 9
111 1
81 0
82 0
83 0
84 0
85 0
86 0
87 0
88 0
89 0
184 8
177 8
126 8
125 8
111 8
110 8
109 8
105 8
103 8
101 8
96 8
95 8
94 8
92 8
90 0
91 0
92 0
93 0
94 0
95 0
96 0
97 0
98 0
99 0
100 0
101 0
102 0
103 0
104 0
105 0
106 0
107 0
108 0
109 0
110 0
111 0
112 0
113 0
114 0
115 0
116 0
117 0
118 0
119 0
120 0
121 0
122 0
123 0
124 0
125 0
126 0
127 0
128 0
129 0
130 0
131 0
132 0
133 0
134 0
135 0
136 0
137 0
138 0
139 0
140 0
141 0
142 0
143 0
144 0
145 0
146 0
147 0
148 0
149 0
150 0
151 0
152 0
153 0
154 0
155 0
156 0
157 0
158 0
159 0
160 0
161 0
162 0
163 0
164 0
165 0
166 0
167 0
168 0
169 0
170 0
171 0
172 0
173 0
174 0
175 0
176 0
177 0
178 0
179 0
180 0
181 0
182 0
183 0
184 0
185 0
186 0
187 0
188 0
189 0
190 0
191 0
192 0
193 0
194 0
195 0
196 0
197 0
198 0
199 0
200 0
