54 8
86 2
84 8
85 8
3 6
127 3
157 7
182 9
76 10
35 6
18 2
15 10
11 8
126 6
153 3
100 2
67 10
139 6
184 5
172 7
187 1
184 1
183 1
182 1
172 1
171 1
164 1
157 1
153 1
149 1
146 1
139 1
127 1
126 1
107 1
100 1
94 1
67 1
66 1
44 1
35 1
19 1
18 1
15 1
11 1
10 1
3 1
199 3
20 1
55 6
56 6
7 5
7 8
99 2
58 6
185 4
175 7
43 1
165 2
23 8
143 10
151 10
120 6
132 6
90 1
199 5
195 5
189 5
185 5
175 5
165 5
163 5
151 5
143 5
132 5
120 5
117 5
115 5
113 5
110 5
99 5
90 5
88 5
86 5
76 5
58 5
57 5
56 5
55 5
53 5
43 5
36 5
30 5
23 5
20 5
17 5
7 5
3 5
72 6
178 7
83 6
81 1
91 8
25 5
135 2
6 4
39 5
62 5
63 5
48 4
4 9
188 10
13 9
188 3
186 3
178 3
166 3
135 3
130 3
96 3
91 3
89 3
85 3
84 3
83 3
81 3
72 3
63 3
62 3
60 3
54 3
51 3
48 3
40 3
39 3
38 3
33 3
25 3
16 3
13 3
10 3
6 3
4 3
3 3
78 1
111 6
169 10
134 9
61 5
27 3
32 3
14 7
14 6
49 3
8 8
73 5
5 9
192 7
179 7
169 7
142 7
140 7
92 7
78 7
73 7
61 7
52 7
49 7
32 7
27 7
14 7
11 7
8 7
7 7
5 7
3 7
144 9
103 4
154 9
104 4
145 6
121 4
148 6
22 5
98 5
105 5
156 9
118 5
37 1
200 10
191 10
174 10
156 10
154 10
148 10
145 10
144 10
134 10
122 10
121 10
118 10
111 10
109 10
105 10
104 10
103 10
98 10
97 10
70 10
37 10
28 10
22 10
21 10
17 10
15 10
4 10
3 10
173 6
160 8
26 5
93 4
161 8
69 5
147 4
168 8
162 4
12 3
150 5
124 1
180 9
173 9
168 9
162 9
161 9
160 9
150 9
147 9
125 9
124 9
108 9
93 9
75 9
69 9
64 9
26 9
20 9
18 9
12 9
6 9
5 9
3 9
2 9
31 5
119 8
137 6
176 6
106 4
177 6
155 8
41 5
170 8
112 4
197 6
46 5
197 2
177 2
176 2
170 2
155 2
137 2
136 2
119 2
114 2
112 2
106 2
82 2
59 2
50 2
46 2
41 2
31 2
23 2
19 2
10 2
7 2
4 2
2 2
116 1
102 5
101 10
65 3
131 8
79 3
74 7
95 3
141 8
1 0
2 0
3 0
4 0
5 0
6 0
7 0
190 6
190 4
158 4
141 4
131 4
123 4
116 4
102 4
101 4
95 4
79 4
74 4
8 0
65 4
35 4
30 4
24 4
15 4
13 4
12 4
11 4
10 4
47 1
29 2
68 1
198 6
87 1
181 1
196 1
167 5
42 2
34 9
198 8
196 8
194 8
181 8
167 8
129 8
128 8
87 8
68 8
47 8
44 8
42 8
36 8
34 8
29 8
19 8
18 8
17 8
16 8
14 8
10 8
193 1
159 5
152 7
133 3
71 2
80 2
45 10
77 10
138 3
9 0
10 0
11 0
12 0
13 0
14 0
15 0
16 0
17 0
18 0
19 0
20 0
193 6
159 6
152 6
138 6
133 6
80 6
77 6
71 6
66 6
45 6
21 0
22 0
23 0
24 0
25 0
26 0
27 0
28 0
29 0
30 0
31 0
32 0
33 0
34 0
35 0
36 0
37 0
38 0
39 0
40 0
41 0
42 0
43 0
44 0
45 0
46 0
47 0
48 0
49 0
50 0
51 0
52 0
53 0
54 0
55 0
56 0
57 0
58 0
59 0
60 0
61 0
62 0
63 0
64 0
65 0
66 0
67 0
68 0
69 0
70 0
71 0
72 0
73 0
74 0
75 0
76 0
77 0
78 0
79 0
80 0
81 0
82 0
83 0
84 0
85 0
86 0
87 0
88 0
89 0
90 0
91 0
92 0
93 0
94 0
95 0
96 0
97 0
98 0
99 0
100 0
101 0
102 0
103 0
104 0
105 0
106 0
107 0
108 0
109 0
110 0
111 0
112 0
113 0
114 0
115 0
116 0
117 0
118 0
119 0
120 0
121 0
122 0
123 0
124 0
125 0
126 0
127 0
128 0
129 0
130 0
131 0
132 0
133 0
134 0
135 0
136 0
137 0
138 0
139 0
140 0
141 0
142 0
143 0
144 0
145 0
146 0
147 0
148 0
149 0
150 0
151 0
152 0
153 0
154 0
155 0
156 0
157 0
158 0
159 0
160 0
161 0
162 0
163 0
164 0
165 0
166 0
167 0
168 0
169 0
170 0
171 0
172 0
173 0
174 0
175 0
176 0
177 0
178 0
179 0
180 0
181 0
182 0
183 0
184 0
185 0
186 0
187 0
188 0
189 0
190 0
191 0
192 0
193 0
194 0
195 0
196 0
197 0
198 0
199 0
200 0
