35 7
197 8
140 10
119 3
179 6
75 2
81 2
51 4
193 6
33 9
192 5
163 10
138 3
135 2
130 4
58 7
196 6
156 3
22 9
36 9
197 1
196 1
193 1
192 1
180 1
179 1
178 1
163 1
156 1
145 1
140 1
138 1
135 1
130 1
119 1
109 1
100 1
81 1
75 1
74 1
67 1
64 1
62 1
61 1
58 1
51 1
49 1
48 1
36 1
35 1
32 1
22 1
6 1
69 9
40 1
2 6
2 6
2 10
194 4
133 3
184 7
188 7
24 10
50 1
110 9
31 10
155 3
168 5
42 10
90 1
88 10
94 1
194 6
188 6
184 6
182 6
170 6
168 6
167 6
159 6
155 6
133 6
125 6
117 6
116 6
112 6
110 6
105 6
94 6
90 6
88 6
76 6
69 6
50 6
42 6
40 6
33 6
31 6
24 6
16 6
6 6
5 6
4 6
2 6
17 6
191 4
20 6
15 4
141 10
14 3
131 5
68 9
72 9
43 1
71 1
185 7
103 9
122 9
60 6
185 8
164 8
153 8
152 8
141 8
131 8
129 8
128 8
122 8
118 8
114 8
103 8
80 8
72 8
71 8
68 8
60 8
43 8
39 8
37 8
22 8
20 8
17 8
15 8
14 8
2 8
120 5
56 1
85 1
143 9
144 9
134 5
19 6
162 2
46 6
151 10
54 6
126 1
77 6
191 7
165 7
162 7
158 7
157 7
151 7
150 7
1 0
2 0
144 7
143 7
136 7
134 7
126 7
121 7
120 7
104 7
85 7
83 7
82 7
77 7
56 7
54 7
46 7
32 7
29 7
19 7
14 7
12 7
10 7
4 7
28 8
148 5
142 1
73 8
87 8
59 6
132 8
92 6
78 7
41 2
41 10
139 8
171 9
181 2
176 2
171 2
166 2
3 0
148 2
142 2
139 2
132 2
113 2
99 2
92 2
87 2
86 2
78 2
4 0
73 2
59 2
5 0
6 0
41 2
35 2
28 2
16 2
15 2
10 2
172 4
190 3
198 3
34 6
84 1
44 6
137 5
160 5
115 1
27 8
177 4
53 6
198 10
190 10
189 10
186 10
177 10
175 10
172 10
160 10
137 10
127 10
115 10
107 10
96 10
95 10
84 10
65 10
53 10
44 10
36 10
34 10
27 10
24 10
17 10
12 10
11 10
10 10
101 4
187 5
146 9
149 9
97 1
25 8
199 5
161 9
173 9
93 6
66 8
199 3
187 3
183 3
173 3
161 3
149 3
146 3
111 3
101 3
97 3
93 3
70 3
66 3
48 3
31 3
25 3
20 3
15 3
14 3
10 3
106 1
154 1
123 6
7 0
26 8
79 8
47 7
8 0
63 7
195 9
200 4
195 4
174 4
169 4
154 4
123 4
106 4
79 4
63 4
49 4
47 4
33 4
26 4
22 4
21 4
19 4
18 4
16 4
11 4
10 4
108 9
102 1
23 3
38 8
57 6
13 10
30 7
91 6
108 5
102 5
91 5
89 5
57 5
51 5
40 5
38 5
37 5
30 5
29 5
28 5
23 5
14 5
13 5
12 5
10 5
124 1
98 6
52 8
45 2
55 8
147 1
9 0
10 0
11 0
12 0
13 0
14 0
15 0
16 0
17 0
18 0
19 0
20 0
21 0
22 0
23 0
24 0
25 0
26 0
27 0
28 0
29 0
30 0
31 0
32 0
33 0
34 0
147 9
124 9
98 9
58 9
55 9
52 9
48 9
47 9
46 9
45 9
35 0
36 0
37 0
38 0
39 0
40 0
41 0
42 0
43 0
44 0
45 0
46 0
47 0
48 0
49 0
50 0
51 0
52 0
53 0
54 0
55 0
56 0
57 0
58 0
59 0
60 0
61 0
62 0
63 0
64 0
65 0
66 0
67 0
68 0
69 0
70 0
71 0
72 0
73 0
74 0
75 0
76 0
77 0
78 0
79 0
80 0
81 0
82 0
83 0
84 0
85 0
86 0
87 0
88 0
89 0
90 0
91 0
92 0
93 0
94 0
95 0
96 0
97 0
98 0
99 0
100 0
101 0
102 0
103 0
104 0
105 0
106 0
107 0
108 0
109 0
110 0
111 0
112 0
113 0
114 0
115 0
116 0
117 0
118 0
119 0
120 0
121 0
122 0
123 0
124 0
125 0
126 0
127 0
128 0
129 0
130 0
131 0
132 0
133 0
134 0
135 0
136 0
137 0
138 0
139 0
140 0
141 0
142 0
143 0
144 0
145 0
146 0
147 0
148 0
149 0
150 0
151 0
152 0
153 0
154 0
155 0
156 0
157 0
158 0
159 0
160 0
161 0
162 0
163 0
164 0
165 0
166 0
167 0
168 0
169 0
170 0
171 0
172 0
173 0
174 0
175 0
176 0
177 0
178 0
179 0
180 0
181 0
182 0
183 0
184 0
185 0
186 0
187 0
188 0
189 0
190 0
191 0
192 0
193 0
194 0
195 0
196 0
197 0
198 0
199 0
200 0
