47 8
156 10
81 8
115 9
126 5
39 7
159 10
142 5
9 4
74 7
135 9
41 4
125 3
171 10
82 8
189 10
37 8
119 7
167 6
43 4
189 1
171 1
167 1
159 1
156 1
153 1
144 1
143 1
142 1
135 1
126 1
125 1
120 1
119 1
115 1
108 1
94 1
85 1
74 1
43 1
41 1
39 1
37 1
34 1
26 1
24 1
9 1
5 1
98 8
162 9
200 10
102 8
22 1
48 3
62 5
31 1
196 7
32 1
191 2
95 5
132 4
158 4
88 3
141 8
73 1
200 6
196 6
194 6
192 6
191 6
186 6
175 6
162 6
158 6
151 6
141 6
132 6
129 6
117 6
105 6
102 6
98 6
95 6
88 6
82 6
81 6
73 6
62 6
59 6
49 6
48 6
47 6
35 6
32 6
31 6
27 6
22 6
20 6
17 6
5 6
160 9
106 7
161 9
124 4
8 6
19 1
181 2
89 5
16 6
130 8
176 9
72 3
91 5
21 1
10 9
181 10
180 10
130 10
127 10
124 10
109 10
106 10
91 10
89 10
83 10
75 10
72 10
68 10
56 10
21 10
19 10
16 10
10 10
9 10
8 10
5 10
147 1
104 6
133 6
36 10
44 10
55 10
140 6
197 3
152 1
12 8
29 8
45 8
116 10
33 4
137 10
197 5
193 5
187 5
184 5
183 5
176 5
174 5
161 5
160 5
154 5
152 5
148 5
147 5
140 5
138 5
137 5
133 5
116 5
110 5
104 5
78 5
55 5
45 5
44 5
36 5
33 5
29 5
24 5
17 5
12 5
5 5
2 5
157 2
77 1
172 4
163 2
79 1
76 6
168 8
13 10
30 10
111 1
60 10
70 10
185 3
172 3
169 3
168 3
164 3
163 3
157 3
145 3
113 3
111 3
101 3
80 3
79 3
77 3
76 3
70 3
61 3
60 3
53 3
50 3
30 3
26 3
23 3
20 3
13 3
8 3
3 3
2 3
188 4
46 1
131 1
182 7
92 6
4 3
123 6
7 5
52 9
146 8
149 8
188 2
182 2
155 2
149 2
146 2
139 2
136 2
131 2
123 2
107 2
92 2
90 2
52 2
46 2
34 2
22 2
11 2
9 2
7 2
5 2
4 2
2 2
134 9
57 1
66 1
38 6
195 4
179 9
58 6
63 6
121 8
97 1
195 7
179 7
170 7
166 7
134 7
121 7
118 7
100 7
97 7
67 7
66 7
63 7
58 7
57 7
42 7
40 7
1 0
2 0
3 0
4 0
5 0
38 7
37 7
27 7
12 7
10 7
8 7
7 7
177 8
165 9
6 0
7 0
8 0
9 0
10 0
11 0
12 0
13 0
128 1
103 6
93 7
25 2
18 5
14 0
199 8
199 4
177 4
173 4
15 0
16 0
165 4
128 4
103 4
93 4
84 4
51 4
39 4
31 4
27 4
25 4
22 4
20 4
19 4
18 4
17 0
18 0
19 0
20 0
21 0
22 0
23 0
24 0
25 0
26 0
27 0
114 10
71 1
86 1
54 7
112 1
150 10
190 8
28 0
29 0
30 0
31 0
32 0
33 0
34 0
35 0
36 0
190 9
178 9
150 9
114 9
112 9
86 9
71 9
65 9
56 9
54 9
37 0
38 0
39 0
40 0
41 0
42 0
43 0
44 0
45 0
46 0
47 0
48 0
49 0
50 0
51 0
52 0
53 0
54 0
55 0
56 0
57 0
58 0
59 0
60 0
61 0
62 0
63 0
198 2
96 4
64 0
65 0
66 0
67 0
68 0
122 7
99 4
69 0
70 0
71 0
72 0
73 0
74 0
75 0
76 0
77 0
78 0
79 0
80 0
81 0
82 0
83 0
87 9
198 8
122 8
104 8
101 8
99 8
97 8
96 8
84 0
85 0
94 8
93 8
90 8
89 8
88 8
87 8
86 0
87 0
88 0
89 0
90 0
91 0
92 0
93 0
94 0
95 0
96 0
97 0
98 0
99 0
100 0
101 0
102 0
103 0
104 0
105 0
106 0
107 0
108 0
109 0
110 0
111 0
112 0
113 0
114 0
115 0
116 0
117 0
118 0
119 0
120 0
121 0
122 0
123 0
124 0
125 0
126 0
127 0
128 0
129 0
130 0
131 0
132 0
133 0
134 0
135 0
136 0
137 0
138 0
139 0
140 0
141 0
142 0
143 0
144 0
145 0
146 0
147 0
148 0
149 0
150 0
151 0
152 0
153 0
154 0
155 0
156 0
157 0
158 0
159 0
160 0
161 0
162 0
163 0
164 0
165 0
166 0
167 0
168 0
169 0
170 0
171 0
172 0
173 0
174 0
175 0
176 0
177 0
178 0
179 0
180 0
181 0
182 0
183 0
184 0
185 0
186 0
187 0
188 0
189 0
190 0
191 0
192 0
193 0
194 0
195 0
196 0
197 0
198 0
199 0
200 0
