73 4
109 4
58 9
92 9
53 3
152 5
170 8
148 10
108 9
5 2
146 6
14 2
23 7
162 5
117 4
56 3
83 3
158 10
64 7
197 8
197 1
170 1
162 1
159 1
158 1
152 1
148 1
146 1
142 1
138 1
126 1
117 1
115 1
109 1
108 1
94 1
92 1
83 1
79 1
73 1
67 1
64 1
58 1
56 1
53 1
43 1
37 1
29 1
23 1
18 1
17 1
14 1
5 1
2 1
183 10
185 10
87 4
38 1
85 9
165 7
176 7
103 4
169 2
3 10
1 0
44 1
39 10
128 4
198 7
200 7
101 9
200 6
198 6
176 6
169 6
165 6
157 6
156 6
153 6
145 6
129 6
128 6
103 6
101 6
98 6
87 6
85 6
81 6
70 6
49 6
44 6
39 6
38 6
2 0
3 0
28 6
7 6
6 6
5 6
136 7
172 2
21 1
139 7
127 9
181 4
16 6
52 1
9 10
95 1
93 6
125 1
86 10
196 4
164 3
196 8
181 8
175 8
172 8
168 8
164 8
147 8
139 8
136 8
134 8
132 8
127 8
125 8
100 8
99 8
95 8
93 8
91 8
86 8
69 8
57 8
52 8
45 8
27 8
21 8
16 8
14 8
9 8
5 8
62 1
114 7
178 9
97 1
119 7
22 6
51 6
161 4
104 1
118 1
171 4
74 6
192 3
192 5
188 5
185 5
183 5
178 5
171 5
167 5
161 5
155 5
124 5
121 5
119 5
118 5
114 5
107 5
104 5
97 5
96 5
84 5
77 5
75 5
74 5
62 5
51 5
42 5
36 5
31 5
24 5
22 5
17 5
11 5
6 5
5 5
32 1
112 10
193 7
106 1
59 8
55 6
41 5
190 4
110 1
19 4
89 8
26 4
193 2
186 2
151 2
149 2
122 2
112 2
110 2
106 2
89 2
63 2
59 2
55 2
47 2
41 2
35 2
32 2
26 2
19 2
18 2
15 2
9 2
7 2
5 2
65 6
66 6
113 10
80 6
184 7
135 10
123 6
25 1
182 9
48 1
131 6
190 3
184 3
182 3
173 3
160 3
150 3
135 3
131 3
123 3
113 3
80 3
71 3
68 3
66 3
65 3
61 3
48 3
40 3
28 3
25 3
23 3
14 3
13 3
6 3
5 3
130 4
30 1
54 6
163 4
111 6
46 1
8 2
82 1
179 7
177 7
163 7
130 7
111 7
82 7
78 7
54 7
46 7
38 7
30 7
29 7
16 7
11 7
8 7
7 7
5 7
189 10
72 6
105 6
195 10
191 4
60 1
33 8
20 5
76 1
187 6
195 9
191 9
189 9
187 9
180 9
4 0
5 0
6 0
7 0
8 0
9 0
154 9
137 9
105 9
76 9
72 9
60 9
39 9
37 9
34 9
33 9
21 9
20 9
17 9
15 9
13 9
11 9
194 4
116 6
10 0
11 0
12 0
13 0
14 0
15 0
16 0
17 0
18 0
19 0
20 0
21 0
22 0
23 0
24 0
25 0
26 0
27 0
28 0
29 0
30 0
31 0
32 0
33 0
34 0
35 0
36 0
37 0
38 0
39 0
40 0
41 0
42 0
43 0
102 9
143 6
166 6
194 10
166 10
143 10
141 10
116 10
44 0
45 0
46 0
47 0
48 0
49 0
102 10
90 10
88 10
70 10
61 10
60 10
55 10
54 10
53 10
52 10
51 10
144 6
133 7
199 6
174 7
140 9
120 3
50 0
51 0
52 0
53 0
54 0
55 0
56 0
57 0
58 0
59 0
60 0
61 0
62 0
63 0
64 0
199 4
174 4
144 4
140 4
133 4
120 4
65 0
66 0
67 0
68 0
69 0
70 0
71 0
72 0
73 0
74 0
75 0
76 0
77 0
78 0
79 0
80 0
81 0
82 0
83 0
84 0
85 0
86 0
87 0
88 0
89 0
90 0
91 0
92 0
93 0
94 0
95 0
96 0
97 0
98 0
99 0
100 0
101 0
102 0
103 0
104 0
105 0
106 0
107 0
108 0
109 0
110 0
111 0
112 0
113 0
114 0
115 0
116 0
117 0
118 0
119 0
120 0
121 0
122 0
123 0
124 0
125 0
126 0
127 0
128 0
129 0
130 0
131 0
132 0
133 0
134 0
135 0
136 0
137 0
138 0
139 0
140 0
141 0
142 0
143 0
144 0
145 0
146 0
147 0
148 0
149 0
150 0
151 0
152 0
153 0
154 0
155 0
156 0
157 0
158 0
159 0
160 0
161 0
162 0
163 0
164 0
165 0
166 0
167 0
168 0
169 0
170 0
171 0
172 0
173 0
174 0
175 0
176 0
177 0
178 0
179 0
180 0
181 0
182 0
183 0
184 0
185 0
186 0
187 0
188 0
189 0
190 0
191 0
192 0
193 0
194 0
195 0
196 0
197 0
198 0
199 0
200 0
