41 4
98 8
176 6
60 5
69 7
75 7
48 10
120 8
137 8
135 2
87 3
10 7
148 8
112 3
53 10
114 3
115 3
138 2
162 8
31 7
184 1
176 1
162 1
148 1
138 1
137 1
135 1
121 1
120 1
115 1
114 1
112 1
105 1
98 1
95 1
87 1
84 1
80 1
74 1
60 1
53 1
50 1
48 1
43 1
41 1
31 1
16 1
13 1
10 1
8 1
2 1
131 3
145 3
49 8
181 6
167 10
96 7
66 5
143 7
34 1
26 3
93 5
160 7
92 8
188 4
125 5
9 3
173 9
153 5
188 2
187 2
181 2
174 2
173 2
170 2
167 2
160 2
153 2
151 2
149 2
143 2
125 2
104 2
96 2
93 2
92 2
75 2
69 2
66 2
64 2
63 2
51 2
49 2
34 2
22 2
14 2
9 2
6 2
2 2
72 6
124 8
106 5
161 10
99 6
4 2
109 5
101 6
111 5
198 4
59 3
15 1
42 1
78 3
159 8
198 9
178 9
169 9
163 9
161 9
159 9
157 9
142 9
124 9
111 9
109 9
106 9
101 9
99 9
97 9
1 0
90 9
78 9
77 9
72 9
70 9
65 9
59 9
47 9
42 9
26 9
15 9
8 9
4 9
2 0
3 0
4 0
182 4
132 8
62 5
27 1
54 1
52 9
68 5
36 2
171 3
175 3
113 6
177 3
29 10
29 6
23 3
182 10
179 10
133 10
132 10
117 10
108 10
5 0
100 10
76 10
68 10
62 10
54 10
52 10
36 10
6 0
32 10
29 10
27 10
23 10
10 10
9 10
8 10
146 4
150 4
195 7
192 3
130 6
119 5
28 9
58 9
154 4
89 9
134 6
55 2
195 8
194 8
192 8
177 8
175 8
171 8
154 8
150 8
146 8
145 8
139 8
134 8
131 8
130 8
126 8
119 8
113 8
110 8
89 8
85 8
58 8
55 8
28 8
21 8
20 8
15 8
14 8
13 8
8 8
140 3
40 9
24 2
61 9
166 7
190 6
86 9
25 2
189 7
82 2
46 1
83 2
190 4
189 4
186 4
166 4
155 4
147 4
144 4
140 4
103 4
94 4
86 4
83 4
82 4
61 4
46 4
40 4
30 4
26 4
25 4
24 4
22 4
16 4
9 4
8 4
152 3
91 9
12 10
141 9
183 5
180 3
81 2
158 9
172 9
200 7
39 1
200 6
197 6
183 6
180 6
172 6
158 6
156 6
152 6
141 6
102 6
91 6
81 6
71 6
56 6
42 6
39 6
34 6
31 6
13 6
12 6
11 6
10 6
8 6
136 2
168 2
116 9
57 1
118 9
127 9
129 9
199 5
199 7
191 7
7 0
8 0
9 0
10 0
11 0
12 0
13 0
14 0
15 0
16 0
185 7
168 7
136 7
129 7
127 7
118 7
116 7
57 7
49 7
47 7
41 7
31 7
23 7
22 7
20 7
18 7
165 9
45 1
19 7
37 6
33 10
122 2
67 1
164 2
196 5
165 5
164 5
122 5
107 5
67 5
59 5
51 5
45 5
43 5
37 5
35 5
34 5
33 5
27 5
24 5
21 5
19 5
18 5
73 9
123 9
79 2
44 6
193 9
88 2
17 0
18 0
19 0
20 0
21 0
22 0
23 0
24 0
25 0
26 0
27 0
28 0
29 0
30 0
31 0
32 0
33 0
34 0
35 0
36 0
37 0
38 0
128 2
193 3
128 3
123 3
88 3
79 3
73 3
65 3
63 3
55 3
52 3
48 3
44 3
39 0
40 0
41 0
42 0
43 0
44 0
45 0
46 0
47 0
48 0
49 0
50 0
51 0
52 0
53 0
54 0
55 0
56 0
57 0
58 0
59 0
60 0
61 0
62 0
63 0
64 0
65 0
66 0
67 0
68 0
69 0
70 0
71 0
72 0
73 0
74 0
75 0
76 0
77 0
78 0
79 0
80 0
81 0
82 0
83 0
84 0
85 0
86 0
87 0
88 0
89 0
90 0
91 0
92 0
93 0
94 0
95 0
96 0
97 0
98 0
99 0
100 0
101 0
102 0
103 0
104 0
105 0
106 0
107 0
108 0
109 0
110 0
111 0
112 0
113 0
114 0
115 0
116 0
117 0
118 0
119 0
120 0
121 0
122 0
123 0
124 0
125 0
126 0
127 0
128 0
129 0
130 0
131 0
132 0
133 0
134 0
135 0
136 0
137 0
138 0
139 0
140 0
141 0
142 0
143 0
144 0
145 0
146 0
147 0
148 0
149 0
150 0
151 0
152 0
153 0
154 0
155 0
156 0
157 0
158 0
159 0
160 0
161 0
162 0
163 0
164 0
165 0
166 0
167 0
168 0
169 0
170 0
171 0
172 0
173 0
174 0
175 0
176 0
177 0
178 0
179 0
180 0
181 0
182 0
183 0
184 0
185 0
186 0
187 0
188 0
189 0
190 0
191 0
192 0
193 0
194 0
195 0
196 0
197 0
198 0
199 0
200 0
