90 9
12 10
52 2
197 4
1 0
9 8
193 3
175 5
161 7
145 6
98 9
140 9
174 7
115 2
105 10
127 2
91 8
86 7
150 6
17 5
197 1
193 1
181 1
179 1
150 1
145 1
140 1
127 1
115 1
109 1
105 1
98 1
91 1
90 1
86 1
80 1
61 1
52 1
37 1
28 1
21 1
17 1
12 1
9 1
6 1
74 1
25 2
195 10
89 1
194 5
101 3
15 9
108 3
118 3
135 3
81 2
168 3
77 9
200 10
18 10
5 2
35 10
194 4
175 4
174 4
170 4
168 4
165 4
161 4
135 4
132 4
124 4
118 4
108 4
101 4
100 4
92 4
89 4
77 4
74 4
72 4
66 4
55 4
35 4
27 4
18 4
15 4
14 4
6 4
5 4
117 2
70 1
137 2
119 1
33 4
160 5
20 9
129 1
13 10
26 9
3 10
188 8
58 4
111 4
41 9
188 6
173 6
166 6
160 6
147 6
139 6
137 6
129 6
119 6
117 6
116 6
111 6
88 6
81 6
70 6
58 6
41 6
36 6
33 6
26 6
25 6
20 6
9 6
5 6
4 6
3 6
83 10
183 2
7 4
94 10
43 1
172 9
8 4
31 4
146 5
50 1
68 1
62 4
38 6
78 1
191 3
183 3
177 3
176 3
172 3
167 3
164 3
153 3
146 3
138 3
133 3
122 3
113 3
110 3
94 3
83 3
79 3
78 3
69 3
68 3
62 3
50 3
43 3
38 3
31 3
13 3
12 3
8 3
7 3
6 3
3 3
82 1
128 1
54 4
30 6
93 4
126 4
65 6
144 1
102 6
57 3
104 6
159 7
200 5
195 5
182 5
178 5
162 5
159 5
157 5
151 5
149 5
144 5
128 5
126 5
104 5
102 5
97 5
95 5
93 5
85 5
82 5
65 5
57 5
54 5
32 5
30 5
17 5
14 5
4 5
3 5
49 1
198 10
156 8
180 7
184 7
123 9
71 1
169 8
107 1
10 3
130 9
198 2
186 2
184 2
180 2
171 2
169 2
156 2
155 2
154 2
130 2
123 2
121 2
112 2
107 2
84 2
75 2
71 2
49 2
48 2
46 2
44 2
21 2
15 2
10 2
6 2
5 2
3 2
114 9
64 1
152 10
2 0
3 0
4 0
5 0
6 0
7 0
8 0
9 0
10 0
24 6
163 10
34 6
187 10
134 9
42 6
189 7
187 7
163 7
152 7
143 7
134 7
114 7
99 7
96 7
87 7
64 7
53 7
42 7
40 7
34 7
29 7
28 7
24 7
23 7
11 0
12 0
13 0
14 0
15 0
21 7
20 7
19 7
18 7
17 7
136 10
39 1
63 9
67 9
192 10
192 8
136 8
67 8
63 8
56 8
47 8
44 8
39 8
37 8
31 8
30 8
27 8
25 8
17 8
76 1
142 10
185 10
158 1
141 2
73 3
59 4
103 3
185 9
158 9
142 9
141 9
120 9
103 9
76 9
73 9
59 9
52 9
46 9
38 9
35 9
32 9
26 9
22 9
18 9
17 9
131 1
16 0
17 0
18 0
19 0
20 0
21 0
22 0
23 0
24 0
25 0
26 0
27 0
28 0
29 0
30 0
31 0
32 0
33 0
34 0
35 0
36 0
37 0
38 0
39 0
40 0
41 0
42 0
43 0
44 0
60 6
125 6
196 1
106 4
51 3
190 6
148 4
199 1
45 0
46 0
47 0
48 0
49 0
199 10
196 10
190 10
148 10
131 10
125 10
106 10
71 10
61 10
60 10
58 10
56 10
55 10
54 10
53 10
52 10
51 10
50 0
51 0
52 0
53 0
54 0
55 0
56 0
57 0
58 0
59 0
60 0
61 0
62 0
63 0
64 0
65 0
66 0
67 0
68 0
69 0
70 0
71 0
72 0
73 0
74 0
75 0
76 0
77 0
78 0
79 0
80 0
81 0
82 0
83 0
84 0
85 0
86 0
87 0
88 0
89 0
90 0
91 0
92 0
93 0
94 0
95 0
96 0
97 0
98 0
99 0
100 0
101 0
102 0
103 0
104 0
105 0
106 0
107 0
108 0
109 0
110 0
111 0
112 0
113 0
114 0
115 0
116 0
117 0
118 0
119 0
120 0
121 0
122 0
123 0
124 0
125 0
126 0
127 0
128 0
129 0
130 0
131 0
132 0
133 0
134 0
135 0
136 0
137 0
138 0
139 0
140 0
141 0
142 0
143 0
144 0
145 0
146 0
147 0
148 0
149 0
150 0
151 0
152 0
153 0
154 0
155 0
156 0
157 0
158 0
159 0
160 0
161 0
162 0
163 0
164 0
165 0
166 0
167 0
168 0
169 0
170 0
171 0
172 0
173 0
174 0
175 0
176 0
177 0
178 0
179 0
180 0
181 0
182 0
183 0
184 0
185 0
186 0
187 0
188 0
189 0
190 0
191 0
192 0
193 0
194 0
195 0
196 0
197 0
198 0
199 0
200 0
