154 2
69 7
118 7
6 3
191 5
126 4
5 3
196 5
152 6
88 8
195 2
90 8
155 6
184 6
91 8
49 10
86 10
63 3
156 9
129 4
196 1
195 1
191 1
188 1
184 1
156 1
155 1
154 1
152 1
149 1
145 1
141 1
129 1
126 1
120 1
118 1
107 1
91 1
90 1
88 1
86 1
70 1
69 1
63 1
49 1
46 1
44 1
10 1
8 1
5 1
198 6
28 3
74 8
99 8
65 3
17 1
53 1
16 8
32 8
125 5
58 1
176 9
77 3
21 7
186 2
78 3
117 10
79 3
198 4
193 4
187 4
186 4
185 4
178 4
176 4
150 4
125 4
121 4
119 4
117 4
115 4
104 4
79 4
78 4
77 4
65 4
58 4
53 4
51 4
32 4
28 4
21 4
17 4
16 4
13 4
6 4
5 4
111 8
55 1
22 4
103 1
148 3
100 4
98 6
98 10
170 5
172 5
199 5
19 6
19 10
83 10
41 3
143 2
40 7
199 6
172 6
170 6
168 6
167 6
143 6
130 6
124 6
111 6
103 6
100 6
99 6
83 6
74 6
55 6
48 6
42 6
41 6
40 6
29 6
22 6
19 6
8 6
5 6
68 9
106 10
93 9
81 1
37 4
165 3
36 6
64 4
116 7
109 10
147 8
52 6
131 7
180 2
165 2
148 2
147 2
146 2
134 2
131 2
116 2
113 2
109 2
106 2
98 2
93 2
81 2
73 2
72 2
68 2
67 2
64 2
52 2
45 2
37 2
36 2
35 2
27 2
10 2
6 2
5 2
4 2
137 8
181 10
9 6
101 1
95 9
20 4
26 4
50 4
61 4
122 1
197 5
110 9
138 8
59 6
197 7
194 7
181 7
157 7
138 7
137 7
122 7
112 7
110 7
101 7
95 7
94 7
61 7
59 7
54 7
50 7
44 7
39 7
38 7
26 7
20 7
13 7
9 7
8 7
7 7
4 7
159 1
14 2
127 3
164 8
171 8
56 6
114 6
11 7
30 4
33 4
192 10
151 3
175 9
192 5
175 5
174 5
173 5
171 5
164 5
160 5
159 5
151 5
140 5
136 5
127 5
114 5
102 5
76 5
56 5
46 5
43 5
33 5
30 5
24 5
19 5
18 5
16 5
14 5
11 5
5 5
4 5
89 1
80 6
166 3
163 1
108 6
62 4
96 4
23 7
85 7
87 7
182 8
179 8
177 8
166 8
163 8
133 8
108 8
96 8
89 8
87 8
85 8
80 8
62 8
49 8
23 8
22 8
17 8
7 8
6 8
4 8
2 8
190 9
31 6
3 8
1 0
34 6
97 1
144 1
57 6
162 3
190 10
183 10
162 10
158 10
153 10
144 10
97 10
71 10
63 10
57 10
34 10
31 10
29 10
21 10
15 10
10 10
8 10
5 10
3 10
2 0
3 0
4 0
5 0
6 0
7 0
8 0
9 0
10 0
11 0
128 3
60 6
105 1
189 3
75 6
66 4
200 3
200 9
189 9
128 9
105 9
92 9
75 9
69 9
66 9
60 9
40 9
28 9
27 9
25 9
17 9
15 9
14 9
13 9
139 1
161 1
142 6
84 2
123 2
135 2
82 4
47 8
132 4
12 0
13 0
14 0
15 0
16 0
17 0
18 0
19 0
20 0
21 0
169 1
169 3
161 3
142 3
139 3
135 3
132 3
123 3
84 3
82 3
70 3
47 3
22 0
23 0
24 0
25 0
26 0
27 0
28 0
29 0
30 0
31 0
32 0
33 0
34 0
35 0
36 0
37 0
38 0
39 0
40 0
41 0
42 0
43 0
44 0
45 0
46 0
47 0
48 0
49 0
50 0
51 0
52 0
53 0
54 0
55 0
56 0
57 0
58 0
59 0
60 0
61 0
62 0
63 0
64 0
65 0
66 0
67 0
68 0
69 0
70 0
71 0
72 0
73 0
74 0
75 0
76 0
77 0
78 0
79 0
80 0
81 0
82 0
83 0
84 0
85 0
86 0
87 0
88 0
89 0
90 0
91 0
92 0
93 0
94 0
95 0
96 0
97 0
98 0
99 0
100 0
101 0
102 0
103 0
104 0
105 0
106 0
107 0
108 0
109 0
110 0
111 0
112 0
113 0
114 0
115 0
116 0
117 0
118 0
119 0
120 0
121 0
122 0
123 0
124 0
125 0
126 0
127 0
128 0
129 0
130 0
131 0
132 0
133 0
134 0
135 0
136 0
137 0
138 0
139 0
140 0
141 0
142 0
143 0
144 0
145 0
146 0
147 0
148 0
149 0
150 0
151 0
152 0
153 0
154 0
155 0
156 0
157 0
158 0
159 0
160 0
161 0
162 0
163 0
164 0
165 0
166 0
167 0
168 0
169 0
170 0
171 0
172 0
173 0
174 0
175 0
176 0
177 0
178 0
179 0
180 0
181 0
182 0
183 0
184 0
185 0
186 0
187 0
188 0
189 0
190 0
191 0
192 0
193 0
194 0
195 0
196 0
197 0
198 0
199 0
200 0
