171 10
60 6
5 6
62 3
141 3
41 2
20 6
69 2
138 2
98 8
89 6
33 1
33 5
21 9
186 4
200 7
124 8
146 3
91 6
131 8
110 6
200 1
187 1
186 1
172 1
171 1
146 1
141 1
138 1
131 1
124 1
118 1
110 1
98 1
91 1
89 1
81 1
69 1
62 1
50 1
41 1
37 1
33 1
31 1
26 1
24 1
22 1
21 1
20 1
5 1
156 7
77 8
154 2
83 8
87 8
23 1
14 8
121 10
137 10
47 1
73 6
93 6
49 1
198 5
197 4
181 7
170 2
142 10
199 3
198 3
197 3
191 3
181 3
170 3
169 3
156 3
155 3
154 3
142 3
137 3
121 3
119 3
116 3
93 3
92 3
85 3
74 3
73 3
60 3
52 3
49 3
47 3
23 3
14 3
5 3
4 3
2 3
166 2
57 5
164 6
114 8
101 5
132 8
19 3
80 1
122 5
100 1
58 3
53 9
147 8
76 3
126 5
196 7
173 7
166 7
164 7
160 7
147 7
132 7
126 7
122 7
114 7
106 7
101 7
100 7
94 7
88 7
87 7
83 7
80 7
77 7
76 7
71 7
58 7
57 7
55 7
53 7
45 7
39 7
25 7
20 7
19 7
17 7
8 7
6 7
2 7
175 8
194 9
150 6
78 5
168 6
67 1
189 4
183 8
112 10
48 3
115 10
15 7
130 10
70 1
194 2
189 2
185 2
183 2
176 2
175 2
168 2
165 2
152 2
150 2
130 2
115 2
112 2
109 2
99 2
96 2
78 2
72 2
70 2
67 2
65 2
48 2
43 2
42 2
21 2
15 2
4 2
2 2
182 8
179 10
133 9
103 1
178 5
82 7
192 6
3 2
135 9
29 3
40 3
46 3
192 4
184 4
182 4
179 4
178 4
162 4
161 4
139 4
135 4
133 4
103 4
102 4
82 4
75 4
63 4
54 4
46 4
40 4
32 4
30 4
29 4
22 4
6 4
5 4
3 4
2 4
108 8
159 5
107 1
188 5
104 3
90 7
84 2
97 7
157 9
163 9
190 10
188 10
163 10
159 10
158 10
157 10
153 10
151 10
145 10
127 10
123 10
108 10
107 10
105 10
104 10
97 10
90 10
84 10
61 10
35 10
24 10
14 10
8 10
4 10
2 10
174 9
59 1
1 0
2 0
3 0
4 0
5 0
6 0
149 5
10 10
167 5
12 10
64 1
7 0
13 10
177 6
174 6
167 6
149 6
148 6
143 6
134 6
64 6
59 6
44 6
26 6
23 6
22 6
18 6
17 6
16 6
15 6
13 6
12 6
11 6
10 6
8 0
144 8
117 3
136 3
111 9
129 9
27 2
195 8
34 1
195 5
144 5
136 5
129 5
117 5
111 5
66 5
56 5
47 5
38 5
9 0
10 0
11 0
12 0
13 0
14 0
15 0
16 0
17 0
18 0
19 0
20 0
34 5
31 5
29 5
27 5
21 0
22 0
23 0
24 0
25 0
26 0
27 0
95 8
125 8
28 0
29 0
30 0
31 0
32 0
33 0
34 0
35 0
36 0
37 0
38 0
39 0
40 0
41 0
42 0
43 0
44 0
45 0
46 0
47 0
48 0
49 0
50 0
86 2
140 8
140 9
125 9
95 9
86 9
79 9
65 9
62 9
61 9
59 9
56 9
54 9
53 9
52 9
180 10
120 1
193 10
51 0
52 0
53 0
54 0
55 0
56 0
57 0
58 0
59 0
60 0
61 0
62 0
63 0
64 0
65 0
66 0
67 0
128 1
113 5
68 0
193 8
180 8
134 8
128 8
120 8
69 0
70 0
71 0
72 0
73 0
74 0
75 0
76 0
77 0
78 0
79 0
80 0
81 0
82 0
83 0
84 0
85 0
86 0
87 0
88 0
89 0
90 0
91 0
92 0
93 0
94 0
95 0
96 0
97 0
98 0
99 0
100 0
101 0
102 0
103 0
104 0
105 0
106 0
107 0
108 0
109 0
110 0
118 8
116 8
114 8
113 8
111 0
112 0
113 0
114 0
115 0
116 0
117 0
118 0
119 0
120 0
121 0
122 0
123 0
124 0
125 0
126 0
127 0
128 0
129 0
130 0
131 0
132 0
133 0
134 0
135 0
136 0
137 0
138 0
139 0
140 0
141 0
142 0
143 0
144 0
145 0
146 0
147 0
148 0
149 0
150 0
151 0
152 0
153 0
154 0
155 0
156 0
157 0
158 0
159 0
160 0
161 0
162 0
163 0
164 0
165 0
166 0
167 0
168 0
169 0
170 0
171 0
172 0
173 0
174 0
175 0
176 0
177 0
178 0
179 0
180 0
181 0
182 0
183 0
184 0
185 0
186 0
187 0
188 0
189 0
190 0
191 0
192 0
193 0
194 0
195 0
196 0
197 0
198 0
199 0
200 0
