188 7
94 5
102 3
40 6
123 3
20 6
155 3
9 8
16 8
41 6
100 5
167 3
134 5
84 10
105 10
173 3
91 2
184 3
174 5
175 5
190 1
188 1
184 1
175 1
174 1
173 1
167 1
164 1
155 1
134 1
123 1
105 1
102 1
100 1
98 1
94 1
93 1
91 1
84 1
74 1
67 1
66 1
65 1
41 1
28 1
23 1
20 1
16 1
9 1
6 1
149 5
80 8
172 5
31 1
180 5
3 7
168 3
122 10
144 10
156 10
19 7
185 5
81 8
30 7
78 6
42 1
198 5
115 2
198 4
185 4
180 4
172 4
168 4
156 4
149 4
147 4
144 4
143 4
122 4
115 4
112 4
95 4
87 4
83 4
81 4
80 4
78 4
77 4
46 4
45 4
43 4
42 4
40 4
35 4
31 4
30 4
27 4
19 4
14 4
13 4
6 4
3 4
39 1
159 2
82 1
11 4
52 4
104 1
199 8
186 9
36 7
127 5
152 5
130 3
44 7
140 3
145 3
199 10
193 10
186 10
166 10
159 10
152 10
145 10
140 10
130 10
129 10
127 10
114 10
113 10
107 10
104 10
103 10
88 10
82 10
73 10
61 10
55 10
52 10
44 10
39 10
37 10
36 10
11 10
9 10
3 10
109 7
12 4
118 7
2 7
176 6
53 1
54 1
60 1
161 2
24 4
148 3
151 3
157 3
71 8
192 5
176 5
161 5
157 5
154 5
151 5
148 5
133 5
119 5
99 5
71 5
63 5
62 5
60 5
54 5
53 5
24 5
16 5
12 5
7 5
6 5
3 5
2 5
163 8
171 2
10 10
64 1
22 4
76 1
48 4
120 7
101 1
111 6
17 10
187 9
177 9
171 9
170 9
163 9
135 9
120 9
118 9
111 9
109 9
108 9
106 9
101 9
86 9
85 9
76 9
64 9
50 9
48 9
25 9
22 9
21 9
20 9
17 9
13 9
10 9
9 9
2 9
181 7
150 6
117 8
137 8
178 6
15 4
26 1
4 5
33 1
139 8
182 3
181 3
178 3
162 3
150 3
139 3
137 3
136 3
132 3
117 3
110 3
97 3
75 3
33 3
26 3
23 3
15 3
14 3
11 3
4 3
3 3
2 3
126 8
70 10
5 3
92 10
158 7
49 1
32 4
121 10
96 1
34 4
165 2
158 2
128 2
126 2
125 2
121 2
96 2
92 2
72 2
70 2
49 2
38 2
36 2
34 2
32 2
28 2
19 2
9 2
8 2
6 2
5 2
2 2
153 6
59 1
69 1
90 1
51 10
1 0
2 0
3 0
4 0
5 0
6 0
7 0
8 0
9 0
10 0
11 0
12 0
13 0
14 0
15 0
16 0
17 0
116 1
169 6
146 1
124 10
196 8
183 8
169 8
153 8
146 8
124 8
116 8
90 8
69 8
59 8
51 8
47 8
41 8
37 8
27 8
24 8
23 8
20 8
19 8
56 5
197 7
138 1
194 1
131 5
79 10
200 7
89 10
18 0
19 0
20 0
21 0
22 0
23 0
24 0
25 0
26 0
27 0
28 0
58 9
200 6
197 6
194 6
191 6
138 6
131 6
89 6
79 6
68 6
65 6
58 6
56 6
53 6
48 6
39 6
37 6
33 6
32 6
30 6
189 3
142 1
29 0
30 0
31 0
32 0
33 0
34 0
35 0
36 0
37 0
38 0
39 0
40 0
41 0
42 0
43 0
44 0
45 0
46 0
47 0
48 0
49 0
50 0
51 0
52 0
53 0
54 0
55 0
56 0
160 1
195 3
179 1
57 0
58 0
59 0
60 0
61 0
62 0
63 0
64 0
65 0
141 4
195 7
189 7
179 7
160 7
142 7
66 0
67 0
68 0
69 0
70 0
71 0
72 0
73 0
74 0
75 0
76 0
141 7
77 0
78 0
79 0
80 0
81 0
82 0
83 0
84 0
85 0
86 0
87 0
88 0
89 0
90 0
91 0
92 0
93 0
94 0
95 0
96 0
97 0
98 0
99 0
100 0
101 0
102 0
103 0
104 0
105 0
106 0
107 0
108 0
109 0
110 0
111 0
112 0
113 0
114 0
115 0
116 0
117 0
118 0
119 0
120 0
121 0
122 0
123 0
124 0
125 0
126 0
127 0
128 0
129 0
130 0
131 0
132 0
133 0
134 0
135 0
136 0
137 0
138 0
139 0
140 0
141 0
142 0
143 0
144 0
145 0
146 0
147 0
148 0
149 0
150 0
151 0
152 0
153 0
154 0
155 0
156 0
157 0
158 0
159 0
160 0
161 0
162 0
163 0
164 0
165 0
166 0
167 0
168 0
169 0
170 0
171 0
172 0
173 0
174 0
175 0
176 0
177 0
178 0
179 0
180 0
181 0
182 0
183 0
184 0
185 0
186 0
187 0
188 0
189 0
190 0
191 0
192 0
193 0
194 0
195 0
196 0
197 0
198 0
199 0
200 0
