137 9
156 9
36 10
48 10
173 9
38 7
83 8
71 6
63 10
87 8
149 3
186 9
18 1
18 3
108 2
42 7
91 8
170 2
138 8
27 3
69 4
191 1
186 1
173 1
170 1
156 1
138 1
137 1
121 1
108 1
91 1
89 1
87 1
83 1
78 1
71 1
69 1
68 1
67 1
66 1
63 1
48 1
42 1
38 1
36 1
27 1
19 1
18 1
15 1
12 1
110 10
13 1
172 8
26 1
2 7
127 9
128 9
136 9
86 1
193 4
21 7
147 9
22 7
162 2
143 10
181 8
92 1
43 7
193 5
181 5
177 5
172 5
171 5
162 5
160 5
149 5
147 5
143 5
136 5
128 5
127 5
125 5
112 5
110 5
105 5
104 5
100 5
92 5
86 5
80 5
74 5
72 5
55 5
47 5
43 5
40 5
37 5
26 5
22 5
21 5
13 5
12 5
2 5
84 1
34 5
133 1
155 8
5 7
107 5
180 6
11 7
102 7
54 4
174 10
123 5
64 4
120 7
6 10
187 6
200 2
187 2
180 2
179 2
167 2
155 2
153 2
145 2
144 2
133 2
129 2
123 2
120 2
107 2
102 2
84 2
64 2
60 2
54 2
34 2
28 2
23 2
15 2
11 2
6 2
5 2
2 2
29 1
4 2
122 1
119 5
164 9
30 2
157 1
1 0
33 2
95 2
58 4
8 6
165 9
196 8
192 8
175 8
174 8
166 8
165 8
164 8
161 8
157 8
152 8
122 8
119 8
97 8
95 8
85 8
58 8
33 8
31 8
30 8
29 8
25 8
18 8
17 8
12 8
10 8
8 8
4 8
2 0
77 7
45 9
103 7
198 6
117 7
73 9
49 1
24 5
109 9
185 10
142 7
199 3
198 3
185 3
184 3
158 3
142 3
140 3
135 3
117 3
109 3
103 3
77 3
73 3
61 3
57 3
49 3
45 3
44 3
41 3
24 3
19 3
13 3
5 3
4 3
94 1
195 4
3 0
4 0
5 0
6 0
90 5
20 3
116 1
9 8
118 1
98 5
101 5
195 9
190 9
183 9
168 9
163 9
154 9
7 0
130 9
118 9
116 9
111 9
101 9
98 9
94 9
90 9
79 9
70 9
32 9
27 9
21 9
20 9
13 9
11 9
9 9
8 0
9 0
10 0
11 0
12 0
13 0
159 4
46 1
189 6
35 5
62 10
106 10
81 1
169 4
189 7
188 7
169 7
159 7
106 7
81 7
76 7
62 7
59 7
51 7
46 7
36 7
35 7
22 7
20 7
19 7
17 7
15 7
194 4
131 1
75 5
88 5
14 0
15 0
124 5
182 1
65 3
139 5
197 10
194 10
182 10
148 10
139 10
131 10
124 10
114 10
99 10
88 10
75 10
65 10
38 10
26 10
24 10
23 10
21 10
18 10
17 10
176 4
82 1
52 3
50 5
132 1
113 3
151 1
178 4
53 5
178 6
176 6
151 6
134 6
132 6
113 6
93 6
82 6
53 6
52 6
50 6
42 6
41 6
37 6
28 6
27 6
25 6
19 6
17 6
150 1
146 3
39 2
16 0
17 0
18 0
19 0
20 0
21 0
22 0
23 0
24 0
25 0
26 0
27 0
28 0
29 0
30 0
31 0
32 0
33 0
115 9
96 8
126 9
56 5
141 9
150 4
146 4
141 4
126 4
115 4
96 4
70 4
58 4
56 4
48 4
44 4
40 4
39 4
34 0
35 0
36 0
37 0
38 0
39 0
40 0
41 0
42 0
43 0
44 0
45 0
46 0
47 0
48 0
49 0
50 0
51 0
52 0
53 0
54 0
55 0
56 0
57 0
58 0
59 0
60 0
61 0
62 0
63 0
64 0
65 0
66 0
67 0
68 0
69 0
70 0
71 0
72 0
73 0
74 0
75 0
76 0
77 0
78 0
79 0
80 0
81 0
82 0
83 0
84 0
85 0
86 0
87 0
88 0
89 0
90 0
91 0
92 0
93 0
94 0
95 0
96 0
97 0
98 0
99 0
100 0
101 0
102 0
103 0
104 0
105 0
106 0
107 0
108 0
109 0
110 0
111 0
112 0
113 0
114 0
115 0
116 0
117 0
118 0
119 0
120 0
121 0
122 0
123 0
124 0
125 0
126 0
127 0
128 0
129 0
130 0
131 0
132 0
133 0
134 0
135 0
136 0
137 0
138 0
139 0
140 0
141 0
142 0
143 0
144 0
145 0
146 0
147 0
148 0
149 0
150 0
151 0
152 0
153 0
154 0
155 0
156 0
157 0
158 0
159 0
160 0
161 0
162 0
163 0
164 0
165 0
166 0
167 0
168 0
169 0
170 0
171 0
172 0
173 0
174 0
175 0
176 0
177 0
178 0
179 0
180 0
181 0
182 0
183 0
184 0
185 0
186 0
187 0
188 0
189 0
190 0
191 0
192 0
193 0
194 0
195 0
196 0
197 0
198 0
199 0
200 0
