195 4
18 6
76 6
44 4
175 9
167 5
186 9
148 2
72 4
40 5
141 3
85 6
65 5
110 8
188 9
160 2
34 2
103 10
36 2
176 3
188 1
186 1
176 1
175 1
141 1
138 1
124 1
113 1
110 1
109 1
103 1
88 1
85 1
76 1
72 1
65 1
44 1
40 1
36 1
34 1
18 1
2 1
172 5
33 1
26 7
26 9
152 6
43 1
82 1
168 10
147 1
174 5
8 8
142 9
51 8
68 8
11 10
66 10
93 8
154 6
5 3
195 7
174 7
172 7
167 7
160 7
154 7
152 7
148 7
147 7
146 7
142 7
136 7
134 7
132 7
93 7
82 7
68 7
66 7
51 7
43 7
33 7
26 7
17 7
11 7
8 7
6 7
5 7
4 7
2 7
61 1
87 5
196 3
92 5
54 6
50 7
139 5
79 1
131 1
149 5
37 9
121 6
100 7
19 4
179 10
45 9
99 9
194 10
196 2
194 2
190 2
179 2
168 2
166 2
165 2
164 2
156 2
149 2
139 2
131 2
121 2
100 2
99 2
92 2
87 2
79 2
64 2
61 2
54 2
50 2
47 2
45 2
37 2
19 2
18 2
10 2
2 2
158 4
104 1
94 7
39 2
77 2
78 2
21 3
32 3
118 1
106 7
187 10
199 8
120 1
49 3
140 6
52 3
199 5
197 5
187 5
183 5
158 5
157 5
153 5
140 5
127 5
123 5
120 5
118 5
116 5
106 5
104 5
94 5
78 5
77 5
52 5
49 5
39 5
34 5
32 5
24 5
21 5
13 5
4 5
2 5
182 9
29 2
7 7
161 1
73 2
200 4
126 2
129 2
111 7
95 5
75 8
46 3
133 2
90 8
171 1
200 6
198 6
1 0
193 6
182 6
178 6
171 6
161 6
133 6
129 6
126 6
111 6
95 6
2 0
3 0
4 0
91 6
90 6
80 6
75 6
73 6
56 6
46 6
36 6
29 6
27 6
20 6
15 6
13 6
10 6
7 6
5 0
6 0
7 0
8 0
191 8
159 4
119 9
12 7
53 1
135 9
81 1
180 4
114 1
31 5
151 9
38 5
192 10
191 10
180 10
170 10
169 10
9 0
10 0
159 10
151 10
145 10
135 10
119 10
114 10
96 10
86 10
81 10
67 10
57 10
55 10
53 10
40 10
38 10
31 10
21 10
18 10
14 10
13 10
12 10
11 0
12 0
13 0
14 0
15 0
163 3
108 1
69 5
144 8
42 6
41 2
98 5
107 5
125 1
58 6
22 10
181 4
163 4
144 4
128 4
125 4
117 4
112 4
108 4
107 4
101 4
98 4
71 4
69 4
58 4
48 4
44 4
42 4
41 4
30 4
24 4
22 4
20 4
19 4
18 4
17 4
59 2
122 8
16 0
17 0
18 0
19 0
20 0
21 0
22 0
162 8
62 2
97 1
35 5
143 1
89 2
184 3
162 3
143 3
122 3
115 3
23 0
24 0
97 3
89 3
65 3
62 3
59 3
37 3
35 3
32 3
31 3
30 3
27 3
26 3
173 1
28 3
130 2
83 4
105 4
177 1
70 10
155 2
63 5
189 8
177 8
173 8
155 8
130 8
105 8
84 8
83 8
72 8
70 8
63 8
60 8
25 0
45 8
41 8
38 8
34 8
33 8
29 8
28 8
26 0
27 0
28 0
29 0
30 0
31 0
32 0
33 0
34 0
35 0
36 0
37 0
38 0
39 0
40 0
41 0
42 0
43 0
44 0
45 0
46 0
47 0
48 0
49 0
50 0
51 0
52 0
53 0
54 0
55 0
56 0
57 0
58 0
59 0
60 0
61 0
62 0
63 0
64 0
65 0
66 0
67 0
68 0
69 0
70 0
71 0
72 0
73 0
137 4
102 3
74 0
75 0
76 0
77 0
78 0
79 0
80 0
81 0
82 0
83 0
84 0
85 0
86 0
87 0
88 0
150 4
185 4
185 9
150 9
137 9
105 9
103 9
102 9
89 0
90 0
91 0
92 0
93 0
94 0
95 0
96 0
97 0
98 0
99 0
100 0
101 0
102 0
103 0
104 0
105 0
106 0
107 0
108 0
109 0
110 0
111 0
112 0
113 0
114 0
115 0
116 0
117 0
118 0
119 0
120 0
121 0
122 0
123 0
124 0
125 0
126 0
127 0
128 0
129 0
130 0
131 0
132 0
133 0
134 0
135 0
136 0
137 0
138 0
139 0
140 0
141 0
142 0
143 0
144 0
145 0
146 0
147 0
148 0
149 0
150 0
151 0
152 0
153 0
154 0
155 0
156 0
157 0
158 0
159 0
160 0
161 0
162 0
163 0
164 0
165 0
166 0
167 0
168 0
169 0
170 0
171 0
172 0
173 0
174 0
175 0
176 0
177 0
178 0
179 0
180 0
181 0
182 0
183 0
184 0
185 0
186 0
187 0
188 0
189 0
190 0
191 0
192 0
193 0
194 0
195 0
196 0
197 0
198 0
199 0
200 0
