115 3
22 6
87 7
185 5
138 3
45 6
133 2
195 5
193 4
150 3
188 3
103 7
148 2
120 7
92 9
154 2
152 7
26 9
64 10
172 2
195 1
193 1
188 1
185 1
175 1
172 1
166 1
154 1
152 1
150 1
148 1
138 1
133 1
120 1
115 1
105 1
103 1
100 1
99 1
96 1
87 1
80 1
66 1
64 1
56 1
45 1
35 1
27 1
26 1
22 1
20 1
8 1
108 9
189 4
139 7
71 1
67 2
15 9
118 6
47 9
58 9
12 8
12 10
163 7
101 1
44 10
78 2
3 5
25 5
149 6
189 8
181 8
171 8
163 8
149 8
139 8
118 8
111 8
101 8
89 8
78 8
71 8
68 8
1 0
67 8
60 8
58 8
47 8
44 8
25 8
15 8
12 8
8 8
3 8
129 9
53 1
109 1
18 8
113 1
153 9
112 8
5 6
136 1
144 1
140 8
2 0
86 6
6 3
107 6
191 4
180 4
167 4
159 4
155 4
153 4
144 4
140 4
136 4
131 4
129 4
124 4
113 4
112 4
109 4
108 4
107 4
98 4
92 4
86 4
77 4
74 4
53 4
48 4
24 4
20 4
18 4
3 0
8 4
6 4
5 4
179 6
69 1
137 9
182 6
70 1
110 7
42 8
130 7
184 10
61 8
123 1
146 2
177 2
134 7
198 5
184 5
183 5
182 5
179 5
177 5
156 5
146 5
145 5
137 5
134 5
130 5
123 5
122 5
121 5
110 5
84 5
70 5
69 5
61 5
55 5
54 5
42 5
22 5
12 5
7 5
5 5
164 9
79 1
106 10
151 7
160 7
142 10
91 1
34 8
32 4
11 5
76 8
36 4
62 4
199 3
165 3
164 3
160 3
151 3
142 3
141 3
127 3
125 3
119 3
106 3
91 3
88 3
81 3
79 3
76 3
62 3
41 3
38 3
36 3
34 3
32 3
31 3
26 3
23 3
17 3
15 3
11 3
6 3
5 3
65 2
114 2
196 9
168 7
16 4
192 7
72 6
33 1
194 7
169 2
94 6
196 10
194 10
192 10
186 10
169 10
168 10
143 10
114 10
94 10
72 10
65 10
51 10
49 10
43 10
33 10
27 10
25 10
16 10
8 10
7 10
5 10
200 7
29 4
63 8
187 6
102 9
85 8
9 3
57 1
176 9
82 1
128 8
200 2
187 2
176 2
147 2
132 2
128 2
102 2
93 2
85 2
82 2
75 2
63 2
57 2
50 2
44 2
35 2
30 2
29 2
18 2
13 2
12 2
9 2
6 2
5 2
39 5
59 8
158 7
190 7
173 9
4 0
5 0
6 0
7 0
8 0
9 0
157 8
126 1
14 2
190 6
173 6
158 6
157 6
126 6
117 6
95 6
73 6
59 6
47 6
46 6
45 6
39 6
37 6
22 6
20 6
16 6
14 6
12 6
11 6
116 8
10 0
11 0
12 0
13 0
14 0
15 0
16 0
17 0
18 0
21 6
28 10
19 0
178 9
40 2
174 8
178 7
174 7
170 7
116 7
83 7
58 7
56 7
42 7
40 7
29 7
28 7
25 7
24 7
23 7
21 7
20 0
21 0
22 0
23 0
24 0
25 0
26 0
27 0
28 0
29 0
30 0
31 0
32 0
33 0
34 0
35 0
36 0
37 0
38 0
39 0
40 0
41 0
42 0
43 0
44 0
45 0
46 0
47 0
48 0
49 0
50 0
51 0
161 10
52 0
53 0
54 0
55 0
56 0
57 0
58 0
59 0
60 0
61 0
62 0
63 0
64 0
97 7
135 7
162 10
104 3
90 2
197 10
197 9
162 9
161 9
65 0
66 0
67 0
68 0
69 0
70 0
71 0
72 0
73 0
74 0
135 9
104 9
97 9
95 9
94 9
90 9
75 0
76 0
77 0
78 0
79 0
80 0
81 0
82 0
83 0
84 0
85 0
86 0
87 0
88 0
89 0
90 0
91 0
92 0
93 0
94 0
95 0
96 0
97 0
98 0
99 0
100 0
101 0
102 0
103 0
104 0
105 0
106 0
107 0
108 0
109 0
110 0
111 0
112 0
113 0
114 0
115 0
116 0
117 0
118 0
119 0
120 0
121 0
122 0
123 0
124 0
125 0
126 0
127 0
128 0
129 0
130 0
131 0
132 0
133 0
134 0
135 0
136 0
137 0
138 0
139 0
140 0
141 0
142 0
143 0
144 0
145 0
146 0
147 0
148 0
149 0
150 0
151 0
152 0
153 0
154 0
155 0
156 0
157 0
158 0
159 0
160 0
161 0
162 0
163 0
164 0
165 0
166 0
167 0
168 0
169 0
170 0
171 0
172 0
173 0
174 0
175 0
176 0
177 0
178 0
179 0
180 0
181 0
182 0
183 0
184 0
185 0
186 0
187 0
188 0
189 0
190 0
191 0
192 0
193 0
194 0
195 0
196 0
197 0
198 0
199 0
200 0
