1 0
31 5
146 2
140 4
10 9
30 9
145 4
51 5
75 3
54 5
61 5
155 2
189 2
127 10
90 8
125 6
79 3
8 2
188 4
165 10
163 6
188 1
165 1
163 1
145 1
140 1
127 1
125 1
117 1
111 1
93 1
90 1
89 1
88 1
79 1
77 1
75 1
73 1
65 1
61 1
54 1
51 1
35 1
31 1
30 1
26 1
20 1
11 1
10 1
8 1
139 9
55 10
38 5
148 9
164 9
109 7
32 1
76 10
41 5
49 5
21 8
21 2
132 7
161 7
68 5
43 1
12 9
197 4
197 8
178 8
172 8
161 8
132 8
109 8
100 8
96 8
76 8
71 8
68 8
55 8
49 8
45 8
43 8
41 8
39 8
38 8
34 8
32 8
21 8
12 8
8 8
7 8
195 2
186 5
59 1
150 7
193 5
58 8
181 10
113 4
121 6
147 6
191 10
168 9
29 6
24 4
190 9
47 6
195 3
193 3
191 3
190 3
189 3
186 3
181 3
175 3
169 3
168 3
164 3
155 3
150 3
148 3
146 3
141 3
139 3
120 3
107 3
105 3
101 3
62 3
59 3
58 3
47 3
29 3
24 3
16 3
14 3
10 3
7 3
6 3
4 3
42 2
86 2
196 10
118 4
130 4
2 0
63 1
67 1
108 2
176 9
95 1
129 2
97 1
166 6
196 7
179 7
176 7
170 7
166 7
147 7
142 7
130 7
129 7
121 7
119 7
118 7
113 7
108 7
102 7
97 7
95 7
86 7
83 7
67 7
63 7
50 7
42 7
28 7
23 7
15 7
11 7
8 7
4 7
115 6
106 2
81 1
60 8
162 9
103 1
17 3
78 8
19 3
157 4
25 3
37 3
184 9
187 5
184 5
162 5
158 5
157 5
156 5
115 5
112 5
106 5
104 5
103 5
91 5
81 5
78 5
72 5
64 5
60 5
37 5
25 5
20 5
19 5
17 5
12 5
6 5
4 5
173 4
159 2
66 1
154 9
134 1
56 8
36 7
3 0
4 0
82 8
152 1
74 7
151 8
194 10
173 10
159 10
154 10
152 10
151 10
134 10
128 10
124 10
122 10
114 10
98 10
82 10
74 10
66 10
56 10
36 10
26 10
22 10
21 10
9 10
8 10
7 10
6 10
33 8
57 8
167 2
116 8
135 8
180 2
183 2
92 1
133 1
137 9
200 4
183 4
180 4
171 4
167 4
138 4
137 4
136 4
135 4
133 4
116 4
94 4
92 4
70 4
69 4
57 4
53 4
46 4
40 4
33 4
32 4
30 4
18 4
12 4
11 4
10 4
6 4
174 9
27 5
13 10
87 8
182 9
131 6
192 9
192 2
182 2
174 2
131 2
126 2
123 2
87 2
34 2
31 2
27 2
17 2
15 2
14 2
13 2
7 2
6 2
185 9
85 8
144 8
177 8
149 1
52 7
143 7
199 9
48 5
199 6
185 6
177 6
153 6
5 0
6 0
7 0
8 0
9 0
10 0
11 0
12 0
13 0
14 0
15 0
16 0
17 0
18 0
149 6
144 6
143 6
85 6
52 6
48 6
19 0
20 0
21 0
22 0
23 0
24 0
25 0
26 0
27 0
28 0
29 0
30 0
31 0
32 0
33 0
34 0
35 0
36 0
37 0
38 0
39 0
40 0
41 0
42 0
43 0
47 6
46 6
45 6
160 2
110 5
198 2
84 3
80 10
99 3
44 0
45 0
46 0
47 0
48 0
49 0
50 0
51 0
52 0
53 0
54 0
55 0
198 9
160 9
110 9
99 9
87 9
85 9
84 9
80 9
56 0
57 0
58 0
59 0
60 0
61 0
62 0
63 0
64 0
65 0
66 0
67 0
68 0
69 0
70 0
71 0
72 0
73 0
74 0
75 0
76 0
77 0
78 0
79 0
80 0
81 0
82 0
83 0
84 0
85 0
86 0
87 0
88 0
89 0
90 0
91 0
92 0
93 0
94 0
95 0
96 0
97 0
98 0
99 0
100 0
101 0
102 0
103 0
104 0
105 0
106 0
107 0
108 0
109 0
110 0
111 0
112 0
113 0
114 0
115 0
116 0
117 0
118 0
119 0
120 0
121 0
122 0
123 0
124 0
125 0
126 0
127 0
128 0
129 0
130 0
131 0
132 0
133 0
134 0
135 0
136 0
137 0
138 0
139 0
140 0
141 0
142 0
143 0
144 0
145 0
146 0
147 0
148 0
149 0
150 0
151 0
152 0
153 0
154 0
155 0
156 0
157 0
158 0
159 0
160 0
161 0
162 0
163 0
164 0
165 0
166 0
167 0
168 0
169 0
170 0
171 0
172 0
173 0
174 0
175 0
176 0
177 0
178 0
179 0
180 0
181 0
182 0
183 0
184 0
185 0
186 0
187 0
188 0
189 0
190 0
191 0
192 0
193 0
194 0
195 0
196 0
197 0
198 0
199 0
200 0
