45 159
28 24
31 12
29 32
14 17
20 28
24 23
14 12
32 22
16 29
24 28
19 12
25 29
32 15
13 12
14 15
28 20
30 16
11 21
11 26
33 29
30 33
15 27
30 21
24 27
13 28
16 19
14 24
23 12
24 22
18 24
29 33
20 20
26 30
32 27
21 28
21 31
12 18
13 31
17 16
32 17
21 13
33 26
29 30
27 25
22 12
25 26
20 23
23 30
28 30
29 13
13 17
11 25
26 12
17 19
18 17
12 13
24 11
26 22
13 29
17 29
22 17
26 28
30 22
21 14
22 25
32 16
14 33
17 28
19 18
19 20
16 13
22 32
12 21
18 22
18 25
27 23
28 12
26 13
29 14
32 23
25 31
33 23
33 25
16 20
16 26
21 20
11 29
25 15
25 13
28 19
21 11
16 17
32 24
23 13
12 28
31 14
16 25
15 15
33 13
18 12
33 18
18 13
20 26
13 19
23 21
26 16
12 33
21 22
22 26
18 20
16 21
17 17
33 16
27 18
30 11
14 26
27 29
28 28
26 27
28 32
23 28
22 29
32 26
12 19
27 12
29 11
20 27
15 25
28 14
15 16
33 27
22 24
30 18
24 16
30 31
24 14
23 26
23 15
24 31
29 15
17 12
16 33
13 14
18 30
30 12
30 32
20 25
11 30
27 13
14 19
27 14
25 20
31 27
20 29
27 31
22 13
32 20
15 33
24 26
