53 227
29 23
27 20
14 19
21 23
38 33
39 14
37 30
32 29
19 28
13 17
38 17
33 37
29 22
34 34
35 36
37 21
22 13
22 24
17 13
38 39
24 14
30 25
39 23
23 25
18 21
18 22
25 30
21 38
18 33
13 21
30 33
28 39
38 18
37 35
25 38
39 16
34 24
35 37
36 32
31 14
36 14
13 37
25 13
21 14
34 39
17 38
34 17
30 14
22 34
27 30
36 22
18 28
32 13
30 16
23 17
31 24
29 21
37 13
28 24
20 18
16 26
16 34
39 18
15 23
29 35
28 15
14 13
24 20
32 26
37 24
25 31
15 39
29 24
30 27
19 23
28 14
18 20
34 38
19 15
35 27
29 32
32 15
27 25
22 25
19 18
28 33
21 35
15 16
21 31
27 15
33 18
18 38
33 22
35 22
21 26
30 17
28 35
36 24
34 21
17 22
39 19
38 36
19 27
22 26
37 22
17 32
28 19
25 25
34 25
23 24
22 16
37 36
38 32
39 39
30 31
24 13
20 39
31 33
17 21
23 33
22 17
22 19
13 30
37 15
20 13
14 15
20 21
32 24
29 29
20 29
24 34
25 39
38 35
23 19
23 27
20 38
39 15
14 24
38 14
37 19
35 20
23 13
21 30
38 15
39 37
15 29
19 34
14 33
31 20
16 22
29 13
25 17
16 15
25 16
30 30
17 20
17 26
21 13
28 26
26 13
22 37
32 38
15 18
36 34
36 36
26 19
35 35
24 30
20 14
19 20
15 32
35 25
39 35
21 17
13 15
29 39
14 32
34 14
36 28
37 27
39 25
36 25
22 35
35 18
38 24
17 15
38 29
36 33
30 34
38 27
37 16
24 39
13 20
19 31
16 18
37 32
13 24
19 36
14 17
23 20
28 29
14 37
33 13
31 28
24 33
39 32
24 29
24 23
21 25
13 27
31 32
35 32
34 15
25 24
13 19
19 14
21 16
32 31
17 23
33 33
34 27
26 28
36 29
26 20
24 36
23 38
20 33
