61 306
16 29
35 41
26 22
23 44
24 32
22 42
44 38
32 16
19 21
44 17
18 23
41 17
27 32
42 37
31 22
20 25
21 29
19 32
18 27
30 16
39 15
42 15
37 41
27 38
27 26
37 45
39 19
31 15
20 21
31 17
19 34
38 36
44 35
38 43
19 22
44 34
24 34
27 41
24 29
23 24
18 24
33 34
29 27
44 16
42 21
26 26
19 39
17 44
36 17
41 20
34 16
21 24
29 15
23 40
17 45
32 24
40 16
22 43
33 37
42 29
31 26
15 16
33 25
25 31
18 31
29 44
28 25
36 35
34 31
26 40
41 41
25 44
16 39
19 28
31 34
32 39
30 17
17 42
35 43
41 27
17 31
37 20
42 24
29 16
21 45
28 37
42 34
26 21
41 40
29 28
15 31
45 28
16 24
42 36
26 41
41 35
15 28
43 16
43 28
22 29
37 24
22 15
36 41
24 44
20 44
22 36
25 27
29 18
22 38
31 44
31 30
44 37
35 38
36 39
23 39
44 24
42 18
26 29
31 40
34 30
27 15
31 19
17 33
18 34
28 15
29 43
18 43
40 21
30 40
16 44
26 35
44 41
15 43
36 44
40 45
33 21
23 45
32 15
30 30
22 28
24 22
35 45
15 26
22 17
39 44
42 32
22 16
27 36
16 27
28 41
30 32
38 17
38 19
30 27
31 38
36 21
44 22
19 25
36 33
34 33
33 22
28 44
22 33
22 30
27 45
30 36
21 22
17 29
29 25
32 29
20 24
29 19
16 37
25 19
45 41
16 18
45 31
16 25
39 43
44 36
22 21
38 27
42 39
15 32
40 24
27 24
34 34
21 19
19 19
35 27
15 29
21 30
21 41
39 27
23 23
35 18
17 24
40 27
21 40
28 23
15 27
41 32
31 41
25 17
29 24
16 41
31 27
43 27
27 34
39 21
27 44
19 44
15 18
30 31
25 41
42 19
29 42
37 43
25 34
23 17
23 18
35 39
29 30
45 29
20 38
23 43
39 35
21 42
42 23
23 27
40 23
17 39
21 44
34 28
25 21
40 26
26 28
17 38
31 36
36 30
23 20
25 26
15 24
43 40
40 17
15 30
34 22
16 16
25 42
33 18
40 22
43 25
19 23
28 31
40 28
45 22
44 31
31 24
45 26
42 33
37 17
37 19
38 16
18 16
29 38
30 23
28 16
24 19
42 38
21 35
37 26
42 16
24 37
28 28
28 29
17 21
39 42
40 32
34 35
20 19
34 36
15 38
21 16
32 31
32 34
27 43
21 28
36 28
15 21
17 40
24 15
38 26
43 29
20 35
16 17
30 45
16 31
20 30
33 32
15 35
43 20
30 19
18 15
44 27
45 24
36 36
