53 107
36 17
26 38
22 14
31 24
14 33
38 32
37 34
15 38
21 15
21 32
29 22
20 18
36 15
16 37
32 23
19 14
27 20
24 31
30 27
27 23
20 39
14 20
24 15
29 30
33 16
33 18
37 23
25 29
29 38
23 25
25 31
26 13
26 15
39 28
24 23
20 32
27 22
18 29
31 32
28 14
33 33
30 15
19 26
34 13
34 23
23 15
23 14
24 28
37 26
34 33
34 25
38 19
14 15
13 21
37 29
32 16
15 20
17 39
21 35
15 39
32 26
18 30
20 21
13 23
37 36
30 14
35 28
32 28
33 27
39 34
28 19
19 21
13 25
31 34
38 15
32 17
37 30
27 13
29 21
15 34
25 39
16 14
22 35
14 35
13 24
25 38
36 13
38 30
35 37
29 24
25 35
38 23
16 21
24 20
38 28
29 13
28 30
20 27
17 23
26 27
34 39
39 23
36 21
15 22
28 39
27 32
27 35
