39 116
11 22
19 23
16 16
24 23
26 17
22 10
27 18
18 18
16 24
13 12
28 12
9 11
11 27
27 12
17 17
23 12
21 15
23 19
10 14
15 23
26 27
13 9
24 17
28 13
24 11
13 27
15 13
9 20
28 20
20 23
10 29
18 9
12 22
14 17
25 21
14 9
25 14
26 12
24 22
17 26
27 19
17 11
28 9
28 27
21 14
12 28
20 10
18 19
21 21
17 9
18 17
13 10
9 21
10 18
25 11
17 29
11 14
14 28
13 29
25 15
9 12
27 9
19 14
24 18
19 18
25 24
26 23
15 22
15 21
29 29
24 24
20 12
10 11
29 27
24 27
11 10
29 13
25 27
24 20
20 27
12 14
29 20
27 17
26 16
21 18
11 19
21 10
22 28
26 24
19 9
15 28
13 23
19 16
16 23
14 16
28 24
23 10
26 28
27 25
28 26
15 20
22 24
10 22
10 28
25 23
26 26
27 22
16 14
24 15
26 10
23 16
12 20
21 16
12 23
29 17
21 29
