53 211
20 14
27 28
27 18
29 21
15 36
22 13
37 23
32 36
24 22
24 37
16 14
30 22
19 16
15 19
18 14
34 39
32 23
25 20
37 28
39 31
13 27
14 22
15 29
26 38
32 24
31 20
27 14
28 20
35 33
25 29
27 17
27 24
15 33
24 13
28 32
24 39
26 35
38 28
39 30
37 35
14 21
17 36
18 37
22 24
38 37
25 27
36 24
28 29
19 38
27 39
29 29
20 20
33 23
26 32
20 27
25 30
36 35
20 24
28 33
17 26
29 27
35 29
32 29
35 24
26 19
20 26
19 26
25 36
16 33
38 39
27 34
25 25
35 39
29 18
32 37
35 21
18 18
34 33
14 14
27 22
24 25
19 32
37 15
15 27
23 15
25 32
15 15
38 32
16 36
18 38
36 31
33 35
39 33
33 27
31 27
32 22
37 27
35 28
16 21
17 28
26 22
39 34
13 25
16 24
31 33
24 15
39 15
35 31
14 36
37 34
14 35
30 24
16 23
38 21
39 29
22 38
15 25
19 18
22 18
36 22
22 27
19 25
37 36
25 16
30 14
32 25
14 29
22 15
22 19
24 18
33 33
13 20
31 35
39 14
21 15
36 21
29 14
35 17
39 16
37 38
33 36
31 34
29 37
21 21
20 19
28 38
18 21
23 37
26 30
30 34
39 27
15 13
22 14
34 29
30 38
31 23
26 26
36 36
35 23
33 39
21 13
15 35
26 20
18 26
27 37
38 36
20 29
20 30
29 16
22 35
16 19
36 20
23 34
21 39
36 37
24 35
18 13
36 27
39 26
25 13
24 21
15 20
18 17
19 14
19 23
33 21
26 13
25 17
35 30
29 39
22 17
30 35
32 18
14 23
18 30
28 25
29 23
33 16
39 22
34 26
17 20
36 34
37 25
18 25
29 35
24 26
24 34
18 34
30 32
20 21
29 13
