49 198
29 33
33 21
17 15
30 27
30 20
22 29
22 19
34 18
29 24
14 13
27 12
15 19
13 23
13 15
24 36
23 32
31 32
33 23
32 34
17 33
20 34
35 24
12 22
15 13
26 16
26 14
18 14
34 36
34 13
19 16
30 25
30 34
34 30
35 28
28 28
25 29
28 26
30 17
31 30
21 12
23 35
24 22
35 22
18 18
32 33
24 32
25 36
21 24
20 35
12 14
17 27
13 27
20 13
15 24
25 28
32 12
14 29
33 17
36 36
31 35
29 34
27 14
13 35
28 33
17 31
33 29
23 16
35 14
32 36
14 35
18 24
25 14
28 22
29 26
16 23
36 28
19 14
36 23
26 31
20 26
19 15
16 19
29 14
24 30
36 19
17 32
32 27
35 15
19 29
13 26
34 33
34 32
23 30
34 14
15 27
24 25
28 36
31 20
30 26
33 15
25 27
34 23
23 14
16 30
30 33
19 17
16 36
16 31
35 27
15 33
20 16
22 26
21 34
25 16
13 19
14 36
35 30
29 16
36 17
20 19
30 19
24 15
35 23
32 26
17 23
26 27
33 30
23 21
22 34
20 23
18 16
24 35
25 26
36 24
35 31
23 27
25 35
28 17
18 25
34 21
36 33
14 23
36 21
12 25
32 19
22 12
33 12
29 31
16 25
26 35
12 13
29 13
18 31
35 20
32 18
18 15
14 32
32 21
26 33
34 15
13 36
32 16
23 33
35 18
18 28
32 31
19 23
17 19
13 18
12 21
34 16
23 20
31 26
33 35
17 16
25 23
22 30
22 20
23 13
24 24
22 22
21 27
21 18
33 33
32 28
23 23
20 31
21 33
36 27
21 28
16 13
35 17
18 13
13 34
25 15
35 25
30 24
35 33
