45 155
13 11
18 18
17 18
25 19
23 20
32 13
17 17
27 20
26 29
18 29
11 19
28 29
23 24
11 15
29 32
21 24
32 14
30 16
20 16
20 31
12 31
15 29
17 30
24 26
18 21
28 32
33 15
17 31
23 23
15 11
22 17
27 32
24 32
17 33
13 23
31 22
17 14
33 12
14 22
16 31
13 20
24 33
33 18
18 23
32 15
20 28
29 23
26 25
21 18
15 24
28 11
29 13
25 12
30 21
27 12
27 25
26 27
23 27
32 17
28 21
14 33
13 18
28 24
25 27
18 30
14 28
24 23
20 20
12 28
20 29
31 11
19 32
32 11
14 25
21 33
22 32
30 11
22 31
11 16
15 18
26 22
30 23
31 23
16 13
19 15
15 33
23 14
19 30
20 30
31 29
31 17
32 33
16 20
18 11
14 27
30 33
20 23
25 16
31 26
13 17
32 20
12 29
32 22
15 25
29 30
11 32
21 19
20 17
18 19
31 14
32 23
17 13
28 25
29 27
14 29
21 16
21 12
12 13
14 20
24 22
13 29
17 25
32 25
13 25
15 12
22 21
15 21
28 23
30 12
31 21
30 15
15 32
25 23
18 25
13 15
24 18
31 13
16 32
15 22
24 12
29 17
11 29
28 30
21 14
17 23
27 18
30 14
12 33
23 32
16 14
31 27
11 23
15 23
23 11
27 24
