57 215
25 25
17 26
23 30
25 27
32 17
14 41
30 25
35 36
29 24
20 20
27 37
18 22
41 31
27 34
41 23
35 15
33 21
30 27
33 22
27 30
39 30
20 22
16 40
28 31
30 39
18 18
33 18
41 41
39 26
17 14
42 32
42 27
15 35
29 25
42 17
24 24
32 33
39 31
25 34
24 37
21 34
21 24
31 41
36 22
42 18
28 27
34 16
14 28
41 42
38 28
26 31
16 38
15 37
20 15
23 18
14 30
16 35
31 34
15 36
25 36
40 18
26 34
34 34
24 42
16 42
34 18
29 42
17 25
31 28
41 33
20 33
33 40
42 42
36 27
25 41
15 40
35 38
34 26
27 24
37 32
14 26
22 18
38 20
35 24
42 19
36 32
38 31
36 28
35 32
41 22
35 26
33 20
18 17
25 32
22 28
15 17
25 16
17 19
42 23
22 42
21 19
18 25
24 31
18 38
15 15
26 24
38 37
27 28
23 24
22 23
41 18
41 27
23 33
29 28
42 35
28 20
40 16
15 16
18 29
21 32
20 26
14 42
23 27
41 35
28 24
38 35
32 23
35 22
18 33
23 38
18 39
17 22
21 17
42 24
17 15
41 17
23 39
39 38
16 24
17 28
26 18
16 21
19 24
31 15
25 40
19 23
27 33
41 34
41 26
19 26
39 22
39 39
19 28
35 37
27 41
28 32
28 26
29 27
42 25
23 22
40 30
39 29
20 21
39 15
19 42
38 26
33 37
17 24
19 37
17 16
40 20
16 15
34 29
38 32
17 39
14 31
31 32
30 19
25 15
18 20
28 30
37 25
22 33
14 23
32 25
26 19
20 29
35 29
24 38
31 16
33 33
36 34
34 24
34 38
31 31
23 29
27 40
21 22
42 36
36 24
34 33
27 16
30 29
23 21
23 14
41 21
20 27
30 18
17 27
15 24
20 30
24 20
39 40
19 41
39 23
