55 200
28 28
18 35
24 19
13 38
22 15
34 34
35 37
36 19
16 21
38 24
36 36
40 38
18 28
25 21
16 16
29 23
22 13
29 33
41 39
13 35
25 15
33 41
34 17
13 39
40 22
21 15
38 23
30 35
20 36
38 18
39 23
15 14
29 25
32 26
33 35
15 29
24 27
39 26
21 35
13 28
27 34
30 15
22 38
20 20
29 20
25 29
35 32
16 31
28 35
33 14
20 13
20 21
24 35
18 26
31 23
18 33
23 25
20 29
25 38
21 13
22 24
20 24
30 18
35 27
18 32
22 25
40 13
30 41
15 39
35 20
18 39
40 40
29 41
17 37
29 14
32 18
23 34
41 25
36 32
22 19
28 17
30 39
38 22
30 30
15 37
21 33
29 13
24 29
38 16
24 34
36 18
33 38
30 40
31 29
37 38
30 28
38 15
13 34
13 17
32 27
27 30
26 25
40 14
22 14
23 29
36 24
15 21
22 20
20 40
21 39
20 15
23 32
40 17
15 18
22 22
37 26
14 17
29 17
17 32
35 16
30 26
41 21
38 34
38 25
36 22
23 31
27 23
20 30
22 31
18 38
28 36
21 22
22 21
28 19
16 24
35 22
22 27
28 23
20 16
14 39
38 39
16 37
24 20
32 20
34 24
20 34
22 18
41 15
25 34
33 32
40 26
30 33
34 36
21 40
21 27
33 16
19 31
30 31
34 19
29 24
38 38
32 19
30 27
16 27
27 39
15 22
19 24
32 24
26 14
41 27
14 27
16 15
34 40
32 25
14 25
23 35
14 21
25 27
34 41
30 29
15 36
37 16
26 34
15 40
18 13
37 24
36 14
40 35
31 37
31 27
39 24
29 34
23 26
21 37
29 30
36 15
24 22
29 22
22 26
41 24
