39 121
28 9
15 29
21 10
26 11
9 15
16 11
15 24
12 22
22 27
11 19
29 19
29 16
14 22
15 10
13 10
14 17
22 11
15 14
16 10
21 21
11 9
28 10
28 12
20 29
13 25
21 17
22 21
15 13
19 14
21 22
15 11
9 23
12 11
23 22
18 28
14 9
29 17
20 12
18 25
9 21
24 27
29 18
13 23
21 12
10 19
24 14
11 17
29 25
23 9
13 16
28 15
17 12
19 18
14 14
22 20
27 27
17 25
19 21
18 27
28 22
10 15
11 13
10 25
25 11
24 17
18 14
20 9
22 18
10 24
27 9
27 15
19 12
15 22
25 29
14 18
20 24
13 12
20 15
26 20
13 24
9 20
16 18
26 15
9 11
16 25
24 12
26 24
9 28
13 20
16 14
25 26
14 25
18 22
20 16
25 24
26 12
12 28
19 26
27 22
11 11
9 12
23 25
13 21
27 19
17 17
16 23
17 23
9 26
14 11
9 19
27 14
16 16
9 14
10 26
15 17
24 23
25 28
12 16
10 16
21 14
17 11
