59 105
30 18
41 38
21 26
26 36
20 30
20 14
31 24
14 32
22 34
18 19
23 33
37 20
20 41
26 18
24 16
34 24
20 21
42 23
43 30
22 19
20 26
32 25
36 34
23 22
34 39
42 44
22 35
20 34
26 37
23 15
32 40
28 19
33 14
25 42
18 25
44 24
23 24
32 15
20 19
42 43
35 16
27 16
19 22
28 14
30 22
20 25
40 35
40 34
35 23
39 19
17 17
31 39
16 27
28 17
40 43
37 25
27 35
23 14
27 22
34 27
41 41
16 41
35 33
25 22
18 32
14 35
31 17
44 26
39 38
24 41
27 28
34 31
16 44
33 29
41 44
14 24
24 20
27 43
36 26
17 36
30 19
14 42
38 14
44 29
24 26
41 27
33 16
35 27
40 22
39 14
41 21
40 29
21 38
28 27
17 30
36 42
33 32
20 22
41 34
35 38
39 24
14 37
14 15
15 41
28 41
