47 106
26 27
32 34
26 30
16 16
32 25
26 33
24 22
13 34
35 13
33 17
20 22
20 15
13 11
30 26
21 31
16 29
33 32
19 12
14 24
28 33
15 23
12 32
34 29
17 35
11 31
17 26
21 29
22 23
23 32
31 25
16 27
16 14
21 21
32 22
23 16
22 29
24 34
11 16
34 32
20 29
34 33
35 11
13 32
32 26
16 12
30 17
25 11
31 13
24 19
21 35
28 26
31 34
17 15
14 31
15 15
12 30
20 24
22 24
19 29
20 19
11 30
32 19
27 19
33 18
25 34
12 19
27 20
14 30
34 27
33 12
25 17
26 28
20 11
16 17
32 28
21 19
13 14
18 13
20 30
33 26
21 25
24 18
31 23
14 12
27 12
29 29
17 33
35 33
32 14
12 18
12 11
14 14
18 11
30 16
14 11
25 15
14 32
15 22
30 14
14 15
30 31
35 19
20 20
29 23
13 25
31 20
