39 122
15 22
21 26
19 21
10 26
12 25
9 21
15 12
28 23
23 19
21 28
20 16
15 17
15 20
15 11
18 10
9 26
24 10
28 26
12 9
15 21
17 26
14 19
21 22
10 24
29 14
28 29
18 9
19 29
18 18
19 19
20 20
25 11
29 25
22 20
25 28
17 28
12 24
9 15
10 10
15 24
24 24
11 20
21 14
29 26
28 12
27 14
24 28
19 11
29 11
27 13
24 18
13 26
24 27
9 22
27 24
15 18
25 16
11 18
16 27
27 11
13 23
11 10
28 17
20 18
20 26
10 29
9 28
24 14
19 10
19 22
10 15
24 17
15 25
24 20
14 26
27 10
18 29
24 22
9 12
11 11
25 9
29 28
22 9
23 14
28 9
23 10
20 14
18 13
12 27
28 15
26 22
12 13
27 15
17 19
15 27
18 25
23 26
22 13
25 27
19 15
10 21
21 19
11 24
28 21
17 14
23 18
19 17
12 20
14 18
16 28
26 26
15 28
9 24
20 24
11 25
11 23
21 17
9 17
15 23
24 23
24 19
19 13
