55 134
38 26
27 41
21 40
18 36
41 35
19 23
25 35
23 36
15 19
38 28
27 13
15 14
21 33
14 13
28 22
25 20
23 15
32 20
18 17
25 31
17 19
28 38
23 13
22 37
35 28
36 28
19 37
41 41
37 22
14 21
18 23
16 30
37 38
19 29
30 28
20 20
33 21
29 24
32 27
33 29
26 40
28 28
21 41
28 25
25 32
32 31
31 27
22 38
39 18
32 28
34 29
25 13
36 33
35 27
38 32
25 15
28 29
22 18
13 19
15 24
30 33
33 35
37 27
35 23
17 28
23 30
18 20
26 29
14 23
35 41
26 17
34 31
29 31
40 33
22 15
31 41
22 14
14 32
35 38
26 22
24 14
40 32
26 36
14 36
25 38
20 40
34 28
30 16
33 18
29 39
20 16
22 20
38 15
22 24
20 17
34 41
28 34
40 30
13 37
20 28
30 21
40 36
19 34
38 13
31 13
23 34
14 16
35 19
37 13
24 28
28 20
23 21
39 15
22 23
37 37
29 36
16 33
33 36
27 34
17 16
31 16
33 32
27 19
20 30
29 38
13 40
32 16
14 27
18 21
37 16
30 13
35 17
30 25
25 39
