47 84
13 29
34 28
19 18
21 22
18 20
35 27
28 29
18 30
34 13
29 15
28 16
34 11
12 14
33 25
17 18
24 20
34 12
22 30
23 24
30 31
27 23
12 30
17 26
12 12
14 14
11 11
12 32
27 15
12 28
19 31
34 32
27 30
32 23
12 26
29 34
33 15
11 26
23 32
26 22
23 12
22 24
16 27
16 21
12 34
27 21
19 26
33 33
34 20
21 17
35 31
32 28
17 30
21 30
19 11
19 34
17 15
17 17
34 16
27 18
27 19
19 28
19 21
24 33
28 12
31 26
23 18
23 33
33 17
25 32
15 14
11 33
31 22
26 23
27 12
25 15
11 35
13 21
19 19
31 25
23 23
30 25
24 18
32 21
20 33
