51 190
30 12
13 32
22 17
33 35
24 34
17 38
32 35
36 33
16 19
25 22
38 37
34 30
31 37
24 37
32 37
12 32
24 24
18 19
30 37
14 14
31 22
23 20
16 31
35 38
28 13
17 35
22 19
16 36
38 36
32 22
29 19
20 33
16 20
13 12
34 23
26 23
36 23
17 21
25 21
28 23
17 20
28 26
14 36
13 15
33 31
25 35
33 17
13 27
22 12
16 26
35 37
22 32
37 33
25 24
33 25
13 24
12 19
30 22
27 23
12 14
38 18
19 31
25 14
25 28
36 18
13 28
16 37
20 30
15 37
23 27
24 27
26 35
36 26
30 34
22 37
14 24
33 16
15 32
14 13
24 30
15 35
32 16
25 30
37 25
33 36
14 29
27 13
36 29
19 14
31 35
26 38
38 27
28 32
33 30
25 25
34 31
12 29
26 25
32 21
37 26
36 17
30 15
35 34
18 29
18 22
27 36
34 19
14 15
27 28
14 26
30 35
16 16
21 16
34 28
27 34
22 26
24 19
37 35
33 29
29 27
29 28
17 29
26 14
18 34
15 16
23 34
16 32
38 28
21 15
16 30
38 15
23 17
33 15
34 21
34 27
35 21
17 31
31 33
31 17
12 27
30 17
19 24
24 22
30 25
13 31
36 36
26 24
16 34
37 29
37 12
25 32
13 37
18 20
37 20
34 22
20 27
37 32
24 38
30 24
12 21
20 24
35 29
22 36
25 26
20 29
29 12
29 36
16 27
34 18
14 30
38 24
12 22
17 27
38 19
26 37
38 21
22 22
15 36
22 16
22 23
25 37
18 37
29 17
22 27
22 14
36 20
17 32
25 20
25 18
24 31
