55 156
40 22
31 19
38 22
19 16
18 13
38 14
27 36
14 26
27 31
31 30
34 23
25 38
36 29
18 35
21 13
34 41
39 22
25 17
37 26
34 37
23 14
34 40
37 17
37 18
20 33
16 25
36 31
17 22
16 40
14 39
27 33
22 33
28 40
28 21
19 40
35 41
23 35
39 31
27 20
32 34
26 34
31 26
13 17
29 16
36 35
35 35
19 21
36 30
40 24
16 13
14 34
23 18
21 27
34 24
16 32
28 38
41 41
24 19
17 34
23 39
15 39
31 28
31 14
23 38
18 20
28 25
32 27
13 30
29 21
38 17
32 35
17 19
23 15
33 26
37 33
30 31
41 14
28 14
29 15
30 27
32 21
23 24
16 27
40 30
32 38
34 19
37 39
37 35
22 38
19 27
25 16
34 25
18 18
41 24
13 35
17 32
18 41
21 41
20 37
16 23
40 39
19 19
41 37
18 30
30 28
41 25
29 18
27 18
23 20
21 33
15 21
19 17
32 22
25 36
40 17
13 16
22 14
27 19
32 31
17 23
19 15
41 26
24 24
24 37
33 39
35 14
29 29
16 38
30 37
24 14
28 36
34 17
38 13
25 26
14 24
38 24
19 32
36 33
17 15
29 37
14 22
29 14
15 41
28 31
40 37
26 36
16 22
36 16
32 30
24 32
17 37
20 35
27 23
38 39
35 20
37 20
