45 155
29 14
14 20
28 33
18 12
11 25
29 13
12 33
22 18
20 30
13 16
27 17
19 26
30 21
28 32
27 26
22 20
32 18
19 31
20 16
27 18
33 12
29 18
29 33
27 20
15 24
28 31
13 22
29 21
32 32
31 17
11 11
17 32
12 17
17 33
12 23
32 24
18 15
32 25
17 13
31 32
31 18
12 32
29 20
28 24
25 21
23 21
11 29
19 18
24 15
24 30
30 18
31 20
13 27
15 23
22 33
14 14
12 13
27 23
15 18
33 24
27 13
21 20
23 16
26 33
30 33
30 30
26 32
11 20
29 19
19 20
16 32
12 16
22 30
25 32
22 21
15 33
22 11
32 30
33 17
18 19
30 20
11 30
21 21
28 23
30 32
15 32
20 27
22 29
12 25
20 13
18 27
32 23
23 30
19 13
24 25
13 20
26 27
18 23
29 27
31 26
16 15
31 27
25 22
23 28
31 29
23 20
21 24
18 26
24 17
11 17
33 16
14 32
32 22
13 15
24 11
31 25
26 26
21 16
15 26
16 31
30 27
11 27
12 22
14 12
11 28
23 27
21 14
20 11
13 30
14 30
25 30
25 23
15 12
12 31
13 32
30 12
17 22
25 25
11 21
26 20
13 33
26 17
33 25
22 24
22 32
25 16
28 19
15 13
22 22
19 14
23 32
12 28
15 21
17 23
16 20
