43 149
12 23
28 31
14 26
16 25
20 18
27 15
10 19
18 28
25 16
21 12
22 16
11 29
29 25
28 19
26 27
25 11
24 22
15 22
18 21
12 22
11 28
17 16
31 13
29 31
18 11
13 13
18 22
29 26
16 20
30 28
22 11
19 14
15 10
29 20
13 15
14 28
27 22
24 25
31 26
18 26
20 23
21 17
23 20
24 32
20 27
22 30
28 28
31 17
25 21
13 20
28 25
32 19
11 23
28 15
13 23
10 10
19 27
12 14
25 19
28 27
23 32
24 19
20 13
26 23
17 18
30 21
26 29
25 24
14 25
15 15
31 27
30 24
16 12
16 22
29 18
12 24
13 29
12 16
25 28
22 21
26 12
21 32
32 26
20 15
10 13
27 31
13 24
19 20
31 20
20 16
25 14
28 14
12 32
19 32
23 29
15 17
10 16
16 17
32 25
16 29
10 32
30 25
22 26
16 30
22 19
20 26
23 19
22 24
21 11
20 30
10 21
12 26
32 15
19 26
12 29
17 25
20 32
19 13
10 18
27 19
30 30
28 20
18 14
31 14
17 24
16 32
28 29
14 12
15 25
32 20
24 11
29 21
30 13
21 23
21 22
15 30
24 16
32 28
29 14
20 21
26 19
23 28
25 15
25 12
17 14
28 16
32 14
31 11
28 18
