57 244
41 27
18 37
35 28
35 22
37 19
40 15
37 23
17 29
26 28
31 41
14 21
18 27
16 40
40 27
29 37
34 41
32 38
30 42
27 31
30 14
36 40
23 16
26 32
18 16
21 36
40 20
36 14
35 18
41 33
38 20
27 27
19 31
21 41
41 28
16 42
32 20
19 26
18 20
29 31
37 32
28 42
23 41
26 40
21 39
28 22
24 16
26 36
41 41
18 29
37 33
36 20
34 31
39 21
39 26
21 27
14 22
34 35
26 41
32 32
40 32
39 35
35 26
40 23
37 25
30 39
23 17
22 25
38 37
20 15
18 18
21 28
24 41
42 36
30 25
18 21
16 27
16 31
30 24
14 35
26 30
40 14
14 40
32 22
15 37
30 36
38 33
35 17
30 28
38 41
31 36
29 19
32 42
29 41
15 34
28 16
15 32
28 24
17 19
35 37
19 30
23 18
19 37
35 24
20 28
22 30
30 33
38 40
38 39
22 31
31 35
21 33
33 25
15 15
22 35
36 17
37 31
36 15
42 25
22 28
21 40
23 35
37 39
40 33
22 39
17 31
35 30
31 25
41 36
37 37
22 38
19 42
31 39
22 16
35 32
36 42
26 18
36 32
27 33
40 16
34 30
28 30
16 38
20 41
17 37
14 30
23 21
18 19
34 32
28 38
31 23
22 17
24 42
32 40
24 33
41 21
29 21
42 21
26 15
22 21
15 25
41 26
16 22
14 17
31 24
18 34
20 30
37 22
17 27
19 25
42 39
14 27
30 37
24 39
39 33
42 20
20 37
39 19
14 38
39 29
24 14
40 30
23 14
20 14
26 42
27 30
36 24
38 16
38 22
41 15
16 23
26 35
22 41
35 23
21 16
20 24
36 22
23 34
31 19
21 15
17 14
39 22
23 28
35 15
42 35
39 14
31 26
28 28
22 36
35 29
23 31
39 31
27 17
32 35
27 21
35 33
31 22
21 31
27 25
17 38
37 41
18 26
24 24
15 20
36 19
41 14
39 16
32 26
16 35
40 42
17 35
40 22
33 20
18 31
39 39
26 29
40 36
32 33
27 14
32 25
33 37
39 28
35 25
31 32
28 21
