55 143
36 13
15 33
20 19
38 41
21 38
35 15
33 14
17 24
40 34
20 33
21 18
23 28
21 25
25 19
28 13
13 21
27 21
30 40
20 17
24 17
27 26
29 13
33 22
15 35
16 35
26 28
32 25
24 36
19 22
19 19
20 21
15 15
35 32
31 28
17 36
31 36
18 35
34 18
28 41
32 18
33 26
18 26
41 31
41 32
22 17
16 14
34 41
15 25
21 29
35 39
13 38
13 25
22 22
39 15
26 30
13 20
20 24
32 28
24 19
13 34
30 14
38 35
28 29
40 19
29 33
14 36
13 26
33 27
40 13
28 17
30 37
14 38
41 15
32 16
20 28
15 17
33 23
14 26
33 30
14 28
31 29
14 27
31 27
38 15
19 29
27 33
17 15
19 15
40 24
34 14
39 41
21 35
17 22
22 34
40 21
21 33
28 28
28 25
24 13
41 39
38 22
13 27
31 38
33 38
35 31
37 16
26 32
25 18
15 38
18 31
13 28
34 37
33 29
31 35
26 36
26 24
24 41
17 26
41 34
27 28
15 16
20 18
17 18
18 34
32 33
19 18
36 25
34 31
18 13
32 37
37 14
31 21
33 36
34 28
40 35
31 26
17 17
37 39
19 35
35 20
20 39
23 33
24 18
