59 123
16 19
32 39
40 38
18 18
22 26
34 22
16 37
18 27
24 28
20 30
43 36
31 28
24 39
24 19
28 24
29 17
26 24
32 24
21 34
43 28
25 40
22 30
29 15
26 17
22 18
27 41
43 29
32 28
22 44
19 20
40 22
34 18
34 39
36 34
34 37
37 23
19 26
26 15
29 35
41 18
30 27
29 40
38 20
36 17
37 40
44 43
37 26
28 36
30 21
42 29
44 40
36 24
38 23
40 37
43 20
23 32
44 42
33 19
19 42
15 30
14 32
44 28
16 22
16 18
39 16
17 22
36 14
26 40
15 44
28 42
38 29
14 36
41 25
38 33
19 39
15 41
25 25
15 42
33 41
21 31
38 37
18 41
43 14
38 16
26 30
28 25
29 42
44 33
30 24
24 30
33 34
26 16
21 20
33 29
16 16
30 18
18 22
39 35
38 34
42 20
44 15
16 42
18 29
40 30
33 37
44 37
27 36
31 37
43 25
30 28
41 21
30 25
18 37
36 33
26 29
44 27
30 26
39 36
41 14
37 41
26 26
24 18
42 34
