45 155
13 33
23 14
16 31
28 19
21 19
13 25
28 20
14 12
14 19
25 21
32 31
20 20
24 14
27 33
30 30
29 26
33 29
20 25
24 23
30 22
26 17
31 24
13 23
31 15
33 30
16 12
32 30
22 14
15 14
29 21
13 17
13 20
27 14
22 19
26 26
28 12
12 31
14 18
16 29
17 25
12 25
31 21
19 32
13 21
15 19
28 23
19 27
28 14
25 31
33 18
12 11
15 13
20 31
19 33
23 28
24 30
30 29
17 18
26 19
29 28
11 21
18 18
24 26
12 27
32 14
15 27
16 23
27 26
28 15
26 12
17 21
14 20
27 17
20 16
15 15
22 18
29 20
17 24
21 30
22 17
16 21
33 13
31 30
18 32
32 32
13 12
24 25
11 20
11 16
33 28
13 26
33 20
14 15
30 25
28 28
29 12
26 32
19 22
19 18
12 22
21 33
29 30
23 25
33 11
22 33
25 30
22 16
22 11
20 13
30 14
23 27
23 24
12 28
18 19
25 16
15 11
16 33
21 12
14 31
31 33
15 22
26 23
19 26
11 11
22 23
27 13
28 25
15 30
24 13
27 25
12 19
16 18
17 17
33 21
17 32
21 17
26 20
26 31
12 33
33 22
27 21
32 22
14 28
28 24
32 26
17 16
20 18
15 28
16 24
11 31
33 33
21 18
22 25
16 30
29 13
