51 203
18 12
29 25
37 23
17 35
23 24
26 24
18 13
30 12
23 28
31 31
30 22
15 25
19 32
38 13
14 38
32 32
35 19
12 13
38 16
15 19
17 37
13 13
33 18
24 21
18 37
24 32
22 12
36 25
30 20
32 30
30 23
22 29
19 26
16 25
27 15
34 38
25 33
27 16
36 27
20 12
13 19
26 15
34 34
27 12
18 22
36 30
12 34
19 25
20 30
26 36
29 29
33 32
33 30
32 21
29 37
17 32
19 14
17 30
12 16
18 20
32 23
23 18
26 30
37 20
30 37
26 19
30 27
38 18
17 24
18 26
21 33
32 34
35 29
17 19
24 27
16 26
16 24
24 29
38 27
25 34
12 25
21 24
16 35
32 17
15 20
15 32
38 24
27 31
33 34
19 29
36 18
14 20
24 14
16 13
20 35
27 30
29 17
25 21
32 29
36 38
30 30
29 23
36 17
37 16
21 13
30 36
18 19
28 38
36 21
35 25
19 17
18 25
25 31
28 32
37 36
19 12
13 20
32 38
28 16
14 35
29 12
19 37
36 16
14 13
15 37
28 23
15 36
34 15
14 26
15 27
26 37
15 28
18 18
19 27
15 13
34 28
17 27
14 27
23 34
27 17
32 37
20 29
18 24
23 30
27 29
30 16
27 25
26 25
36 28
16 12
28 30
13 17
25 12
14 33
16 30
16 32
20 23
25 38
38 22
36 15
28 34
31 34
37 15
14 24
19 18
25 17
36 23
14 28
20 27
38 35
33 38
32 35
22 14
15 30
22 20
19 34
38 17
30 32
17 33
36 14
13 30
21 19
19 28
24 16
35 38
27 35
12 26
38 23
31 15
33 14
31 28
27 26
26 31
14 21
23 17
29 20
31 32
34 31
35 27
20 21
36 34
19 16
35 37
