47 115
13 19
28 18
16 32
20 25
16 31
12 32
17 35
13 15
34 17
33 26
24 25
22 22
35 11
30 34
17 25
20 33
14 25
32 33
28 31
30 15
31 11
15 18
21 19
33 11
15 16
18 13
30 19
29 30
12 19
16 23
31 21
31 14
18 27
28 30
25 21
30 29
30 26
12 34
27 19
23 28
21 14
11 34
16 21
11 17
25 31
33 16
23 34
23 21
12 27
23 33
30 35
35 26
12 18
18 16
23 32
21 13
20 27
14 20
31 19
24 11
33 28
24 31
34 22
11 30
27 27
18 14
14 29
22 17
12 26
25 24
15 14
25 22
27 31
28 24
35 27
21 16
13 28
15 13
29 31
25 27
12 14
16 34
14 32
18 33
28 34
16 22
11 26
17 19
15 27
12 23
25 35
27 30
25 19
13 31
27 22
21 12
24 21
27 16
31 35
13 35
30 23
19 18
31 31
17 32
11 15
32 25
30 27
23 18
12 17
16 33
28 23
27 20
24 22
18 23
13 23
