59 101
44 25
18 33
31 26
35 18
36 29
35 26
37 20
38 27
32 23
27 37
44 40
18 28
24 20
23 32
43 38
16 14
32 24
25 16
17 19
32 27
27 26
25 21
36 20
31 37
26 41
27 31
18 25
16 16
19 38
36 14
22 38
33 31
14 24
16 30
39 29
15 42
21 17
31 21
14 28
21 19
33 44
29 32
31 35
42 41
39 35
14 23
22 34
27 41
41 44
38 38
22 42
35 25
38 28
14 35
43 32
17 35
18 14
28 17
16 25
20 40
15 41
34 28
19 23
20 27
22 25
19 26
20 34
27 36
25 38
42 21
26 32
25 25
42 32
34 32
40 39
26 25
41 19
14 25
18 36
25 27
24 19
19 41
14 33
43 35
33 26
33 38
44 15
39 18
39 19
34 23
41 29
17 16
15 14
27 17
34 44
42 37
27 19
35 37
26 23
24 33
25 14
