57 90
39 20
39 19
29 38
16 36
15 33
18 39
37 40
32 40
18 41
21 25
36 21
22 36
41 24
32 39
28 15
29 25
33 23
20 20
16 31
40 32
35 35
39 25
41 17
35 41
33 17
20 19
36 35
33 24
21 15
40 23
28 31
27 21
31 42
34 31
30 26
39 18
33 21
42 37
20 33
37 34
25 30
27 36
26 26
32 27
14 42
36 39
32 42
35 34
23 17
42 24
39 41
34 23
21 19
39 17
21 24
23 18
37 36
42 16
20 38
41 29
18 15
27 33
25 36
21 36
20 26
24 33
19 39
31 19
22 18
36 26
33 32
37 24
35 26
15 22
40 42
42 29
21 21
32 21
38 29
37 18
14 32
23 42
23 14
29 30
15 14
37 27
25 14
30 30
18 37
20 36
