41 105
25 12
23 27
10 15
25 27
17 18
26 15
12 28
23 26
18 25
15 19
10 21
22 24
18 15
28 30
25 22
26 18
26 23
24 20
10 29
30 27
12 12
30 30
28 29
11 17
10 22
20 10
15 25
11 14
26 27
20 30
26 24
25 10
29 22
23 23
17 30
19 22
24 29
21 22
29 20
24 25
12 30
13 19
22 29
26 26
18 26
13 20
11 30
21 15
25 15
30 14
22 25
11 15
19 16
26 20
28 19
24 14
21 28
12 13
22 27
21 19
17 11
27 29
17 12
13 15
15 24
21 26
13 11
22 17
23 15
11 13
13 12
19 27
27 17
28 25
10 26
12 25
10 30
12 17
20 15
20 28
23 10
11 19
21 11
13 13
18 24
28 16
24 28
10 24
18 17
25 16
17 29
24 18
16 12
28 11
17 16
19 28
10 19
26 29
18 10
19 11
28 24
21 21
30 20
27 27
15 14
