47 156
33 13
19 21
11 16
31 24
16 18
12 24
28 19
11 18
15 21
32 22
35 16
32 34
33 31
11 26
21 34
17 14
19 11
16 24
20 25
30 20
25 14
24 18
33 22
19 16
22 19
11 19
19 14
22 14
32 13
27 17
31 16
20 17
32 19
15 25
16 27
11 31
19 18
12 12
29 12
24 14
25 17
18 23
25 28
30 16
13 27
30 15
21 12
35 11
27 12
28 17
33 33
22 32
32 29
12 27
25 33
20 34
16 14
24 23
16 20
18 32
14 11
24 27
31 14
26 27
17 16
16 17
11 25
16 30
26 19
33 20
22 23
18 13
19 32
12 13
28 16
27 31
17 19
22 20
31 31
27 21
12 14
28 14
12 29
35 24
18 24
26 12
32 20
23 20
20 14
16 33
21 19
26 16
18 31
11 20
21 32
12 33
13 19
26 29
30 31
14 30
18 21
28 32
26 21
35 30
31 12
35 29
18 25
21 29
26 35
14 35
16 19
11 34
31 30
26 26
11 32
29 27
14 14
13 11
19 19
14 18
25 12
32 16
20 24
31 19
27 29
22 34
17 34
29 23
18 18
15 20
14 33
34 29
23 32
21 30
20 21
20 23
28 34
35 33
25 30
17 33
22 12
15 34
14 24
17 21
30 14
20 29
16 12
24 34
13 22
13 16
19 34
19 20
32 18
21 15
20 30
12 23
