61 238
15 44
20 41
39 27
40 31
41 29
21 27
30 29
39 25
33 20
21 21
45 37
19 28
37 31
35 27
33 18
44 37
33 37
22 18
25 17
19 25
26 41
43 37
38 16
30 31
34 27
19 33
40 42
31 29
28 40
30 20
24 21
43 39
40 38
45 36
17 21
32 22
25 34
37 20
41 30
17 30
43 27
28 39
26 16
40 25
36 20
38 22
43 20
40 32
33 16
35 41
28 45
28 36
31 17
39 24
44 31
35 22
30 16
19 34
36 25
34 24
44 34
25 27
36 44
37 21
21 29
26 45
41 42
44 16
39 21
41 43
32 21
32 30
15 33
30 26
39 34
25 19
16 39
15 28
45 18
24 15
22 30
44 23
22 21
33 15
40 30
40 22
36 37
25 35
20 19
45 33
35 33
16 28
21 40
19 15
28 32
17 41
39 15
43 44
23 24
35 25
44 35
36 34
26 35
15 19
25 22
43 24
34 20
23 44
27 33
21 37
25 41
35 40
28 27
45 15
41 37
39 18
15 45
31 24
27 15
24 24
33 31
42 42
45 31
40 45
33 19
39 42
17 40
39 39
44 33
24 29
25 32
33 45
44 19
37 27
39 23
18 23
23 38
40 34
43 18
25 29
21 17
42 24
24 41
15 29
35 28
30 45
33 35
27 29
22 39
34 29
36 45
18 24
31 23
36 28
41 41
23 34
31 44
32 29
23 21
26 19
37 22
24 33
30 19
25 23
21 33
40 43
20 23
18 21
30 34
38 21
31 31
16 41
16 29
37 24
39 41
25 20
45 41
18 30
18 45
25 39
41 27
16 31
21 28
38 29
20 18
28 38
40 20
18 44
43 45
34 40
18 31
23 30
36 27
28 25
28 28
24 20
22 22
31 16
26 36
36 32
39 43
17 18
32 28
40 37
42 38
22 44
16 22
34 32
38 27
33 28
35 30
39 20
35 19
32 20
21 42
24 40
41 20
45 44
41 34
22 27
38 34
28 29
16 16
23 35
21 26
38 42
24 44
42 39
26 31
32 26
15 17
29 23
20 16
38 45
20 24
25 16
33 30
42 29
