55 194
18 39
36 28
16 34
39 15
29 38
24 28
26 29
33 24
25 25
15 29
14 21
28 22
19 38
35 34
31 29
38 33
41 19
31 17
19 33
28 20
18 31
36 35
25 33
19 22
38 14
24 37
29 15
32 32
37 21
15 15
32 24
38 16
24 20
24 13
31 15
24 35
13 27
20 21
32 34
14 19
17 36
13 40
20 33
36 36
35 27
24 39
24 15
19 13
29 32
21 25
39 39
14 36
41 18
25 18
33 28
34 28
36 18
37 25
16 26
27 27
25 15
36 40
20 24
41 21
37 19
39 18
25 39
37 40
36 22
13 28
41 34
23 34
13 29
16 15
26 32
34 27
32 38
25 26
26 27
29 35
19 28
40 39
33 23
33 39
36 31
17 38
20 32
33 30
30 29
40 19
15 25
35 28
37 41
28 26
21 16
13 21
20 17
19 36
30 39
23 14
27 26
13 34
22 21
30 31
37 38
16 38
19 29
13 37
29 13
32 13
39 31
32 36
35 15
31 20
17 25
15 30
21 19
17 17
38 30
30 19
24 17
29 34
21 28
21 14
31 21
36 14
31 24
16 29
35 18
14 20
26 25
18 41
21 21
21 18
20 28
18 29
34 20
22 26
14 41
34 13
41 13
29 31
22 36
17 33
28 35
20 22
29 26
13 18
28 40
27 22
20 35
40 25
30 13
38 15
26 37
37 23
41 33
18 38
31 25
40 37
19 25
35 37
38 40
22 25
17 29
37 32
36 23
19 35
16 22
14 15
21 35
14 27
33 36
17 26
17 39
18 35
21 36
18 25
23 15
35 14
32 35
39 32
13 19
34 24
33 34
35 21
20 40
40 23
27 38
38 23
26 26
23 24
23 41
40 30
