53 137
35 16
38 19
15 19
26 25
31 21
13 13
26 38
20 21
16 34
32 34
14 25
28 31
31 32
14 38
13 25
27 21
27 25
39 28
25 33
38 36
13 22
23 15
16 35
31 30
13 15
18 39
14 34
15 27
17 28
13 36
34 20
37 28
20 28
23 28
20 30
35 20
33 13
27 34
32 21
38 38
35 24
32 14
23 27
34 22
28 13
24 28
30 39
17 37
31 18
20 22
17 24
38 13
25 32
22 21
16 25
18 36
15 23
32 36
31 20
15 29
18 37
24 31
39 30
34 27
21 26
14 26
35 21
29 17
13 26
15 32
29 21
26 19
23 30
25 39
18 34
37 17
13 29
20 23
24 15
18 27
17 39
17 32
30 29
32 37
38 22
18 14
32 20
21 37
27 19
34 34
32 13
37 22
23 16
27 20
24 20
29 18
13 24
37 39
21 38
31 22
17 30
38 15
25 38
17 38
34 32
21 39
16 39
14 36
27 23
37 15
37 20
36 24
20 19
39 34
29 27
17 16
37 31
24 29
32 25
18 16
13 16
20 25
25 19
26 35
18 18
38 31
24 30
25 23
27 29
22 32
23 31
31 27
39 32
24 33
18 26
24 27
20 33
