43 102
11 30
17 14
29 22
20 25
14 13
30 27
14 22
25 30
11 11
20 20
25 11
29 11
15 12
30 26
13 10
10 10
32 11
31 27
25 21
31 28
12 22
16 29
28 25
26 13
18 21
10 27
11 32
10 32
31 16
22 24
14 19
32 20
18 26
18 10
19 16
30 22
18 24
11 17
18 14
22 29
23 11
16 31
30 16
12 25
18 30
27 11
24 20
16 27
22 30
25 20
18 25
18 17
23 32
32 25
13 19
20 15
10 21
14 14
10 15
32 19
29 30
14 18
13 16
15 13
26 31
12 30
27 21
15 23
24 10
31 24
17 12
19 21
10 11
13 18
22 14
29 27
18 31
16 32
17 25
28 14
16 18
32 29
12 11
25 18
12 14
26 30
23 23
32 15
21 21
27 12
14 12
32 26
21 17
17 24
25 17
10 19
22 11
27 31
26 15
15 15
14 30
24 28
