45 104
28 28
20 26
12 29
11 11
33 24
23 28
25 15
20 14
30 31
19 12
21 20
30 25
18 26
17 29
13 29
28 22
17 25
14 25
24 20
17 12
22 24
16 19
32 33
16 21
15 30
30 23
30 14
27 28
30 24
26 22
28 14
33 18
18 23
11 25
29 14
29 15
23 23
27 26
23 20
23 19
14 27
16 17
14 30
29 19
23 14
18 25
32 27
21 28
18 28
11 23
17 31
30 26
27 16
15 20
31 20
17 24
22 20
11 14
31 32
25 31
19 16
15 13
17 11
25 24
18 18
24 33
22 18
12 22
26 15
27 30
31 24
25 30
33 29
14 16
33 21
23 26
25 14
19 29
26 32
27 12
32 29
18 16
11 31
31 16
11 15
13 11
18 27
19 28
24 19
11 33
24 27
20 21
15 11
12 11
27 24
25 13
18 33
16 32
16 31
31 29
17 22
15 26
24 21
19 32
