59 235
21 26
34 39
23 19
23 44
33 19
42 42
18 14
18 32
36 30
41 43
44 25
20 18
22 30
44 26
40 19
18 23
40 14
43 43
38 15
37 20
20 39
38 22
26 24
40 22
35 25
28 15
35 34
18 37
25 26
29 36
35 32
14 24
39 43
30 23
43 21
18 15
29 43
27 22
32 37
38 21
19 15
19 27
31 21
34 36
29 15
21 21
43 27
34 27
24 25
37 30
19 22
29 20
25 31
41 41
18 34
20 16
33 39
29 18
32 24
23 30
23 38
22 38
38 29
14 30
20 31
18 42
42 17
34 40
42 30
17 20
27 41
29 21
28 44
17 27
31 16
18 16
29 30
33 25
37 28
21 31
18 41
40 41
44 22
37 40
44 14
43 25
25 44
41 26
42 34
36 27
32 15
17 31
25 35
37 43
15 39
23 29
22 29
28 21
25 43
26 22
26 25
33 22
29 25
21 15
17 38
20 33
15 38
30 17
31 42
21 36
43 31
43 33
27 39
43 23
16 42
20 37
38 27
44 37
38 17
44 33
43 44
26 18
38 43
33 18
31 24
37 15
18 25
15 16
18 17
28 29
30 42
29 17
20 42
28 20
30 18
32 36
27 37
28 43
27 16
16 38
31 33
37 23
32 28
24 39
14 34
42 41
14 15
39 41
28 34
29 29
24 34
28 18
25 30
15 41
14 21
25 17
27 27
16 18
33 27
29 38
21 43
44 28
30 16
39 14
19 40
27 17
36 29
27 42
33 28
35 15
36 24
43 18
25 24
40 16
39 28
36 43
15 21
25 34
44 20
30 36
40 26
31 28
32 25
31 41
27 28
38 18
17 17
31 26
14 40
42 37
35 17
44 42
31 34
22 28
26 28
17 16
26 38
40 37
39 26
20 36
35 31
33 43
23 36
24 22
35 21
14 28
21 18
31 38
36 36
16 22
24 26
44 41
14 43
22 43
43 35
35 27
42 26
27 24
16 19
39 38
28 28
43 32
32 14
29 34
21 22
32 44
23 21
33 17
44 30
39 37
33 16
38 32
32 41
39 22
34 23
