57 180
27 38
42 20
32 37
31 31
38 23
33 30
21 23
21 28
26 17
20 36
23 40
31 15
25 18
18 36
31 38
38 19
29 35
14 20
27 14
24 21
36 19
39 17
18 41
26 30
32 31
32 42
35 19
35 16
23 17
34 36
28 17
37 18
32 36
14 22
28 37
26 22
33 22
31 23
22 36
21 29
19 42
22 42
41 19
32 19
36 28
14 24
28 22
41 34
34 39
22 18
27 22
32 16
40 42
20 20
18 30
37 28
38 36
20 27
30 34
42 36
17 22
30 27
33 17
40 26
28 26
17 16
15 37
26 36
35 39
25 29
25 38
27 37
26 40
18 15
41 30
17 28
37 15
38 22
29 38
20 14
21 34
27 33
40 19
21 39
20 31
29 40
18 17
35 21
41 41
16 21
22 19
27 19
24 15
15 23
37 17
35 27
39 14
36 35
34 19
14 17
19 38
30 26
35 41
29 24
27 21
29 42
17 20
29 37
23 22
41 16
37 35
35 24
16 34
24 38
39 41
20 35
36 15
26 16
35 35
40 15
26 42
39 42
40 18
41 21
27 30
19 37
17 36
16 16
31 27
17 17
18 28
19 41
14 29
14 31
25 19
15 39
26 38
16 36
17 38
28 20
16 28
28 18
37 32
22 29
30 38
35 42
26 27
19 18
31 41
19 34
20 25
18 20
17 14
37 37
30 20
32 17
26 26
17 30
25 34
20 29
39 32
26 24
23 23
33 33
14 32
16 32
38 24
15 17
18 24
26 33
24 23
25 31
23 28
41 32
36 27
34 29
15 22
23 29
40 34
33 16
