59 107
28 30
39 38
35 14
19 33
30 38
15 28
29 19
37 18
27 16
25 21
32 30
40 26
30 22
42 43
27 32
35 30
44 20
41 30
15 14
34 15
15 21
34 40
38 41
17 31
14 44
38 28
16 26
25 26
35 21
33 40
38 23
18 38
33 20
27 23
41 38
44 39
42 26
36 22
25 17
31 39
27 41
19 20
33 19
33 30
36 30
43 44
23 17
35 29
35 17
35 39
28 24
30 27
25 25
30 35
41 42
17 28
23 36
36 14
22 35
28 14
28 15
37 31
29 27
23 24
31 29
38 31
34 24
19 18
22 32
25 43
15 19
17 15
23 35
20 44
14 28
35 31
29 23
28 27
38 40
35 33
28 18
25 15
31 42
39 37
25 36
25 16
32 15
32 27
19 35
15 33
32 37
32 22
38 42
33 25
20 18
41 23
18 43
29 24
34 27
19 30
24 31
36 41
38 35
36 27
39 19
28 37
18 42
