49 181
18 16
13 24
20 15
32 19
12 22
32 13
32 15
34 12
21 12
12 16
36 34
34 35
12 14
23 25
20 19
31 20
35 33
25 24
36 32
30 27
23 28
14 23
20 24
25 16
34 23
22 36
33 32
26 23
34 24
23 23
33 22
23 36
20 30
17 24
36 15
28 13
36 16
31 17
15 16
12 21
15 33
12 26
25 32
29 35
20 31
24 34
32 14
20 23
29 36
23 32
24 29
28 15
31 35
20 27
20 28
26 33
33 12
24 18
35 22
27 36
34 14
25 29
36 31
24 32
36 33
19 34
22 21
20 35
21 17
13 19
15 23
17 28
18 29
19 24
21 23
35 21
33 30
35 29
35 25
26 17
26 35
36 12
23 30
23 20
20 14
16 32
15 36
19 29
16 26
27 21
12 13
32 24
25 26
20 22
23 18
21 33
31 31
17 33
35 36
12 25
14 20
15 34
22 17
12 23
33 18
23 17
34 29
19 17
12 12
13 27
32 36
14 31
25 14
13 18
12 31
18 36
36 27
35 13
29 27
32 12
29 21
32 29
29 14
13 35
20 21
31 33
26 32
16 27
16 33
30 23
27 25
18 31
31 26
15 19
25 28
15 17
21 34
27 14
32 35
28 22
33 23
13 12
36 36
26 15
32 30
17 34
14 12
27 26
36 20
33 15
18 21
17 21
24 16
17 36
28 33
14 25
18 25
15 26
16 25
21 24
25 19
33 28
33 19
18 23
31 22
35 19
13 21
32 23
26 25
20 18
20 26
30 24
15 32
26 12
35 14
14 36
14 22
14 26
24 21
20 25
16 28
