37 90
22 15
10 15
24 16
17 23
18 11
11 19
26 15
9 23
22 10
24 14
25 16
9 10
24 18
9 19
13 15
24 27
15 25
23 27
22 26
10 18
16 23
11 11
23 26
11 18
26 24
17 22
22 22
20 22
10 12
18 10
16 9
11 23
15 11
14 21
21 19
11 16
18 16
10 16
13 25
15 26
18 24
20 13
27 19
16 10
23 17
25 24
12 21
12 22
17 20
18 23
19 11
22 20
21 10
25 21
24 26
17 19
20 23
9 16
13 13
12 19
26 10
24 9
11 17
16 20
14 19
18 12
26 26
12 18
18 27
16 26
25 12
13 14
9 13
27 10
11 15
20 25
20 14
15 17
21 13
22 16
11 9
13 11
14 22
24 25
12 24
22 19
15 19
15 20
20 20
24 15
