49 84
14 22
15 15
22 25
35 24
28 14
26 35
14 18
22 16
22 23
33 25
17 27
28 15
23 19
28 20
31 31
16 34
23 21
22 17
17 13
28 26
26 34
22 21
19 20
16 35
29 29
19 12
25 13
20 30
22 36
33 33
19 16
30 19
36 17
14 30
18 20
14 23
26 23
20 29
14 14
17 34
19 24
34 23
22 22
12 18
31 13
27 22
34 15
23 33
12 36
20 14
34 33
27 16
25 19
17 33
12 33
36 35
18 31
25 14
29 28
16 17
34 12
15 24
14 24
26 24
18 14
33 20
24 13
20 24
16 33
21 35
13 23
35 34
17 29
27 25
14 35
22 35
36 13
19 25
27 23
23 34
36 34
14 16
23 26
25 32
