61 208
40 16
24 21
42 39
27 33
40 36
36 44
15 37
33 38
44 21
39 18
22 28
20 32
41 40
30 39
28 36
34 31
43 37
22 29
43 31
41 44
43 24
24 19
45 38
27 28
35 42
19 36
32 24
28 17
35 40
16 35
19 16
24 33
39 32
20 31
16 33
18 26
45 24
45 39
18 33
43 45
44 28
43 20
17 22
22 40
41 35
32 17
25 44
32 25
44 39
28 32
25 28
16 21
23 21
27 43
26 15
16 44
30 20
45 26
24 16
17 45
41 28
41 24
45 43
27 17
29 29
31 39
29 34
24 26
43 22
41 41
40 39
39 25
19 32
34 25
30 35
22 44
29 23
41 27
34 30
23 24
15 29
41 17
32 34
27 19
37 42
16 22
44 22
34 19
40 23
22 25
21 17
37 40
24 34
40 24
22 36
42 29
40 26
25 45
19 33
39 42
40 30
20 41
22 33
16 37
39 43
26 25
38 28
27 34
25 29
26 35
18 28
35 21
18 19
43 34
40 28
32 40
23 29
31 33
28 39
22 15
15 40
43 27
21 40
45 17
37 22
41 39
33 45
24 18
42 34
43 36
39 17
42 20
18 23
38 19
33 39
24 27
35 41
35 27
26 44
34 45
44 27
24 15
30 44
31 22
37 15
21 21
28 35
22 22
29 44
21 44
28 20
15 16
23 36
45 42
16 42
41 45
42 19
15 27
31 21
39 26
45 33
20 27
37 41
34 27
17 40
38 41
18 43
25 41
26 24
40 27
41 19
36 30
31 30
20 33
27 26
32 22
21 41
23 32
18 41
23 43
16 38
31 29
42 23
24 28
35 33
32 38
32 32
40 44
35 22
43 38
18 38
31 31
25 35
36 37
45 23
27 18
27 39
44 31
22 41
37 19
35 30
35 38
42 40
45 18
40 19
30 33
39 40
41 18
