51 215
25 23
24 27
33 25
37 12
20 19
17 13
15 15
35 22
26 26
27 26
15 23
31 36
16 32
37 14
18 27
12 30
21 13
20 30
15 38
15 13
34 31
25 34
23 28
13 22
35 13
21 27
15 29
18 31
22 16
38 30
22 38
34 15
18 19
36 27
12 23
30 22
31 23
23 22
28 21
25 14
24 30
18 23
29 30
13 18
24 34
21 25
21 19
28 24
24 15
30 31
14 22
33 14
29 23
28 12
37 38
12 31
17 37
13 34
31 27
37 37
16 37
14 15
22 36
15 20
30 35
38 25
33 36
25 31
36 29
31 25
17 33
26 23
38 19
19 17
17 21
32 33
22 18
38 23
38 26
36 25
29 26
12 21
26 25
32 20
17 36
14 24
30 29
28 37
19 15
30 26
34 26
33 28
28 13
28 15
16 27
27 30
27 16
36 32
19 30
30 36
37 19
12 29
29 38
28 19
18 16
14 17
36 21
38 20
35 16
32 26
23 19
17 32
28 18
22 14
22 31
37 27
12 19
31 14
25 13
20 33
33 27
13 31
27 12
21 18
38 22
24 13
36 38
20 15
18 30
12 32
20 23
28 22
22 23
19 31
36 19
36 35
14 27
34 23
18 26
30 37
38 18
22 13
17 12
16 20
21 14
13 15
21 24
25 19
16 21
13 28
37 18
12 13
22 17
27 24
18 32
21 15
24 14
28 33
27 23
20 32
38 27
15 24
31 16
34 19
26 19
13 17
33 26
31 32
17 25
33 21
33 33
16 36
25 27
37 17
25 36
24 21
17 18
13 32
22 37
14 28
34 17
34 33
16 25
38 17
25 17
23 34
13 37
12 33
32 29
14 13
18 37
13 35
25 25
19 28
37 23
22 12
15 19
28 27
27 32
38 12
27 25
15 22
12 34
16 38
23 16
23 33
16 13
34 27
15 26
26 24
37 31
29 25
38 37
32 12
31 26
