55 212
14 30
13 36
28 37
34 23
19 27
38 41
36 13
13 35
16 35
34 14
31 26
41 41
21 26
27 36
32 38
30 17
41 28
25 25
26 33
19 25
33 37
29 29
17 28
25 20
26 36
15 26
37 39
14 34
36 31
38 30
13 32
34 37
36 14
40 37
21 20
23 14
28 18
39 35
32 31
16 38
15 28
15 40
29 35
34 17
25 23
28 33
40 32
32 40
14 24
38 36
35 20
16 29
39 17
34 19
31 15
14 16
36 16
32 41
33 23
19 38
35 40
24 30
41 33
38 14
16 21
37 22
13 13
29 19
21 14
23 30
35 39
26 29
17 34
21 22
41 13
22 16
31 13
17 15
39 20
41 21
17 35
29 41
25 40
17 22
21 32
16 36
14 27
14 17
26 37
14 18
31 29
30 30
23 31
21 17
20 23
37 19
27 13
17 25
34 33
39 27
25 18
28 27
20 21
29 37
32 29
23 26
19 37
27 20
41 19
32 32
30 13
36 30
26 35
22 21
16 40
23 19
36 32
30 37
40 14
35 15
33 31
17 16
22 15
23 40
26 23
21 37
26 41
19 14
25 31
34 29
37 38
39 22
26 27
20 37
35 25
20 18
26 30
14 38
38 26
28 19
40 25
25 19
22 35
15 35
31 37
25 29
28 13
27 40
18 31
28 31
15 20
27 37
34 25
20 16
24 25
17 36
36 26
26 39
20 27
34 32
31 27
25 26
17 17
31 33
24 16
30 26
19 21
20 13
39 39
33 21
20 41
40 34
35 29
30 14
20 25
32 19
28 24
24 36
24 32
19 26
18 22
16 33
25 30
27 18
26 20
18 13
21 35
41 37
31 22
34 15
23 38
33 38
20 40
15 37
13 23
39 28
39 30
33 35
27 16
36 24
17 31
31 35
39 26
28 40
32 22
20 15
41 30
28 15
31 14
13 26
24 29
23 35
