35 86
14 13
22 23
16 11
11 25
24 26
21 24
20 15
15 18
17 15
12 19
10 14
14 15
20 9
9 8
19 26
20 13
22 19
13 26
12 23
16 21
25 9
24 24
9 19
25 14
25 11
9 13
20 14
18 8
22 24
21 8
26 15
16 18
21 20
9 20
23 12
23 17
23 8
8 10
13 9
24 19
14 25
14 21
10 26
18 19
15 11
21 23
18 14
13 25
12 26
12 15
25 26
10 19
22 25
12 9
17 12
17 22
13 10
23 18
8 20
20 23
12 13
21 25
11 13
20 19
23 11
10 20
23 26
21 10
11 16
23 23
11 22
16 15
23 21
25 17
17 24
26 14
13 23
8 9
20 17
18 22
21 11
14 19
15 9
24 8
22 13
18 23
