61 205
39 29
15 38
32 26
16 27
40 38
17 33
31 15
24 22
25 28
35 33
19 27
29 24
43 36
36 21
31 16
37 15
33 39
18 21
36 28
23 33
28 26
27 28
37 44
35 39
31 19
25 39
20 20
30 17
36 19
42 19
32 30
26 26
42 17
18 31
15 40
33 42
39 42
31 28
26 33
25 31
25 17
15 42
44 45
35 38
25 34
32 39
31 40
36 17
16 42
24 33
41 26
19 17
15 17
28 19
42 25
30 16
22 39
25 45
25 44
35 37
43 18
21 19
31 32
21 40
33 30
42 18
44 25
25 38
15 24
29 31
34 44
45 28
25 19
20 34
40 40
27 35
39 44
44 30
29 42
30 21
30 29
24 35
31 36
43 38
17 37
32 32
37 27
16 26
34 37
21 18
40 22
15 39
40 17
43 32
24 24
35 44
45 18
37 36
37 39
42 31
43 26
43 30
39 33
20 45
17 18
43 40
42 32
35 34
43 41
44 24
24 39
15 26
20 31
40 27
38 32
33 32
33 35
15 18
27 41
18 27
22 45
42 44
24 20
22 29
22 35
18 43
43 20
26 38
28 39
28 16
24 44
32 16
41 29
44 19
19 42
32 36
27 37
29 20
41 37
43 28
31 22
16 38
40 20
39 38
44 32
26 45
15 36
40 33
38 16
18 28
26 29
39 21
32 20
40 19
45 37
31 43
32 34
18 19
18 36
37 41
17 38
32 23
44 33
15 33
19 43
26 43
41 39
17 34
38 44
45 30
15 31
38 22
43 24
33 44
26 40
35 27
38 24
34 19
24 29
24 30
20 29
23 44
22 31
18 45
40 26
45 27
40 44
45 39
39 36
28 36
28 23
39 28
31 30
22 22
17 23
21 37
35 45
23 20
27 31
22 33
24 21
26 19
18 42
43 44
22 27
