61 95
37 19
15 19
33 22
32 26
31 30
19 38
29 33
30 43
36 15
43 28
18 36
42 26
37 28
45 24
43 31
37 22
27 42
36 27
41 45
41 42
28 36
32 24
33 44
28 30
41 30
21 21
21 33
40 19
35 42
37 38
44 33
41 28
25 23
36 45
44 16
41 43
43 38
16 44
41 22
19 36
17 18
43 44
18 32
39 30
38 38
15 32
30 38
22 19
17 20
24 38
19 20
40 26
18 18
39 40
32 40
36 40
27 25
23 42
26 42
15 26
25 30
27 24
19 24
19 45
20 45
42 40
20 17
33 27
27 20
34 27
27 30
23 45
22 45
38 34
42 22
44 15
21 23
15 33
39 23
26 40
23 30
35 33
39 19
25 40
25 36
38 37
16 31
26 41
24 43
22 44
38 24
43 27
41 27
38 33
26 33
