57 248
41 20
40 32
32 40
21 38
35 14
37 20
18 14
28 20
40 30
22 25
14 17
23 34
19 31
31 24
16 40
21 41
32 37
15 28
30 33
37 37
33 18
37 25
18 22
18 41
40 26
23 20
38 25
17 20
42 14
22 19
28 40
38 29
39 14
29 37
30 25
32 17
25 30
33 35
21 42
15 27
41 37
42 27
26 19
19 38
32 19
34 26
14 24
26 40
37 41
36 31
24 37
39 32
40 27
23 17
18 26
27 14
35 33
34 41
20 36
34 39
14 31
15 22
34 37
40 16
35 16
23 36
32 32
33 36
31 22
26 34
26 39
17 23
30 23
33 29
36 26
17 19
42 15
15 40
21 25
22 33
16 15
41 42
38 41
39 21
14 18
22 23
25 41
18 16
14 21
21 35
29 38
38 17
30 38
30 19
33 32
39 31
30 20
38 27
34 30
14 16
22 40
24 26
37 34
20 33
19 25
36 37
38 37
22 38
17 40
27 27
42 21
27 35
17 26
31 33
14 34
31 25
30 18
21 40
32 24
22 34
41 26
35 26
15 21
35 23
19 34
36 29
22 22
26 42
31 21
27 22
35 15
24 42
38 39
31 23
28 35
35 22
28 18
34 21
40 34
14 27
29 15
40 15
39 38
14 26
30 28
15 25
19 24
37 31
31 27
41 30
26 15
14 20
39 17
32 16
40 18
23 16
16 20
19 21
22 14
24 25
40 39
34 33
19 30
30 21
31 20
27 30
28 32
28 22
24 28
15 32
32 38
20 28
42 41
35 27
33 14
26 37
29 42
32 30
29 33
23 41
22 21
22 16
41 36
28 33
25 25
29 16
29 34
40 21
24 22
20 18
22 41
29 14
39 34
28 25
31 17
32 15
29 30
16 17
38 24
23 35
30 17
24 17
37 14
32 20
38 19
41 22
36 42
37 33
35 25
37 39
16 25
41 18
16 18
20 27
41 14
39 18
34 27
27 37
39 39
35 30
17 21
42 31
20 41
35 38
21 29
28 37
17 17
22 42
16 41
23 24
40 31
27 21
31 34
28 21
27 32
26 18
30 41
18 38
19 26
25 22
25 27
14 35
28 16
19 22
35 32
25 38
41 28
22 36
