51 92
20 12
35 37
30 38
28 22
14 28
36 27
17 21
16 22
24 23
35 17
36 30
15 27
32 32
27 14
13 16
20 25
32 24
35 13
32 16
36 17
14 29
24 38
13 20
33 16
14 19
16 20
28 33
38 14
35 29
30 33
18 29
12 24
26 15
27 31
27 17
19 23
32 38
36 33
35 12
37 31
18 30
33 25
21 15
36 14
32 18
18 19
19 13
32 30
13 14
23 28
30 34
17 34
22 19
21 16
25 16
30 32
24 24
36 20
31 18
25 28
30 23
19 37
15 37
16 34
33 24
35 34
38 24
31 23
34 37
22 29
35 20
15 24
14 38
15 31
20 26
24 28
25 33
24 22
24 12
34 24
22 36
27 24
28 31
37 37
29 24
15 28
31 20
36 37
32 37
38 25
22 23
29 33
