45 96
21 18
16 15
31 28
33 21
30 30
14 17
20 28
13 31
17 11
28 27
11 22
19 15
21 16
23 33
27 14
27 16
22 18
13 28
19 17
32 16
20 11
12 25
27 33
15 22
23 16
30 14
25 11
22 33
19 33
26 33
17 14
29 11
25 31
15 21
21 15
12 12
26 12
16 21
28 14
26 29
31 26
29 26
18 24
27 24
21 13
17 26
23 25
13 27
23 28
11 32
15 16
24 18
19 30
13 13
18 32
33 17
20 26
28 33
21 22
21 27
30 32
27 30
15 25
23 12
27 26
17 24
17 32
18 27
18 14
22 26
33 27
16 31
23 22
16 19
13 25
22 16
14 30
32 33
21 21
29 33
18 23
30 25
24 15
21 26
26 14
12 17
30 18
33 26
22 13
21 17
31 23
24 20
25 19
12 16
16 33
14 16
