57 244
23 29
41 15
27 26
19 32
26 17
32 35
17 19
26 27
28 30
26 16
31 36
31 24
28 41
37 34
42 32
14 30
18 42
31 32
32 31
35 32
16 33
19 23
18 26
18 39
20 38
30 31
28 27
35 19
37 22
18 40
40 23
26 23
16 40
27 40
33 17
15 26
32 14
42 22
28 35
28 21
27 14
20 18
29 35
33 29
16 21
23 39
35 29
42 17
39 25
27 42
25 35
28 39
33 38
32 38
30 41
23 28
14 38
38 21
22 25
16 27
32 42
20 34
21 18
21 41
38 32
26 40
31 25
29 41
25 22
26 22
36 33
34 41
23 38
23 18
31 19
25 28
28 33
30 28
38 31
14 34
26 14
40 34
21 19
19 35
34 42
37 39
17 42
26 33
17 20
29 15
35 23
26 18
41 22
15 33
28 37
34 18
24 26
16 41
29 36
42 33
20 40
40 28
17 24
30 39
31 30
39 14
22 16
30 14
40 25
18 17
29 24
17 16
34 23
29 29
42 28
22 36
38 17
38 29
40 29
18 41
24 18
34 15
23 31
32 39
27 24
35 41
35 38
15 28
32 33
15 18
22 42
18 27
40 20
25 30
21 29
15 37
38 14
20 36
37 32
35 39
40 42
21 20
19 24
28 24
36 37
22 41
29 34
24 33
37 27
24 20
31 15
30 30
18 38
15 34
16 20
36 38
30 27
23 32
41 17
28 40
18 20
20 26
20 22
35 34
32 41
28 18
24 30
39 35
28 32
34 26
23 23
39 42
17 15
24 40
29 23
41 35
41 42
16 26
38 41
35 35
38 28
29 17
20 30
33 25
20 19
37 30
36 19
39 33
37 17
25 18
33 34
30 40
21 31
18 36
23 24
30 19
42 24
32 16
25 17
24 42
42 38
16 36
41 32
18 15
27 41
38 19
35 36
41 20
23 37
25 15
41 16
34 24
18 21
27 29
21 15
42 39
40 18
37 15
21 21
35 25
15 31
16 35
27 17
31 18
26 38
26 34
37 26
18 18
32 27
17 34
34 21
33 24
39 18
38 37
16 38
22 39
36 34
20 42
37 33
15 17
36 28
41 31
36 27
16 17
