55 154
37 35
32 36
34 35
15 26
24 31
15 41
38 20
33 24
32 20
21 15
34 27
23 21
21 25
24 19
41 16
40 35
34 40
14 27
27 34
24 30
20 36
39 16
31 35
17 14
18 19
13 32
28 18
41 13
32 14
27 29
29 20
17 26
15 15
27 22
38 37
17 18
36 39
29 36
29 24
31 19
32 16
21 30
15 36
37 31
22 39
39 24
40 27
41 19
18 38
30 39
26 37
15 32
39 38
41 25
28 30
32 30
22 22
32 15
16 38
31 37
34 15
30 16
33 15
41 33
14 14
30 14
30 28
25 39
23 24
20 28
33 16
20 25
37 22
39 17
36 17
33 37
32 37
38 23
37 16
17 29
22 36
19 17
23 19
27 28
14 18
35 21
22 20
15 19
28 34
13 36
36 35
14 17
17 28
41 38
18 15
37 19
18 14
21 21
34 20
14 22
27 41
19 18
34 18
15 34
36 29
34 30
40 33
29 17
22 30
14 20
24 37
37 26
29 18
21 38
36 18
24 21
30 22
31 30
15 23
25 15
13 14
31 28
38 22
29 14
40 38
26 33
23 20
35 14
31 14
21 33
37 28
24 26
36 26
32 38
37 37
30 27
28 16
40 25
26 41
16 24
41 20
25 38
28 26
32 31
26 22
20 27
29 13
18 22
31 36
31 29
40 28
29 22
22 40
15 18
