45 98
33 11
20 20
28 26
28 14
26 18
19 32
23 25
33 17
20 33
25 22
12 14
17 19
29 17
27 33
16 13
29 24
28 19
13 14
23 19
18 27
16 17
17 17
26 14
26 12
23 33
24 32
24 31
11 14
14 26
20 26
14 33
30 20
32 17
24 24
25 12
23 22
23 31
31 30
26 23
29 13
26 29
13 27
26 17
21 33
31 11
19 18
30 26
23 26
12 27
15 22
24 28
14 22
19 24
29 29
14 16
33 19
14 17
22 25
18 26
16 15
17 20
31 27
16 32
17 32
31 31
11 29
31 17
27 21
31 26
14 15
22 26
13 28
31 23
15 19
24 14
33 26
28 27
18 20
32 12
23 28
19 29
20 31
33 25
23 23
23 30
21 17
21 11
21 23
13 13
15 27
20 17
19 22
19 16
26 28
23 32
12 19
12 20
33 16
