55 163
39 34
13 38
41 38
33 39
40 26
17 18
28 28
22 18
30 36
14 30
31 34
40 17
30 15
39 31
41 32
25 28
24 30
19 28
35 14
34 31
32 17
15 15
18 26
24 14
27 39
33 13
19 39
30 30
28 22
38 37
37 22
20 36
20 37
39 24
37 13
30 38
37 28
20 33
41 33
29 18
14 38
22 31
41 23
15 26
36 22
32 31
20 30
25 27
20 13
40 21
38 30
29 13
26 39
39 26
25 23
25 31
34 36
22 19
26 32
16 19
31 36
13 13
16 14
27 28
32 38
41 28
18 27
35 16
30 24
17 21
17 28
29 22
18 36
23 31
35 24
21 41
14 19
40 41
41 31
34 22
16 18
19 36
27 18
13 14
26 14
15 38
39 15
37 19
35 23
41 26
25 30
38 14
37 25
16 24
33 25
30 39
30 26
20 39
18 25
38 40
14 39
31 14
24 39
23 18
23 40
28 26
25 20
16 30
20 25
41 40
17 29
35 13
39 32
41 21
22 23
18 21
29 28
19 21
36 41
38 21
27 33
22 16
31 30
36 21
18 16
28 25
31 18
22 29
14 17
29 30
23 22
34 23
19 33
25 29
14 22
36 23
37 38
21 28
28 31
20 29
15 19
37 32
20 14
28 38
38 19
13 21
39 18
24 16
29 29
22 13
21 19
29 37
18 37
17 24
26 41
36 35
24 25
23 38
26 19
36 34
19 35
39 14
21 33
