43 154
29 17
17 24
16 11
15 24
15 27
29 15
26 28
28 22
15 19
12 21
24 15
14 10
14 23
20 29
21 13
19 18
18 13
17 23
19 10
17 28
31 28
18 20
15 26
18 32
21 27
22 31
13 31
31 20
12 12
28 10
19 31
22 10
31 32
20 24
23 14
20 22
13 18
27 20
15 21
30 12
30 22
13 25
12 31
19 14
18 31
16 31
25 26
21 28
24 18
10 31
19 32
31 10
11 15
21 14
32 10
15 31
13 17
16 15
26 16
31 27
24 28
31 24
28 29
10 25
29 21
24 11
22 17
12 26
25 19
14 20
20 20
18 27
15 22
16 21
32 30
22 27
23 16
25 29
12 25
23 12
16 26
32 13
15 28
24 14
10 10
20 15
11 31
30 19
29 22
13 14
28 23
21 25
14 19
27 13
28 32
20 27
19 13
11 17
10 11
10 23
17 19
23 17
17 16
29 18
24 23
16 16
28 31
23 20
16 32
30 31
16 14
13 10
28 30
19 30
13 21
30 14
25 18
19 21
24 17
25 10
22 23
12 20
29 30
13 13
17 32
32 15
30 25
29 20
15 14
32 16
16 19
12 17
31 11
14 18
27 17
23 24
32 18
26 11
25 23
22 19
15 32
24 10
10 22
18 28
11 10
13 11
32 23
14 17
18 18
12 10
20 26
23 22
16 17
22 12
