55 145
17 33
14 30
24 40
24 35
28 31
41 18
28 41
34 29
31 13
40 24
36 32
20 20
26 41
17 31
26 38
26 37
18 33
22 24
38 30
27 22
23 35
13 31
26 14
30 23
14 19
34 36
16 22
22 16
36 37
18 30
34 34
22 28
37 39
28 13
40 39
37 29
41 15
38 16
29 25
24 21
14 28
31 30
25 39
32 33
39 27
31 14
33 36
24 26
36 27
26 40
37 21
32 14
15 14
24 16
27 29
37 24
27 17
15 40
14 29
19 38
22 21
32 16
19 28
15 25
22 38
40 16
18 36
30 19
30 18
17 13
33 37
13 30
29 20
41 35
21 23
21 40
22 25
31 39
29 15
19 33
31 25
18 15
24 22
19 40
30 24
18 24
20 14
14 18
34 26
41 30
27 24
41 25
18 32
22 13
13 19
25 35
13 26
32 27
22 19
33 21
18 39
40 36
30 27
20 22
26 29
37 34
36 26
39 20
41 17
14 14
41 22
22 31
24 37
32 13
30 15
20 16
21 20
25 17
14 31
24 15
23 13
39 24
39 36
24 29
27 36
39 39
14 37
25 15
16 31
14 22
13 23
29 19
13 33
30 41
28 29
36 28
36 41
38 20
17 19
36 16
14 20
40 15
39 19
16 24
30 38
