59 189
35 35
37 38
16 24
35 21
33 43
18 40
25 36
15 17
31 14
40 31
21 43
26 21
23 19
21 40
40 27
32 25
14 21
40 20
36 41
26 42
33 27
19 19
24 26
40 22
21 29
27 24
23 26
15 38
41 30
43 20
16 15
22 14
24 32
23 36
37 43
41 44
14 42
30 27
20 36
43 19
24 30
21 28
33 25
22 30
38 37
19 34
36 27
20 39
33 14
37 26
22 40
32 22
38 24
38 43
36 38
31 16
25 42
20 18
20 43
24 40
29 14
43 27
35 39
26 27
16 42
39 29
34 43
14 40
23 32
14 17
29 30
35 16
25 20
40 43
24 35
22 20
31 40
37 15
28 41
24 25
18 31
15 22
37 25
23 15
25 21
40 19
42 21
34 21
41 41
20 33
34 15
22 38
40 14
35 38
42 29
30 26
34 39
15 42
31 19
41 24
23 14
32 33
40 25
25 26
44 42
27 15
17 24
36 33
16 39
39 41
22 25
23 16
17 32
26 30
25 16
27 28
17 21
44 14
17 23
27 26
21 42
15 30
15 28
42 16
17 43
37 18
43 31
33 33
25 31
30 29
14 38
18 34
31 44
21 30
33 16
34 27
33 32
32 26
33 23
34 34
37 36
25 24
29 27
41 34
21 38
24 19
41 39
14 22
43 32
17 22
18 32
39 20
37 29
26 15
26 28
23 20
20 15
24 29
34 35
34 38
41 23
33 36
36 20
39 36
29 18
22 32
41 20
21 21
29 25
30 37
21 23
33 28
35 23
15 33
19 21
31 21
44 17
19 30
23 42
42 39
41 19
44 18
39 24
22 22
16 28
35 20
18 29
25 27
23 22
