61 133
30 42
16 44
22 36
21 42
40 35
30 35
27 44
24 25
42 30
38 36
24 42
23 23
42 43
18 16
38 44
43 31
21 23
26 34
42 23
39 28
17 27
17 40
33 40
15 29
42 21
22 29
23 25
32 18
22 23
37 34
15 24
22 41
35 29
42 25
44 37
21 36
17 34
32 30
35 34
17 23
35 20
28 26
18 40
17 32
44 39
18 19
33 45
31 17
38 45
18 31
23 19
28 37
28 45
43 19
45 29
34 30
33 33
17 22
45 25
23 36
28 18
34 42
30 15
32 19
23 42
15 31
17 30
42 16
21 15
31 18
16 18
15 28
17 35
34 27
36 40
29 36
27 32
20 43
19 42
16 25
25 17
21 21
27 38
35 26
26 20
32 33
15 38
20 29
41 28
16 34
21 31
39 32
28 19
41 26
29 40
36 35
39 41
27 29
45 31
23 35
35 30
44 28
21 34
37 32
23 32
16 27
30 21
29 33
41 29
41 30
30 19
27 17
15 16
31 19
18 42
29 30
16 37
28 15
32 42
35 25
15 18
37 35
44 32
30 40
40 34
20 42
25 30
36 30
22 18
17 28
30 37
16 15
34 45
