55 124
21 14
32 36
21 24
18 36
38 17
29 28
30 21
13 37
21 40
25 21
26 19
37 14
31 25
20 17
14 30
32 22
37 22
22 24
17 31
40 30
30 31
38 15
38 31
39 29
15 39
41 28
39 41
36 34
28 38
20 25
20 20
28 32
28 31
35 22
29 14
17 15
38 22
27 16
15 41
21 29
33 32
34 31
33 39
34 27
29 27
19 25
36 27
25 34
24 15
37 40
18 38
32 33
16 33
26 32
24 25
23 32
24 28
19 29
27 41
36 29
24 24
13 25
36 21
32 39
27 34
31 33
25 25
30 23
41 27
30 16
41 18
39 13
35 17
36 13
30 26
26 22
27 28
17 39
16 18
26 30
23 35
26 28
18 23
16 38
34 39
32 35
20 40
14 33
24 40
29 34
40 32
17 21
37 36
31 23
35 23
14 31
37 27
18 41
13 16
29 40
17 19
36 35
19 38
14 41
38 33
32 23
40 15
18 25
23 15
19 35
25 35
29 23
23 20
14 13
32 16
18 29
31 31
38 20
41 13
36 33
23 19
19 19
36 32
39 28
