47 174
35 28
26 23
27 12
32 27
26 33
16 20
11 21
23 12
26 29
23 28
21 11
16 19
11 29
30 11
18 26
18 23
12 20
20 23
25 22
14 29
29 30
31 16
16 34
11 17
11 31
30 20
34 26
18 16
21 33
13 22
25 32
28 31
21 20
35 23
34 13
26 15
14 30
27 17
17 18
19 15
28 22
13 16
17 15
32 33
20 31
24 28
34 25
29 20
16 14
25 20
13 34
17 11
22 27
19 27
24 24
28 35
20 19
24 11
14 31
34 35
35 15
23 32
26 19
22 23
32 18
14 28
33 23
16 25
29 33
13 33
18 27
13 32
15 15
31 18
20 12
11 34
29 22
31 11
35 34
29 35
24 21
31 15
17 25
25 27
22 32
18 31
17 16
15 27
22 21
34 19
28 24
20 17
12 30
12 23
27 23
33 25
33 17
35 11
33 27
16 16
32 20
27 15
12 12
32 32
35 24
33 15
23 35
24 19
35 31
12 25
21 27
26 25
30 25
20 16
28 15
33 30
20 28
15 31
29 11
32 24
16 31
28 19
26 24
23 34
22 35
27 22
34 11
12 27
19 25
19 13
33 19
29 27
13 26
30 18
31 27
32 22
21 24
19 34
16 28
17 24
15 19
27 30
13 31
20 29
18 15
16 35
13 24
20 15
20 30
11 35
23 15
19 31
17 32
29 21
18 30
20 25
25 33
15 33
19 20
27 19
15 29
24 32
23 29
29 19
23 11
20 32
35 12
15 35
21 19
35 27
19 33
17 31
24 22
18 32
