51 133
16 26
23 31
29 29
31 15
28 36
13 17
21 36
16 24
20 12
25 21
23 16
36 30
29 24
28 17
12 29
17 34
36 21
36 16
31 16
25 22
18 29
28 34
37 35
27 37
34 21
32 38
31 22
35 38
36 14
26 23
27 18
29 38
26 30
20 37
15 26
31 26
29 20
37 18
23 22
19 19
25 18
37 14
17 23
24 22
32 32
34 25
31 17
21 14
28 33
22 33
30 25
21 25
12 34
16 21
32 26
20 31
30 34
24 27
18 32
31 32
18 12
24 23
26 31
28 28
26 13
18 20
22 20
32 19
13 38
32 16
36 23
19 38
25 35
26 37
29 31
23 12
30 17
35 25
35 13
12 33
12 12
36 31
18 19
34 17
21 21
19 27
33 15
33 34
29 30
15 32
35 23
30 36
13 30
21 30
34 38
12 16
17 22
27 22
27 15
25 25
30 18
37 21
34 37
14 33
27 38
22 21
18 37
34 31
14 13
22 13
31 33
15 28
37 24
26 32
34 28
35 20
33 36
15 37
34 22
17 36
19 13
25 17
17 38
23 28
27 20
17 32
17 14
30 32
14 34
32 31
30 14
36 12
24 36
