51 176
23 26
37 21
17 24
18 31
27 15
35 21
34 18
27 17
27 23
13 19
27 32
36 36
35 17
28 15
27 18
18 12
23 20
34 14
23 22
31 26
19 32
16 28
18 35
31 28
15 32
26 31
21 26
19 35
24 28
31 24
20 37
26 17
34 20
27 38
17 35
29 15
12 24
12 27
23 19
24 12
37 22
27 21
36 30
36 14
27 12
32 17
16 35
32 36
17 18
36 35
25 13
19 25
15 23
12 19
37 26
29 37
36 24
29 25
24 33
31 22
20 35
37 31
25 20
17 14
26 18
16 26
36 31
28 12
15 27
34 32
21 34
34 13
22 13
14 14
35 18
17 33
37 38
25 23
15 16
15 28
30 28
22 28
33 38
22 26
16 17
36 27
14 19
38 13
23 29
14 26
20 23
19 37
21 33
38 16
18 16
35 34
32 26
30 14
22 18
19 20
16 18
28 33
20 22
29 22
38 27
14 13
25 27
18 15
20 18
33 37
27 27
37 14
24 16
37 32
18 20
17 29
30 38
37 18
13 38
25 38
13 36
20 15
24 17
21 12
13 17
24 32
17 31
31 37
30 33
33 27
12 31
22 25
14 27
34 36
14 31
38 30
16 34
16 33
28 20
32 31
38 22
27 25
18 33
27 14
16 19
29 34
28 37
30 18
13 22
12 26
29 20
21 37
37 25
38 17
14 22
23 36
38 33
28 17
35 19
38 26
26 38
28 16
33 19
13 33
15 14
24 27
25 18
35 30
21 23
20 34
21 24
37 35
12 12
36 18
17 12
27 29
