37 109
13 15
23 21
24 9
25 9
27 27
27 23
14 24
19 27
10 22
21 14
15 24
22 20
27 19
11 16
22 19
16 17
23 26
9 15
14 12
27 16
13 12
11 11
14 18
16 11
10 24
19 26
23 17
21 21
17 24
13 26
9 27
27 9
24 19
9 18
10 17
20 25
11 20
18 24
14 25
9 26
12 24
24 17
13 10
13 19
24 24
12 10
17 25
20 13
21 10
14 26
17 18
12 20
16 9
24 11
15 15
24 14
15 27
20 14
9 24
25 18
17 21
10 21
15 13
24 25
10 10
15 9
15 23
11 12
17 27
24 15
27 24
9 11
17 22
23 13
20 27
18 20
16 19
13 21
19 25
11 18
21 25
11 22
10 25
18 18
26 12
16 15
13 18
12 18
13 25
18 10
14 20
20 10
16 26
17 17
26 18
14 16
16 25
27 12
14 17
19 11
13 23
27 18
9 20
18 13
12 11
25 14
19 23
26 17
19 9
