43 135
10 19
11 14
10 25
18 15
17 24
32 30
30 31
23 32
28 14
31 28
14 28
24 17
14 14
18 26
22 30
22 25
16 20
11 23
21 13
19 18
16 25
10 11
25 26
10 29
27 25
24 10
28 17
23 20
16 31
19 17
22 20
30 21
12 24
26 30
11 11
32 17
22 17
10 23
14 26
10 18
14 17
31 19
30 23
17 11
13 17
15 32
13 18
14 25
18 16
19 25
17 25
30 24
26 29
17 10
28 25
15 26
14 10
18 13
21 16
18 25
31 27
26 18
20 15
27 29
12 19
29 22
15 19
14 13
18 30
27 28
16 23
11 24
12 21
24 26
31 20
10 27
18 18
18 12
29 10
10 16
10 28
31 31
25 10
20 19
13 26
15 17
12 32
13 28
29 20
26 31
26 24
10 10
14 16
25 20
13 12
13 23
19 32
19 20
16 15
21 18
26 28
17 31
11 30
22 18
26 12
17 17
31 32
22 15
21 14
27 15
27 10
10 30
19 10
16 13
23 30
29 19
16 26
28 31
19 27
23 17
22 16
27 22
15 27
16 24
31 11
29 13
14 12
18 20
17 18
22 24
19 31
24 27
22 23
21 22
28 15
