53 135
17 31
24 29
22 14
23 20
15 36
14 30
26 18
17 29
37 21
37 20
19 17
31 16
37 18
19 20
18 39
27 13
32 34
36 15
22 33
17 39
31 30
16 15
21 20
23 38
38 29
23 32
20 27
32 39
36 31
28 19
36 20
33 37
28 27
19 39
16 37
32 23
37 37
38 17
33 30
15 30
27 16
34 20
30 25
33 17
21 22
26 37
16 27
38 16
14 32
37 17
18 17
15 26
31 29
27 33
30 28
18 33
14 16
21 21
19 24
13 29
25 23
34 34
32 33
15 13
24 27
15 39
13 15
36 32
24 25
13 21
19 26
32 20
33 31
27 39
31 24
36 39
34 22
29 32
28 20
16 16
32 37
19 37
24 13
23 27
29 37
20 22
21 39
31 15
17 22
20 19
35 31
26 13
28 15
37 16
24 20
28 33
29 27
39 33
15 25
20 39
15 16
14 36
20 20
20 30
38 30
13 22
35 35
32 38
27 22
27 32
25 37
31 19
25 36
29 34
16 34
30 29
19 19
37 35
14 14
27 30
23 39
33 16
19 33
21 34
15 27
14 27
25 26
32 19
15 15
35 20
32 25
35 25
21 31
29 31
28 21
