49 150
31 21
20 15
16 27
17 34
27 17
28 35
15 18
12 36
31 36
32 12
15 35
27 24
12 16
17 23
25 16
24 21
15 14
23 23
18 33
31 34
18 17
14 22
35 26
29 15
25 23
14 26
19 30
23 22
29 29
33 24
16 29
25 29
21 34
14 25
24 15
32 20
23 12
15 31
14 20
34 21
26 32
14 18
17 19
20 35
30 35
31 18
22 34
21 36
13 30
22 13
36 22
22 27
35 18
34 33
13 20
16 25
23 20
32 28
35 32
15 17
34 36
25 12
27 34
34 34
34 24
12 18
14 19
26 24
33 13
13 29
32 21
18 27
28 16
36 32
14 36
32 32
36 29
17 31
35 17
21 13
29 19
33 23
27 35
35 27
24 23
18 25
19 22
17 32
22 36
30 21
23 34
16 15
33 28
30 34
16 28
30 16
22 33
33 25
19 36
19 24
27 30
25 19
13 35
34 30
20 27
20 31
13 25
35 34
30 29
30 31
20 12
30 25
34 17
24 25
35 35
15 20
13 31
24 19
30 18
28 30
18 14
17 33
17 22
25 33
34 16
22 24
16 31
35 30
33 33
14 15
36 19
14 13
27 16
27 25
26 17
12 15
12 25
26 16
29 32
18 15
33 27
23 31
24 32
21 29
22 12
19 29
28 17
13 21
18 16
14 32
