55 150
18 15
40 16
23 17
21 14
25 40
24 30
35 33
41 18
34 22
22 29
18 41
31 15
24 26
36 30
32 31
38 24
40 38
29 21
25 23
19 15
14 16
13 36
20 24
22 21
41 40
21 16
39 17
16 26
37 25
38 22
25 41
24 25
28 33
36 27
34 37
35 26
26 34
19 25
21 23
19 20
21 21
17 33
30 23
17 24
41 20
24 20
39 36
39 15
35 28
35 29
36 41
41 35
29 35
35 19
29 36
19 30
35 21
37 26
22 19
24 14
19 32
40 21
15 17
27 38
37 27
21 39
35 31
32 32
16 22
22 36
29 27
38 21
21 37
20 25
32 28
26 41
18 39
20 15
19 24
27 18
29 38
28 25
31 27
14 34
16 38
30 33
18 23
28 16
34 27
22 15
40 18
19 38
39 24
26 24
41 31
26 26
14 28
38 39
26 38
34 35
19 23
15 26
37 21
37 23
19 28
30 13
28 38
24 24
37 14
38 33
31 39
25 32
28 24
23 27
33 25
34 26
13 37
23 13
31 33
41 15
33 29
22 32
18 28
32 27
17 22
37 31
27 29
20 32
16 25
15 39
13 41
39 41
39 29
34 33
40 22
14 32
27 35
16 16
18 13
31 32
28 22
19 29
31 30
36 17
15 41
34 41
20 16
34 14
37 34
32 26
