55 172
34 39
29 14
33 31
22 30
22 18
18 13
19 37
20 35
30 35
27 30
28 25
41 22
38 24
18 29
32 38
14 32
19 25
36 39
30 20
13 38
15 39
26 28
16 26
30 38
41 39
15 20
33 30
34 41
37 28
35 18
30 37
26 24
33 33
39 38
38 21
40 27
15 31
16 38
34 36
22 33
41 30
29 37
20 26
26 18
33 28
29 15
39 34
13 34
34 37
17 30
15 23
36 41
15 34
29 35
39 26
25 25
25 28
29 29
14 39
21 25
36 24
39 30
33 32
20 21
23 16
14 24
31 32
25 37
41 33
36 34
33 23
31 27
38 18
22 35
36 18
38 26
15 28
39 39
22 16
15 15
23 36
17 26
19 40
31 33
16 21
18 14
27 22
35 26
40 20
18 41
23 15
23 40
37 22
18 36
28 14
30 27
19 29
30 32
37 26
30 28
36 19
16 13
38 35
33 20
38 25
27 37
17 17
36 30
31 22
17 38
33 26
17 14
24 27
22 37
18 39
30 22
22 15
17 16
39 33
33 24
22 24
17 15
19 19
36 36
18 37
36 29
35 35
37 16
14 13
13 20
18 25
23 38
14 35
25 40
25 18
33 22
26 30
36 35
14 14
13 18
30 39
28 13
38 28
40 23
14 17
29 39
41 28
40 34
22 34
21 26
25 32
19 23
25 20
38 29
29 34
18 38
15 35
25 33
17 32
21 27
28 27
16 14
38 23
40 32
17 33
32 27
32 34
36 37
38 39
26 39
26 35
29 26
