59 244
34 43
41 39
14 16
19 27
35 22
18 34
26 19
42 43
14 29
29 30
36 20
30 24
16 42
19 35
37 44
15 43
26 33
42 24
33 26
44 27
30 33
37 21
27 43
40 39
31 40
23 34
27 39
22 15
38 43
22 19
19 17
39 28
44 39
34 18
44 28
34 16
29 34
33 41
16 35
17 40
24 20
21 34
28 29
34 39
32 33
24 23
26 28
18 18
44 37
24 16
24 17
19 37
41 26
35 33
43 31
22 21
24 36
26 24
21 31
16 15
43 35
25 34
43 19
18 23
36 30
25 14
29 40
40 28
17 44
22 29
37 15
24 19
28 33
44 22
34 27
42 26
42 14
18 19
43 44
40 41
25 27
23 32
16 29
19 18
25 33
24 41
37 22
32 27
35 26
44 41
41 30
37 40
40 33
21 43
14 44
33 29
31 18
23 31
31 39
43 24
37 18
29 33
23 43
27 40
41 40
39 31
27 22
43 23
35 34
37 38
14 43
43 25
16 36
37 30
24 25
32 25
27 31
19 31
23 18
26 30
22 43
19 30
25 35
27 35
39 32
37 42
42 37
29 31
36 39
37 20
34 17
32 31
28 23
34 32
16 23
35 27
29 42
27 14
33 43
39 35
35 25
35 14
23 39
19 19
15 17
43 36
43 29
28 44
41 16
23 33
32 30
25 40
36 17
27 20
40 38
19 15
39 14
27 26
14 34
25 26
36 43
14 18
36 24
26 40
38 31
44 40
19 20
21 25
37 29
41 29
20 36
25 37
23 28
43 34
21 16
18 43
18 37
22 30
40 32
23 22
44 44
34 44
36 42
20 24
35 24
22 40
20 18
26 16
19 23
21 28
18 42
16 40
27 28
16 39
38 33
20 29
14 14
37 26
23 29
16 44
32 22
41 24
23 17
24 40
14 25
26 37
36 19
28 30
30 34
39 37
39 19
38 27
28 15
16 20
30 18
41 32
20 21
25 24
14 15
17 42
20 34
38 21
23 41
29 36
22 17
15 32
37 28
15 27
14 24
42 28
37 25
21 32
34 19
21 35
28 19
23 35
14 27
40 30
22 28
34 29
32 15
37 31
35 32
16 32
