49 139
13 21
12 30
12 32
36 14
13 13
27 13
12 35
36 35
33 33
24 15
29 32
26 20
27 22
25 30
30 26
26 34
22 28
15 14
34 27
22 33
14 20
31 28
28 24
14 31
31 30
25 31
35 12
34 15
12 15
26 18
27 18
29 34
16 16
17 29
13 12
18 20
31 27
13 31
33 20
33 31
28 30
26 22
12 29
19 25
33 24
20 26
20 13
35 32
23 21
21 33
21 25
36 28
23 31
29 31
33 29
12 33
18 17
31 24
17 26
31 23
26 15
36 12
29 21
16 29
13 27
22 22
28 23
33 30
27 25
32 32
12 31
35 24
28 29
36 25
34 31
24 12
33 35
28 17
14 13
32 14
32 26
32 31
15 19
16 14
17 35
29 30
19 18
35 34
12 19
18 15
18 29
15 17
19 16
27 28
18 18
31 34
34 13
27 29
25 33
23 20
22 35
15 13
26 21
18 16
12 13
16 22
23 28
15 33
29 23
19 31
12 17
31 25
21 32
36 34
36 32
33 27
20 33
24 27
21 21
26 29
15 32
19 22
24 13
33 23
15 23
33 21
13 32
30 12
15 36
21 13
22 13
21 15
29 27
28 15
23 22
16 21
30 28
34 36
22 21
