53 99
29 31
30 18
30 30
32 20
37 13
18 13
27 29
33 24
15 22
36 14
37 34
22 37
16 23
19 19
34 20
32 24
16 32
31 34
27 24
13 29
30 38
34 16
36 35
26 32
16 37
39 24
28 35
17 16
22 27
35 35
23 20
15 26
15 37
31 23
37 36
21 32
23 19
18 28
31 16
36 37
16 19
37 29
31 13
14 34
15 27
13 31
13 39
21 28
22 15
26 38
22 19
23 34
19 15
23 24
37 27
35 33
29 26
22 35
36 29
36 22
23 27
38 19
27 33
20 37
19 17
25 17
34 36
38 36
30 24
32 27
33 20
13 38
29 27
33 39
35 23
22 38
18 34
26 39
28 20
33 25
38 34
23 22
37 19
31 25
31 21
38 27
36 25
32 34
22 32
20 14
20 34
37 21
14 23
38 29
13 20
21 15
36 32
20 33
19 31
