51 118
15 31
13 32
26 18
38 22
13 34
33 24
18 32
19 32
12 25
32 20
27 22
25 24
24 15
14 13
18 18
15 34
31 30
21 28
35 12
34 38
32 32
20 37
27 19
20 16
26 30
33 36
25 32
17 20
27 12
37 22
27 14
18 37
24 25
21 32
17 26
37 29
38 34
27 20
25 28
38 20
35 37
21 25
16 14
35 26
17 19
21 34
31 34
22 26
19 25
38 14
24 35
31 14
31 33
25 26
22 17
17 22
27 32
22 33
38 25
28 12
22 28
35 27
23 14
37 31
24 30
23 21
27 21
28 20
26 35
30 30
32 23
37 16
22 29
32 33
15 15
38 23
26 13
13 20
24 28
35 33
25 18
24 34
37 15
28 17
24 14
19 27
19 29
25 35
25 34
20 19
16 37
23 27
12 32
36 31
25 15
23 23
25 29
33 13
23 15
13 21
22 24
24 33
26 15
13 14
15 25
15 13
18 30
28 13
32 12
19 33
22 38
18 29
34 32
24 23
21 19
20 14
23 28
13 24
