55 134
19 36
35 34
22 29
36 29
19 27
35 19
34 20
18 17
23 40
13 34
19 26
28 41
32 39
20 23
18 30
17 13
32 13
17 17
20 41
37 20
24 41
22 18
27 28
36 26
24 13
36 39
23 16
29 19
39 26
26 25
15 24
38 26
24 28
14 29
13 24
13 40
32 36
30 22
32 20
28 18
32 38
40 35
30 32
29 26
36 24
24 20
23 32
41 24
39 21
21 20
25 39
14 26
37 26
20 18
37 31
40 23
15 13
41 20
35 22
15 16
29 34
24 34
15 30
29 17
34 35
40 19
17 41
37 14
39 28
23 33
34 41
37 18
15 14
21 21
28 21
19 38
20 29
26 22
17 30
13 28
17 20
17 34
33 41
33 19
18 35
26 14
31 35
16 17
15 31
17 36
37 40
22 16
30 16
21 14
28 15
39 16
19 19
21 25
13 18
20 34
14 35
27 32
30 21
33 31
38 16
29 32
28 19
22 20
25 29
20 15
27 18
22 28
28 23
13 22
41 33
35 36
40 25
35 27
34 39
30 15
33 32
29 36
19 37
32 18
13 13
24 37
20 28
41 25
27 19
20 19
16 40
41 29
26 41
40 40
