53 142
15 13
23 19
17 34
25 23
13 26
14 14
27 14
21 23
13 15
32 32
28 36
29 33
21 27
32 38
25 32
38 39
28 27
32 27
13 24
18 35
29 32
16 31
23 33
24 31
25 35
29 28
36 26
31 23
18 27
19 29
38 27
26 19
26 21
24 21
29 17
18 23
20 29
39 30
25 15
23 36
33 38
38 16
31 37
39 13
30 16
20 14
36 24
32 21
22 19
37 39
15 23
28 26
20 39
17 29
34 16
38 20
21 22
27 38
30 19
34 19
31 35
29 35
33 36
25 37
14 13
22 36
14 20
17 20
16 22
13 31
16 21
19 17
27 21
24 15
22 18
21 19
29 29
31 19
31 14
23 32
16 24
24 33
22 27
36 20
14 33
13 23
21 32
29 16
38 30
19 16
39 17
20 19
39 14
34 22
18 31
27 29
21 17
25 26
22 38
31 16
31 20
26 29
33 31
21 25
22 31
24 36
26 28
32 30
38 23
29 27
28 17
32 29
34 27
28 30
24 27
34 21
34 15
14 26
16 38
30 13
20 28
38 31
20 23
29 15
16 36
39 31
27 28
16 23
13 16
29 14
29 39
15 32
35 34
37 16
33 28
35 15
19 19
28 20
38 33
13 35
36 32
27 20
