47 116
23 16
23 30
18 28
33 35
13 28
15 30
23 26
32 15
21 16
24 23
28 17
11 19
27 12
35 28
29 23
33 26
12 22
19 33
32 28
35 25
20 35
20 22
18 31
12 18
29 26
29 18
13 19
29 31
21 14
34 14
23 29
19 26
21 31
12 20
34 20
26 34
26 26
16 14
16 35
15 29
28 26
11 15
16 16
14 16
29 15
30 16
23 28
23 12
35 33
28 19
17 12
27 32
16 15
30 34
15 17
34 33
32 26
25 21
24 19
30 31
29 12
17 27
22 13
32 32
28 12
17 20
35 14
33 34
26 14
33 29
17 21
25 11
26 32
26 29
25 12
20 30
22 29
23 31
35 32
34 17
34 12
16 28
13 26
15 19
13 30
28 18
24 30
35 24
32 27
32 30
14 27
12 32
28 34
14 30
12 21
34 21
30 12
26 13
24 34
29 19
31 13
26 19
14 34
13 23
33 31
29 30
31 15
27 20
11 35
16 27
20 16
23 17
16 21
27 35
16 19
26 22
