45 140
24 32
29 18
26 14
27 15
33 14
14 31
29 17
15 12
15 18
27 17
23 17
24 33
18 27
24 17
30 33
28 18
25 21
19 17
25 13
31 16
25 15
26 30
18 15
14 23
16 33
23 21
14 27
16 19
23 26
25 31
12 22
18 29
15 14
13 28
25 28
20 12
27 33
30 20
33 31
29 14
29 22
21 13
11 16
17 17
26 25
23 16
31 23
30 26
13 33
29 16
23 13
13 31
15 13
16 31
12 29
14 25
20 23
33 15
23 15
30 25
33 18
20 28
13 24
16 17
11 11
25 12
25 25
33 25
12 18
26 24
24 29
19 29
25 26
30 22
31 33
22 31
21 29
15 22
14 20
32 11
18 30
18 22
23 11
23 30
30 23
21 25
33 19
13 23
28 33
25 30
14 17
26 32
14 29
11 13
16 27
33 23
15 26
18 21
11 21
28 25
19 12
15 17
31 18
25 17
32 14
12 17
31 31
15 23
31 21
16 30
32 23
15 33
18 20
30 17
27 11
20 29
33 22
17 21
18 19
33 29
29 31
13 27
13 26
28 29
14 11
22 13
12 33
20 13
18 16
32 20
27 24
25 23
32 26
24 22
31 22
20 11
26 33
22 18
32 19
18 24
