39 96
18 29
9 29
20 21
29 21
9 23
28 29
10 9
24 23
20 27
19 29
20 12
15 20
11 13
19 21
16 11
9 14
18 15
12 29
11 21
28 14
25 24
23 19
21 16
15 18
25 21
13 22
24 22
19 13
23 17
28 19
15 19
13 14
21 25
26 28
11 18
29 12
10 21
23 25
15 29
25 10
14 10
12 22
17 10
12 19
28 18
24 12
28 23
9 24
27 17
23 11
27 27
22 25
16 24
27 29
16 22
12 20
14 29
22 28
28 9
10 16
23 14
13 20
10 17
26 19
27 9
14 11
15 25
21 22
10 20
10 28
28 16
25 29
17 9
25 25
22 18
28 21
27 18
17 19
10 11
26 24
18 13
28 28
17 22
20 22
20 15
17 17
22 22
12 13
27 13
12 16
11 22
29 27
13 16
21 12
18 9
29 14
