61 127
35 22
16 23
17 29
32 31
19 33
32 20
23 30
38 17
21 41
32 17
39 34
20 38
26 24
17 15
44 20
19 17
36 44
27 40
27 22
42 16
42 44
24 22
31 22
20 21
20 27
36 20
24 39
28 37
41 39
16 43
36 25
32 19
40 28
45 41
33 17
41 37
23 29
43 42
25 34
16 31
30 34
18 18
22 25
18 42
24 40
44 30
33 44
42 25
28 16
26 40
33 25
27 43
30 36
34 44
31 41
21 20
27 18
42 34
34 31
37 16
19 34
37 39
15 33
29 31
34 36
28 38
27 26
22 41
21 35
31 40
37 31
22 18
17 23
41 26
27 39
35 33
25 38
19 32
30 39
21 38
38 33
21 39
19 45
36 42
44 37
39 17
20 43
42 35
17 25
28 45
18 20
17 24
30 20
18 31
41 41
31 32
40 36
15 25
33 18
30 15
28 26
19 39
31 16
24 32
42 26
23 38
28 27
22 37
42 27
31 15
41 35
25 18
20 32
15 28
45 21
26 33
31 42
26 25
43 27
22 45
19 40
22 27
25 33
34 33
42 40
34 45
45 38
