61 243
36 34
20 27
31 20
22 44
37 23
44 27
23 31
32 28
25 37
25 23
26 45
42 23
26 42
23 43
26 40
33 43
15 40
30 43
31 30
19 40
45 26
41 33
23 23
33 24
45 15
34 42
32 18
41 37
41 20
43 28
26 38
44 26
18 25
44 39
20 39
28 42
44 44
25 43
19 34
33 39
35 21
37 43
24 31
19 20
43 25
16 26
18 41
16 28
45 43
16 22
18 28
38 41
35 16
24 38
23 44
30 45
37 30
19 32
38 16
29 41
40 36
30 26
27 15
33 44
23 45
33 27
32 41
33 40
23 26
27 20
41 17
31 40
16 45
17 25
29 36
16 33
23 20
16 27
27 35
16 17
27 29
42 34
17 17
44 34
41 18
23 38
33 18
21 32
18 43
22 36
22 24
45 44
26 27
29 39
23 37
28 30
36 32
44 23
25 34
22 28
29 23
44 29
27 33
38 24
24 35
20 23
43 35
34 33
27 36
26 26
32 26
17 32
22 19
20 35
40 35
20 32
44 20
42 30
20 42
42 45
26 15
45 21
43 22
26 16
39 44
39 24
39 16
35 15
43 31
34 40
21 31
16 42
38 27
24 32
18 38
35 20
27 32
39 35
38 23
18 34
30 35
25 45
19 45
30 20
36 35
42 44
19 30
27 44
17 43
28 45
26 41
19 22
16 41
31 29
31 15
37 22
28 44
19 18
17 22
25 29
23 18
43 33
36 30
45 34
41 22
22 16
24 30
32 38
43 38
25 20
41 42
37 39
23 41
24 20
16 23
27 30
16 31
34 17
33 25
35 37
33 28
19 39
41 38
38 29
44 45
26 32
44 15
24 37
19 28
27 23
34 21
15 28
34 18
41 35
35 22
18 18
45 24
43 18
27 25
44 30
18 26
40 20
15 19
40 24
41 34
23 16
15 45
32 19
41 43
20 37
30 37
28 31
30 33
20 15
31 21
21 15
22 30
40 37
38 21
24 27
27 43
33 35
30 25
21 17
37 37
34 44
40 17
45 33
19 38
27 28
42 28
42 43
36 33
44 32
45 41
36 20
19 37
21 20
28 43
45 27
37 21
32 29
41 31
