47 88
17 19
24 26
32 18
24 20
25 19
19 22
14 22
20 18
30 20
15 29
18 16
29 21
19 29
16 33
29 17
31 28
18 18
31 27
18 24
12 14
13 18
22 22
13 34
19 14
31 15
11 32
13 22
28 28
14 19
11 16
15 28
27 27
35 33
19 27
30 17
27 30
24 18
31 22
14 11
31 25
25 16
29 11
17 34
13 20
19 34
15 26
25 15
12 28
14 27
26 34
24 21
22 18
32 19
17 32
35 32
14 32
26 32
16 12
22 35
34 29
19 11
27 19
27 25
23 20
25 31
18 31
21 21
22 20
19 30
26 13
26 18
23 35
27 35
14 18
35 17
18 35
26 29
19 16
16 13
15 14
24 13
25 13
24 19
25 30
23 24
32 30
11 21
30 30
