53 199
31 38
16 16
16 39
15 20
22 39
29 34
14 35
38 27
25 37
36 35
35 31
20 38
34 27
33 19
19 14
15 21
25 13
18 39
20 31
35 29
19 27
22 21
18 31
30 23
17 30
39 20
37 14
32 23
29 14
29 33
28 34
32 37
13 37
35 28
25 39
20 19
23 39
33 38
15 15
14 29
26 24
17 23
16 25
16 14
33 15
23 19
15 25
37 16
34 37
37 35
30 25
33 23
32 21
24 22
27 32
15 33
21 37
16 29
37 39
13 27
23 25
19 38
34 26
28 29
14 21
36 17
30 31
34 31
18 28
32 35
32 15
37 22
28 27
24 29
31 26
18 16
31 39
31 32
20 27
27 38
33 24
21 15
14 26
34 23
23 29
15 13
17 33
33 13
26 27
24 13
15 29
24 24
35 18
26 36
39 36
20 25
15 18
20 26
17 21
36 14
37 30
22 24
15 26
31 17
20 39
19 36
27 20
16 17
26 13
39 38
18 29
14 13
26 14
21 36
18 23
26 20
19 29
29 37
15 24
17 36
34 34
14 34
19 33
15 23
23 32
33 27
14 16
16 24
32 36
37 25
32 17
16 36
13 20
39 33
35 35
22 25
28 30
27 37
32 25
16 18
36 20
37 21
25 26
38 26
38 22
32 29
20 24
36 18
38 20
26 15
24 33
35 34
30 30
24 26
38 33
22 37
18 24
30 19
33 36
25 33
27 29
38 32
17 14
36 19
33 33
31 24
21 38
28 32
30 16
38 19
32 16
23 31
23 21
22 28
27 17
14 27
32 13
15 22
27 26
30 35
16 30
23 38
38 16
34 13
26 35
36 27
26 16
20 33
34 28
31 30
35 14
24 37
28 35
28 33
21 33
13 29
21 29
15 36
30 33
