49 188
21 26
26 34
29 16
36 30
25 26
22 19
33 34
35 19
35 36
17 20
36 24
31 24
26 15
14 23
36 36
18 13
16 19
27 24
13 27
35 33
33 22
23 22
12 26
23 34
32 23
27 29
22 34
16 28
16 17
36 33
21 27
36 35
16 36
28 19
19 27
23 21
32 26
30 17
18 24
14 30
34 12
14 27
18 12
34 33
14 31
15 24
29 33
24 12
16 35
27 13
30 27
13 16
34 20
27 26
32 19
16 22
19 33
30 15
19 16
22 16
18 34
18 19
36 21
31 19
20 28
33 33
12 18
30 29
28 16
33 31
20 21
21 22
22 17
36 23
23 15
25 30
34 32
26 14
25 29
18 26
20 35
16 18
33 17
17 35
17 15
30 31
12 13
24 14
17 21
16 20
27 36
17 17
33 14
35 16
29 27
14 29
28 29
24 22
26 27
19 29
16 34
23 14
18 21
15 20
32 20
30 30
15 29
16 33
28 30
35 28
12 31
23 29
17 16
22 21
23 12
33 20
27 33
31 34
14 18
12 19
32 27
34 15
34 24
25 15
25 14
13 34
15 14
15 33
18 17
14 34
26 36
32 29
26 26
30 33
24 20
29 14
17 22
27 25
29 19
35 17
20 36
16 13
33 27
29 26
19 34
29 17
24 32
19 14
13 13
35 20
21 36
30 14
15 15
36 19
30 22
14 20
29 28
25 19
28 34
21 16
14 32
24 23
26 22
17 26
32 32
36 12
18 23
17 29
15 26
20 16
32 16
14 15
30 13
25 25
18 36
22 15
36 26
30 32
19 30
31 25
15 16
28 20
19 31
21 30
17 14
34 36
25 27
13 14
