59 132
15 16
27 28
38 34
38 16
19 40
19 28
14 44
37 15
18 31
18 29
20 30
16 19
27 14
42 25
34 35
16 17
35 22
24 35
18 33
42 34
22 35
20 19
28 43
42 40
14 38
19 22
44 31
40 38
32 44
34 18
34 25
31 28
21 43
27 34
17 38
38 26
20 42
43 24
21 25
35 16
27 41
38 23
28 40
43 36
41 15
34 24
41 21
37 43
21 29
19 27
16 37
36 17
40 43
40 28
30 34
43 29
33 14
19 39
18 20
32 28
36 33
27 24
14 36
19 36
15 43
29 29
22 28
28 33
15 33
38 44
29 34
16 25
43 21
44 43
25 38
20 34
41 34
35 21
34 40
16 16
16 31
30 26
30 41
43 18
17 36
42 24
39 35
37 27
28 44
42 17
24 39
21 26
27 36
24 19
31 22
24 29
41 40
39 18
29 25
23 15
40 15
39 29
38 18
39 36
33 19
30 42
44 22
39 38
16 27
26 18
18 18
39 27
29 22
33 42
36 21
30 32
24 17
37 19
31 29
42 31
35 34
33 25
20 24
43 42
22 43
32 15
27 37
44 41
24 28
29 16
38 24
37 30
