45 167
13 24
17 27
24 31
14 33
29 29
14 12
32 20
15 24
13 32
19 14
25 24
19 19
12 12
29 19
16 17
29 12
11 18
24 33
28 27
18 14
25 12
15 25
22 18
17 22
11 32
18 25
13 19
16 20
30 17
17 15
31 23
21 28
19 24
27 22
17 17
21 21
30 14
23 26
31 29
22 11
30 18
32 12
22 23
17 20
23 33
33 13
30 28
19 15
24 24
22 32
19 21
32 25
12 31
26 27
16 31
24 21
33 23
17 31
11 14
32 32
24 26
23 24
13 28
28 31
31 15
28 15
29 23
18 21
11 31
17 13
23 22
21 12
27 21
28 11
14 28
13 21
25 20
26 12
30 32
22 12
32 21
25 31
16 28
22 31
11 17
21 31
19 28
26 14
18 27
17 32
23 31
30 27
28 29
27 15
29 22
19 18
17 19
26 31
30 13
33 28
13 30
12 26
22 27
22 19
18 33
32 23
29 17
24 32
31 22
20 14
27 31
24 30
15 32
16 19
27 30
18 29
15 22
16 33
18 18
12 17
29 18
15 27
22 15
28 22
23 12
17 16
21 25
30 24
24 29
28 14
28 17
23 16
26 29
20 31
11 11
27 11
24 20
27 13
32 29
27 29
30 21
23 13
20 30
11 12
27 12
28 16
12 21
16 21
23 32
20 19
32 17
19 32
11 15
30 12
17 29
28 21
15 15
12 25
25 23
15 21
14 27
29 24
32 26
14 23
33 16
12 15
31 21
