59 115
29 14
34 15
21 27
33 29
38 38
22 43
28 34
40 37
40 20
30 33
15 29
19 16
25 17
23 25
19 15
23 38
41 21
27 41
36 20
41 38
43 37
31 35
41 22
18 25
35 41
37 23
24 16
30 34
37 21
28 33
14 17
18 31
17 37
29 21
36 16
42 29
41 42
34 28
40 39
31 38
24 35
31 39
25 32
14 41
38 27
32 37
23 37
14 19
16 32
23 42
26 44
18 29
38 43
32 20
28 14
34 23
41 28
18 38
22 20
27 26
24 24
41 16
43 21
25 19
38 36
40 25
31 15
44 35
36 19
33 44
43 19
21 20
34 29
30 29
17 31
40 27
40 36
30 42
24 37
25 21
34 17
36 39
40 40
18 27
32 34
18 32
36 17
17 23
27 21
32 35
29 16
21 29
39 16
14 24
24 38
33 34
24 20
38 24
42 14
37 44
39 31
43 26
38 31
40 30
20 32
14 14
32 31
38 35
20 29
32 40
14 23
33 21
34 22
15 28
25 28
