61 265
20 37
20 27
19 18
26 34
45 19
33 18
29 44
30 33
43 33
30 31
21 37
27 42
25 23
28 34
42 45
43 28
42 19
28 37
30 28
42 42
44 44
22 39
22 23
20 20
19 17
21 42
18 38
23 23
16 26
37 44
40 25
27 24
27 44
44 42
22 35
26 31
41 17
25 19
34 22
31 42
29 25
40 28
42 24
16 43
43 20
18 29
42 32
15 42
25 34
26 38
24 27
16 18
36 15
40 35
18 32
45 17
42 20
39 29
42 38
18 20
33 32
15 40
22 27
23 17
23 18
39 41
20 38
44 22
37 25
41 31
25 25
19 19
41 33
35 41
36 38
35 15
25 24
37 31
40 36
43 32
18 24
39 30
38 25
37 45
38 26
44 30
33 45
21 41
34 15
36 42
27 19
24 24
36 36
18 34
19 33
40 37
33 37
26 42
45 29
30 16
34 27
43 27
23 21
22 17
28 29
35 21
26 36
45 32
42 34
42 30
16 37
31 43
38 31
15 45
40 40
36 34
17 45
42 39
32 42
37 27
23 31
39 25
41 36
26 32
21 36
40 26
38 20
35 26
20 21
19 15
23 45
20 31
32 17
43 21
28 19
20 16
41 32
45 27
45 41
25 38
42 29
23 41
31 45
37 18
21 39
23 25
28 15
27 30
31 21
42 26
29 35
28 42
30 41
41 26
43 35
35 37
25 21
27 26
43 45
27 29
33 24
34 34
38 30
27 37
16 35
29 37
40 45
25 26
21 43
36 44
39 37
20 45
16 28
33 22
37 36
43 37
20 22
39 38
44 16
34 23
22 42
42 44
19 39
41 22
20 36
28 16
24 40
21 15
16 40
20 24
27 33
36 27
35 31
24 36
45 28
21 22
21 34
21 45
42 35
39 34
24 20
45 39
35 28
35 42
30 38
32 30
38 15
30 22
36 19
37 29
19 29
31 36
31 25
38 18
30 24
43 22
34 16
35 25
16 24
35 33
16 15
32 40
31 40
41 44
30 15
17 32
18 43
31 39
33 23
34 44
20 44
35 36
37 17
28 30
33 16
26 18
38 35
31 38
30 27
34 20
15 19
38 29
41 45
26 44
35 44
36 25
21 33
39 15
20 17
21 17
22 21
36 43
37 23
33 31
42 17
35 17
25 32
19 40
21 29
44 33
41 37
41 42
20 42
34 32
26 21
