41 133
12 11
23 27
25 19
29 17
17 21
17 18
30 11
17 23
21 10
22 26
19 18
12 29
19 14
13 20
19 15
10 13
18 17
30 13
15 16
17 24
23 23
17 22
23 25
18 26
15 29
11 11
25 10
10 12
20 26
19 11
20 18
20 29
25 25
24 26
25 27
27 21
25 22
23 29
16 14
12 20
30 18
14 17
26 28
17 20
18 10
14 20
30 20
24 13
15 11
18 20
13 21
12 18
12 24
18 18
26 18
11 23
14 22
27 16
24 23
25 13
10 21
25 14
27 26
26 22
19 17
21 19
16 22
25 29
12 10
15 27
24 12
18 29
10 30
21 28
26 27
22 11
26 10
19 10
29 12
21 21
26 17
29 29
21 26
26 25
28 20
27 13
16 20
16 11
13 26
23 26
23 20
16 24
16 12
13 15
27 30
15 14
27 17
21 23
18 14
18 24
25 21
24 18
15 13
22 22
23 14
15 10
22 24
17 14
11 12
12 14
28 11
30 21
19 20
19 25
20 22
15 30
20 16
28 10
12 22
13 10
18 21
17 17
26 16
28 19
20 30
17 26
27 28
20 28
25 20
24 28
21 29
15 15
16 18
