45 94
24 29
29 23
12 16
23 28
24 11
23 27
15 18
33 27
18 26
33 33
29 11
33 22
30 16
22 15
18 13
23 17
21 20
24 17
29 32
14 16
26 32
33 32
19 25
14 28
17 25
23 32
33 23
27 25
16 20
28 25
25 14
23 14
26 17
33 24
32 28
14 23
15 14
16 30
25 23
20 24
17 12
14 19
24 27
30 25
17 26
11 32
18 30
27 21
15 26
19 19
23 12
11 15
11 18
26 13
32 19
14 12
21 21
20 17
25 20
27 33
31 11
11 24
25 26
21 29
29 22
24 24
15 24
13 23
16 21
19 23
24 33
18 16
20 19
18 28
23 21
25 27
24 31
18 20
12 27
23 11
12 13
33 21
19 16
28 21
26 29
25 28
24 23
33 31
11 21
14 15
13 28
28 26
26 16
12 26
