51 112
24 23
21 28
35 24
15 37
19 30
26 21
23 29
35 38
32 17
19 34
37 13
29 32
23 27
17 18
26 29
17 24
28 29
32 24
34 12
22 26
22 12
21 14
29 26
22 20
28 23
33 12
16 30
21 33
12 23
37 38
28 13
34 17
18 17
13 30
26 36
36 30
32 25
19 27
35 33
38 29
14 25
33 34
22 38
16 22
24 37
31 20
30 38
12 29
34 38
19 23
17 30
26 13
12 18
29 22
23 12
21 20
17 25
27 38
23 22
35 29
24 34
18 35
13 16
24 22
25 36
32 14
17 26
28 32
29 12
23 30
18 26
13 21
28 17
19 31
15 15
26 38
15 14
16 20
26 25
25 33
16 38
20 33
19 24
38 33
20 30
25 16
15 32
15 22
22 13
37 30
15 36
29 14
22 36
23 28
18 20
36 31
16 14
30 16
20 15
27 21
29 27
30 14
34 26
14 24
38 14
27 23
20 38
31 22
22 18
21 35
36 18
33 31
