59 279
36 24
19 41
35 32
15 31
28 30
37 20
16 14
20 31
25 39
25 42
16 31
41 16
35 17
37 28
14 37
34 14
16 42
14 42
44 32
34 31
31 29
28 26
42 17
30 36
41 34
39 36
18 21
16 38
40 18
34 39
15 33
17 22
21 19
37 30
30 27
34 38
36 29
37 39
38 19
33 38
41 25
18 38
17 14
22 21
37 29
19 35
15 37
37 14
33 30
34 35
15 16
26 42
42 34
15 35
27 16
22 18
33 15
37 44
30 31
39 16
41 24
32 32
27 42
28 43
15 42
22 43
42 23
16 41
23 42
17 36
20 15
29 22
25 43
36 15
36 32
29 25
44 40
35 16
22 36
24 42
34 26
44 44
39 43
21 35
21 25
40 24
44 28
24 35
14 24
44 34
26 36
38 27
20 40
42 32
25 37
35 21
15 44
22 14
32 29
29 37
24 21
43 24
16 37
37 21
19 43
42 36
19 36
17 26
34 40
43 15
34 22
41 37
41 43
42 40
37 36
16 15
30 41
18 39
15 30
17 27
23 18
28 33
28 40
25 29
43 26
38 34
18 34
24 25
34 30
44 15
33 18
42 28
27 37
35 30
39 24
20 32
41 41
16 21
33 43
19 19
15 24
42 19
41 39
39 39
41 35
35 24
31 37
35 44
27 35
22 22
28 38
25 19
21 36
34 24
25 32
28 29
35 28
29 14
28 28
38 42
15 18
18 43
26 29
16 19
24 40
41 22
43 42
17 38
33 33
41 31
40 15
14 28
20 33
37 41
38 29
41 23
18 28
42 16
31 41
38 14
15 28
32 25
37 26
15 34
35 29
44 25
31 21
18 37
37 18
36 41
25 20
26 34
31 40
22 39
41 15
41 32
40 42
29 17
18 32
21 43
44 14
21 41
29 42
27 38
14 33
35 22
29 29
14 21
32 15
19 39
14 38
20 30
31 43
30 19
41 44
37 35
29 18
28 18
44 20
22 41
24 22
39 29
44 23
36 37
14 20
41 19
22 35
33 32
38 31
24 41
18 27
21 37
25 44
26 44
24 36
14 35
26 16
16 26
28 19
23 20
34 44
25 18
22 44
26 26
23 33
20 36
22 29
27 31
20 42
17 19
27 22
32 18
19 44
26 17
17 24
40 20
25 25
16 44
38 36
24 33
43 40
43 29
34 42
24 37
25 22
33 25
38 37
21 27
25 40
16 43
14 15
19 20
17 21
14 39
31 16
24 17
16 39
37 27
31 34
