61 169
35 29
25 24
31 28
40 31
32 30
18 19
40 36
28 41
35 30
30 22
15 16
24 30
25 37
38 17
37 38
39 38
42 18
22 38
22 30
17 34
27 26
29 38
26 18
40 16
23 17
25 38
33 25
26 32
20 37
45 25
43 34
26 34
41 31
30 27
29 23
44 29
40 24
41 32
40 35
44 27
43 16
41 18
29 36
15 37
36 41
19 36
24 16
29 18
43 42
33 42
31 39
28 17
28 23
28 21
22 41
35 31
16 33
40 34
19 28
17 42
22 15
36 15
18 39
44 19
31 44
43 17
23 18
37 25
20 40
36 25
29 29
39 23
45 15
22 35
22 45
39 45
17 30
25 15
44 42
36 19
32 43
43 20
29 41
42 32
33 39
20 20
39 20
41 23
28 39
22 32
40 21
23 16
44 43
20 32
40 33
24 32
40 19
18 23
38 45
38 27
20 38
39 17
19 18
22 22
27 37
24 40
26 40
39 35
34 36
40 42
28 19
21 36
21 23
26 35
45 39
25 32
20 45
37 15
42 33
30 45
23 24
39 21
26 43
36 21
40 23
40 30
32 40
28 26
40 43
40 26
35 28
17 40
23 20
17 24
22 44
34 16
44 44
30 41
19 42
22 17
33 41
29 30
32 34
32 24
25 30
42 28
42 27
18 44
41 38
34 34
40 40
42 25
44 16
39 16
41 43
43 30
30 21
30 36
21 15
35 23
25 16
20 29
44 37
43 37
21 30
23 23
19 16
24 33
19 22
