59 274
38 41
32 38
15 20
30 42
43 15
27 25
33 16
42 21
39 21
24 32
23 30
26 30
43 26
25 36
36 18
43 22
35 25
22 27
41 22
35 35
20 29
42 20
40 15
39 22
41 35
20 37
18 21
38 38
15 32
24 21
20 38
26 40
23 39
40 36
14 23
31 28
31 40
18 29
16 23
39 20
14 25
14 35
31 38
34 23
43 23
28 27
27 21
42 30
40 42
22 35
35 15
19 19
14 16
38 16
21 38
39 27
14 24
29 43
21 20
20 31
28 18
14 41
35 28
24 41
33 18
18 38
14 27
33 44
30 17
35 19
20 18
14 44
31 29
39 18
24 26
22 34
38 36
20 35
18 40
23 19
24 27
23 18
37 30
37 21
25 19
39 35
16 17
14 20
42 31
28 15
18 25
37 31
34 44
28 43
28 39
26 31
17 20
28 29
28 22
40 31
44 16
25 25
14 21
42 33
21 25
44 25
25 14
26 20
19 25
32 33
27 34
23 29
19 21
19 41
33 38
34 21
41 19
17 29
17 15
27 35
38 29
24 15
19 31
28 26
21 24
15 23
24 30
15 30
24 35
39 28
19 24
18 31
33 24
31 20
37 22
28 32
44 43
21 31
39 42
34 22
40 16
43 28
14 28
17 17
18 19
29 41
42 39
44 17
21 43
33 39
37 29
42 41
31 39
30 40
28 34
30 26
32 40
29 27
17 43
23 38
34 20
30 44
20 22
30 18
23 44
38 26
24 37
44 21
24 43
28 14
32 41
28 38
20 21
15 39
33 43
32 35
25 23
18 15
16 24
42 32
17 32
21 35
36 44
22 24
32 37
22 38
37 20
21 37
39 26
24 14
16 36
29 35
43 33
18 14
40 19
27 28
24 44
44 36
28 21
33 30
35 26
34 24
41 14
39 29
40 29
27 18
44 41
17 24
35 22
15 29
18 37
43 18
38 27
30 20
33 42
22 25
44 27
20 42
34 30
37 28
25 15
39 14
20 28
16 19
19 38
22 17
44 30
43 19
23 42
15 19
27 17
23 24
21 36
27 39
18 32
26 29
31 18
29 40
35 32
26 26
17 30
33 36
43 36
37 39
32 14
25 29
22 18
18 24
25 39
32 24
14 40
35 17
37 25
36 21
42 18
33 34
37 40
31 41
29 20
44 18
35 30
25 35
25 26
22 21
17 23
33 21
20 26
37 38
34 33
28 25
16 32
23 20
16 21
26 33
