53 155
29 24
32 27
38 18
16 28
29 18
20 28
16 18
38 35
24 24
39 25
39 19
21 32
36 28
38 13
22 29
39 16
30 29
26 18
20 18
19 19
14 32
28 36
20 34
37 15
13 38
33 34
23 27
16 16
21 14
28 33
35 37
39 26
31 28
28 37
18 31
15 27
25 29
28 13
34 35
18 18
19 28
33 31
29 34
34 19
32 24
33 16
30 13
38 24
18 33
14 28
23 24
37 18
32 18
26 38
35 21
38 23
33 13
18 36
21 39
20 32
34 15
20 24
20 16
20 20
37 35
17 39
38 19
32 37
27 23
33 30
16 36
32 19
18 21
14 30
17 29
17 25
36 18
15 39
39 35
38 34
14 18
21 23
17 22
15 15
33 14
17 35
30 30
13 13
38 32
16 14
24 33
34 33
19 22
13 15
33 36
14 31
26 20
26 35
19 35
17 37
37 17
26 32
25 26
15 23
34 27
36 17
24 31
22 33
34 34
26 31
25 14
32 29
26 24
28 38
13 28
17 15
39 36
27 20
37 38
21 19
30 37
29 37
24 14
14 37
15 29
19 29
38 39
28 34
14 29
20 37
19 25
18 35
13 30
38 20
23 26
39 28
27 33
25 19
38 22
34 23
28 19
34 24
28 27
16 24
19 18
19 13
14 27
30 36
13 18
35 22
14 22
17 13
39 14
29 17
19 16
