45 115
29 27
20 18
20 16
19 31
23 15
14 19
16 14
19 33
12 20
13 14
29 21
21 15
12 24
19 27
25 30
33 31
11 26
13 18
31 28
27 15
12 22
24 29
22 28
17 32
23 22
14 30
11 18
26 24
30 17
33 11
13 20
27 29
11 32
24 17
29 15
23 24
20 13
23 16
23 18
29 28
16 24
30 26
12 29
18 11
22 21
24 14
19 26
31 29
11 27
15 20
15 12
33 24
14 20
13 26
23 17
15 27
23 23
26 19
26 11
20 15
18 17
26 29
25 18
31 27
20 25
11 14
28 17
28 31
20 32
29 31
33 14
15 26
18 33
11 16
33 21
14 22
18 31
20 29
19 11
18 14
25 26
33 12
11 22
31 24
24 32
31 30
27 30
19 20
15 17
32 19
19 24
32 20
15 22
13 15
28 28
20 30
11 15
22 32
28 19
18 18
25 29
15 32
23 12
26 26
11 21
32 13
16 13
28 15
24 33
17 19
32 11
13 31
16 17
31 14
24 18
