49 198
22 25
28 18
34 34
26 16
20 21
35 33
36 22
17 22
34 13
29 22
25 27
25 19
34 28
34 31
34 14
12 19
15 32
27 17
24 12
35 16
26 29
36 23
26 19
22 13
36 25
36 13
23 27
23 25
32 23
32 12
28 33
17 13
32 33
27 23
31 15
14 27
23 14
19 26
31 35
29 12
21 28
19 33
13 23
35 23
14 34
14 23
21 25
15 15
19 13
36 17
22 27
28 29
21 17
18 29
35 14
31 30
14 29
26 15
20 27
22 16
29 21
15 12
16 33
28 30
29 36
30 32
30 29
17 28
28 24
21 36
34 22
19 12
23 23
33 36
27 24
28 12
33 28
27 14
16 19
26 23
20 29
24 26
17 33
13 32
34 21
31 36
12 34
23 15
21 13
29 25
14 22
19 17
24 35
17 31
22 18
30 27
31 27
13 21
31 12
29 32
28 31
36 21
29 23
27 26
21 30
31 31
12 36
13 19
15 26
35 12
27 19
28 34
12 30
18 27
31 16
20 19
31 20
27 35
23 16
30 20
27 28
14 16
21 16
34 19
25 31
28 26
24 20
16 20
14 21
21 33
35 20
30 28
35 31
31 32
28 35
13 17
17 30
17 19
13 24
26 18
30 18
26 28
13 36
33 14
26 14
20 36
26 25
17 34
25 21
29 16
21 19
23 30
30 13
26 36
12 18
36 27
23 20
34 25
35 30
29 20
31 22
15 23
30 30
34 15
27 16
25 18
19 29
25 12
15 27
29 28
22 35
27 25
34 33
36 32
16 21
23 13
35 24
16 26
14 36
35 28
25 16
31 25
20 18
28 28
20 25
31 28
27 22
17 35
35 19
36 33
16 27
22 26
18 31
12 35
35 26
19 14
32 14
13 15
