59 108
32 44
21 32
37 14
30 38
38 35
14 27
29 27
43 42
39 19
35 42
38 18
33 38
22 28
14 37
38 25
20 26
20 20
22 42
42 37
27 41
30 31
18 41
19 15
16 31
38 31
22 18
26 41
39 27
35 34
20 33
35 23
19 42
42 41
19 36
23 22
20 25
14 43
44 20
40 40
44 30
19 43
31 17
33 28
20 27
23 30
26 32
27 34
27 38
21 33
44 27
14 41
34 32
43 40
33 14
17 39
20 30
40 38
27 18
36 42
24 40
27 17
38 33
29 32
36 25
30 19
37 28
17 24
38 42
14 25
37 16
35 24
28 26
28 28
39 23
27 33
40 24
35 25
19 16
34 43
16 20
23 21
44 24
41 19
35 19
16 42
38 38
19 35
35 40
38 43
19 33
18 38
39 22
22 21
21 27
33 21
39 31
28 20
16 43
33 25
32 41
37 22
36 17
40 43
22 41
14 19
16 26
19 37
21 42
