37 87
25 11
21 9
18 13
15 24
24 12
13 26
23 13
11 20
17 10
17 18
24 22
23 11
21 13
9 26
10 10
24 16
26 16
26 17
15 16
12 14
22 12
23 9
24 18
12 9
14 25
21 19
21 22
26 25
10 21
9 19
15 11
9 17
12 15
27 25
20 23
23 18
12 19
14 20
22 23
17 15
9 12
24 15
26 22
21 10
25 16
21 24
21 17
9 14
18 27
18 9
22 19
9 22
16 18
13 20
22 27
20 11
10 14
21 15
14 18
27 19
24 14
17 23
15 15
20 24
22 22
19 13
27 10
18 20
19 17
17 17
13 16
21 18
23 16
25 10
17 14
12 27
24 20
24 23
14 22
18 25
14 21
26 23
20 16
19 14
15 27
13 18
24 25
