55 247
23 35
22 29
34 28
21 38
14 29
28 33
27 25
29 40
14 26
13 30
29 17
40 25
36 20
41 14
33 27
36 39
40 16
41 21
38 16
33 41
34 40
34 22
13 37
39 13
33 31
13 36
34 26
30 29
27 34
33 17
31 28
19 32
19 35
13 34
22 28
38 27
17 20
41 18
27 18
37 35
13 16
29 27
26 28
35 15
26 40
25 29
22 39
38 32
14 32
23 38
23 36
20 20
24 21
37 34
15 20
34 41
17 13
38 31
17 34
16 31
31 39
35 39
22 32
41 17
26 31
28 28
14 23
35 26
41 32
19 25
20 38
34 21
38 21
39 24
28 24
23 41
39 30
40 17
33 13
25 15
39 19
27 40
33 29
30 25
41 34
33 20
27 30
37 26
40 31
25 20
18 19
25 35
14 41
30 17
20 15
13 20
27 29
37 40
25 37
15 39
23 30
40 35
36 36
29 34
31 16
17 35
23 26
18 37
39 33
39 16
14 36
36 22
19 36
26 38
21 24
36 16
13 39
27 16
14 30
38 22
18 25
19 29
33 21
39 31
31 30
22 19
28 21
16 15
31 40
34 33
29 25
31 29
13 25
19 33
18 35
40 22
26 37
36 28
19 41
40 38
25 17
37 36
36 33
35 36
31 32
14 24
32 17
28 31
19 17
13 22
20 36
22 34
36 15
22 13
17 24
37 22
19 22
23 27
40 14
23 15
19 19
16 40
34 20
14 28
40 39
25 32
26 24
29 36
41 22
31 37
34 34
20 35
28 41
23 33
39 17
14 37
23 25
17 30
24 20
32 40
29 41
14 21
22 24
28 27
37 29
24 25
26 15
17 39
23 20
32 30
16 17
38 29
31 17
18 16
24 34
26 17
28 23
35 27
26 35
22 25
19 26
41 37
29 13
32 34
17 26
18 24
15 14
27 38
13 32
23 29
39 23
35 38
15 25
14 15
13 24
27 24
31 34
17 40
28 38
27 22
30 18
28 39
13 33
26 29
20 17
19 27
38 19
23 37
34 35
16 24
30 19
16 38
36 14
14 22
21 34
37 31
40 24
16 27
41 28
16 33
37 16
34 19
20 22
15 38
23 22
15 16
35 29
