43 142
32 21
18 22
28 18
32 10
14 27
24 23
28 21
26 21
23 27
31 23
12 13
20 27
22 10
32 20
24 28
24 11
15 18
23 15
30 14
20 18
22 32
31 10
18 20
17 11
12 21
24 32
10 10
31 28
13 16
25 13
19 20
25 17
12 31
28 28
18 19
23 13
11 16
18 29
15 27
24 20
26 18
13 18
23 11
16 22
31 16
16 20
22 20
22 17
17 28
19 15
29 26
17 31
24 26
28 13
27 23
19 29
24 30
30 32
17 19
28 20
24 19
18 25
22 19
20 10
29 30
32 32
15 13
29 29
31 17
27 10
27 28
20 17
16 11
15 26
27 31
27 11
31 18
20 31
15 22
22 25
30 20
10 16
16 16
24 21
11 29
32 14
22 14
23 25
32 12
16 25
27 24
23 21
19 12
15 14
23 28
21 18
20 13
31 30
22 13
20 20
28 32
26 27
10 31
15 24
27 22
21 30
10 20
24 22
21 21
23 31
21 23
19 16
23 17
27 21
25 23
13 14
31 21
10 23
22 21
30 31
26 14
25 10
31 22
12 20
18 32
17 30
30 19
11 24
14 19
12 18
27 30
20 26
19 17
13 31
28 29
13 12
25 32
23 20
32 24
21 29
15 28
25 19
