43 104
13 13
15 20
16 19
10 32
24 11
30 15
31 24
21 24
26 13
22 30
27 28
24 25
30 29
22 20
30 16
23 22
12 16
32 30
24 16
16 11
18 11
26 12
10 11
29 13
29 10
28 15
19 19
30 22
23 18
20 20
28 24
32 10
22 22
15 28
24 23
24 24
10 26
19 22
27 15
30 27
14 11
20 26
15 21
30 23
28 19
31 20
16 29
21 14
29 20
20 21
21 23
20 31
23 26
23 32
11 29
32 32
27 10
26 11
29 25
12 15
26 25
28 32
19 12
25 25
18 26
31 22
25 19
20 10
30 31
29 11
21 22
32 27
29 17
28 30
23 10
25 17
10 30
23 30
17 29
24 31
18 30
27 19
10 24
30 25
13 32
28 18
27 17
16 24
23 24
29 15
30 21
15 11
13 25
23 15
24 18
25 15
32 15
13 28
16 26
32 25
13 26
21 32
11 30
17 30
