51 89
26 19
36 13
29 14
14 34
30 18
25 30
26 17
15 30
15 19
37 14
28 20
23 20
32 27
25 32
31 30
21 25
22 33
36 28
36 29
15 14
22 28
38 21
27 16
31 12
16 18
16 21
29 36
38 38
18 14
35 24
24 30
24 27
24 24
29 28
27 12
34 12
14 22
33 28
30 26
26 23
26 27
21 33
29 38
29 17
32 34
22 31
37 30
12 33
22 21
25 26
29 20
25 36
21 27
38 14
23 19
20 18
36 30
37 28
23 38
31 23
13 32
14 19
14 36
31 13
21 13
20 31
33 38
22 16
20 21
18 29
17 32
15 37
37 24
27 29
38 19
36 33
35 18
13 13
32 24
35 34
32 29
30 12
13 20
22 18
22 29
19 38
17 15
13 19
26 32
