45 107
17 16
15 22
28 25
27 16
23 17
33 24
30 26
27 30
29 21
13 24
18 20
24 13
26 12
16 27
13 18
20 21
16 22
25 25
17 25
11 28
20 22
28 13
21 17
22 26
22 11
20 16
12 15
11 27
32 14
26 13
28 24
27 33
19 17
24 30
24 15
24 19
32 15
16 20
29 18
30 22
15 30
30 25
24 28
27 21
17 14
26 17
33 11
30 14
12 13
16 33
23 13
32 29
18 30
13 11
21 16
31 13
23 24
24 25
13 13
20 26
31 24
22 19
29 27
27 28
25 12
19 30
28 20
32 26
23 21
20 24
33 28
28 23
32 19
16 21
21 20
20 19
31 12
27 32
29 28
14 23
25 20
14 30
15 32
20 27
33 21
33 25
13 21
32 18
28 18
25 14
11 11
17 33
14 17
26 29
26 20
31 27
18 22
28 28
33 23
19 11
11 13
14 31
32 20
16 12
31 17
12 23
22 30
