61 162
34 33
41 21
37 44
20 25
28 26
16 40
39 43
26 34
20 24
23 18
22 38
17 15
43 31
29 27
25 31
17 38
30 45
39 35
23 20
33 23
30 38
18 31
26 31
44 22
25 30
27 40
24 32
23 33
27 17
29 18
35 41
37 39
36 40
44 41
44 28
36 42
43 42
22 29
39 21
19 15
34 15
34 34
39 37
29 24
21 16
25 45
31 38
43 45
29 16
30 31
24 30
28 40
24 44
37 40
38 27
28 29
36 16
24 21
40 22
19 21
17 26
45 34
21 17
39 24
25 35
16 35
20 18
37 30
15 41
18 36
20 40
21 36
25 21
20 19
29 28
42 45
22 41
24 33
31 40
30 34
27 36
15 44
24 25
18 15
25 34
37 35
35 40
20 17
31 34
41 23
21 38
40 38
28 41
19 19
42 38
35 24
30 36
30 27
43 40
21 22
36 29
44 40
35 36
15 24
19 25
43 39
39 22
23 26
19 22
35 18
21 28
30 33
15 20
23 25
45 22
45 39
28 37
37 19
44 37
44 34
34 40
20 38
16 41
33 25
25 29
33 36
18 41
27 19
42 16
33 30
40 18
27 23
35 20
34 35
32 27
39 20
45 41
40 34
25 43
23 30
19 16
19 41
22 39
19 32
26 26
31 19
24 31
25 16
16 26
44 44
45 28
39 18
16 45
41 18
23 37
16 22
16 33
16 15
31 27
39 33
39 45
45 19
