61 109
44 32
30 27
28 30
35 28
42 37
30 24
35 37
21 15
17 25
21 44
34 29
30 28
20 33
20 17
32 19
26 19
28 35
35 33
33 17
18 22
23 26
40 33
27 20
44 44
29 17
25 34
23 44
40 31
36 42
40 37
45 19
32 28
31 17
33 34
20 38
41 30
22 32
33 33
18 23
34 39
41 16
29 31
34 36
16 31
32 36
36 32
28 28
21 22
15 21
30 20
45 39
37 30
27 39
40 29
23 32
24 44
38 28
17 28
44 33
30 21
39 15
22 23
40 28
16 24
39 24
37 25
29 41
43 24
19 33
16 26
33 32
35 23
28 37
45 45
16 39
22 33
29 26
37 31
39 37
45 17
19 15
34 25
34 38
18 29
26 37
36 15
38 36
44 43
26 40
17 21
25 27
15 31
41 22
19 18
17 37
39 36
29 29
21 35
15 23
23 35
34 24
17 19
39 44
40 34
30 34
45 20
17 40
36 19
41 21
