35 93
20 19
26 14
12 13
12 16
9 11
16 26
23 17
13 9
15 19
16 23
12 12
19 9
15 16
21 26
16 18
10 15
10 23
21 11
10 10
8 13
12 15
26 9
26 17
14 11
15 10
21 22
16 22
26 10
18 15
15 15
15 23
22 23
16 19
26 15
24 26
17 11
25 14
24 20
20 10
24 9
12 23
19 20
25 25
25 19
14 13
9 16
20 26
26 19
22 20
24 18
10 19
10 16
18 24
9 17
13 19
23 18
17 15
15 24
18 22
14 19
9 13
12 9
15 13
13 12
11 12
11 21
12 25
19 8
26 20
14 10
8 11
9 19
16 13
12 24
15 8
25 12
18 9
11 16
12 19
23 25
13 16
14 16
22 10
24 17
17 17
23 10
12 26
25 21
12 18
24 22
16 9
19 19
13 24
