61 174
37 20
37 42
25 23
29 25
17 45
35 18
34 22
40 28
16 45
19 24
27 15
37 35
26 15
17 16
34 16
40 38
20 16
18 23
42 18
28 43
38 28
44 39
36 45
32 29
21 32
31 34
24 20
25 20
39 22
22 31
23 16
37 16
43 17
17 24
22 18
45 32
20 18
31 32
36 32
31 36
33 17
45 29
41 22
25 40
38 38
19 27
35 32
24 28
30 23
41 42
44 25
22 42
41 37
44 27
38 30
16 33
32 34
38 40
31 15
15 35
29 45
17 35
37 28
42 45
40 24
33 35
42 33
23 27
32 19
37 32
28 27
25 18
22 19
45 27
44 37
37 26
29 43
28 25
41 15
35 30
21 20
24 21
18 33
28 33
31 40
32 31
45 38
22 17
29 34
44 45
38 43
26 42
22 41
33 21
26 28
17 33
27 16
21 23
39 42
19 44
23 44
38 32
21 35
19 16
16 19
27 44
32 40
34 15
27 29
41 29
45 34
39 19
33 34
23 36
15 33
26 29
44 41
42 23
33 18
28 16
36 35
34 34
27 36
23 21
40 33
43 36
18 16
38 21
25 41
39 43
19 26
39 36
33 44
40 42
39 23
42 40
23 24
40 35
35 44
22 28
21 36
21 24
44 38
20 26
32 17
28 18
20 32
24 25
35 21
35 39
35 40
17 40
22 22
33 42
22 36
36 40
28 39
20 37
34 37
21 31
43 25
25 30
20 19
34 29
17 32
27 17
40 23
36 39
33 20
20 38
29 30
20 30
31 18
22 30
