57 131
29 18
22 38
37 23
22 41
27 37
26 28
38 17
14 14
15 30
32 16
16 24
38 39
14 31
24 36
16 28
37 18
32 37
16 39
39 31
23 27
21 19
20 39
17 34
38 27
40 31
15 39
40 18
36 37
22 23
22 24
36 32
25 35
18 33
31 34
30 31
22 20
35 31
31 35
16 40
34 21
36 29
21 21
29 36
16 25
19 25
26 20
20 14
30 21
25 40
23 36
24 17
26 32
29 16
38 42
31 40
23 14
14 35
41 18
33 21
22 30
28 34
33 18
28 42
29 34
41 33
20 40
38 26
32 26
19 27
25 14
28 15
42 39
37 38
24 20
16 20
33 26
40 30
33 32
41 25
36 28
22 29
14 26
23 41
23 28
25 18
27 19
26 18
33 41
39 23
36 22
40 42
27 20
38 15
32 21
16 32
23 42
38 19
29 23
37 22
22 26
26 38
41 34
26 40
40 33
39 42
38 38
26 35
42 28
36 33
23 19
29 33
27 38
24 41
36 41
39 41
25 31
18 36
18 40
22 31
39 34
35 22
40 41
18 21
35 17
31 15
36 25
19 33
37 32
27 30
24 38
38 36
