47 114
21 25
27 26
18 25
25 32
28 24
22 18
27 12
12 32
33 14
13 32
34 35
29 25
22 17
22 19
13 21
27 17
18 22
23 25
33 32
19 19
11 22
27 31
13 23
26 32
30 16
13 27
24 24
35 21
27 11
33 19
18 33
35 32
11 20
14 35
29 28
18 12
17 25
12 13
30 35
13 34
17 23
16 21
31 30
30 18
33 12
17 26
21 22
33 24
12 35
25 29
29 18
19 11
32 33
11 29
14 13
22 21
35 12
13 20
21 13
24 29
12 31
27 15
29 32
32 27
30 19
31 17
12 22
20 35
22 31
19 33
15 14
16 27
23 11
17 32
11 28
31 20
15 32
27 35
31 32
26 24
19 20
34 22
19 14
29 20
15 16
23 29
28 27
30 22
22 29
13 25
35 11
33 34
31 11
16 13
15 23
34 31
13 18
19 35
29 24
20 14
18 21
13 33
14 23
34 12
34 15
32 18
28 11
25 30
20 16
31 33
30 13
22 23
22 12
16 25
