35 96
16 22
13 25
8 21
16 15
8 16
18 18
8 20
25 14
19 21
14 18
13 24
14 20
23 26
22 17
8 10
15 19
15 10
11 26
22 12
21 9
24 20
13 21
19 22
11 18
16 23
24 11
25 25
13 11
26 8
14 12
13 16
8 17
16 19
20 15
19 18
23 13
20 13
23 17
17 8
14 11
24 19
13 20
25 26
16 17
14 16
23 16
9 24
16 13
9 13
25 22
12 11
13 17
15 15
23 12
14 17
11 20
11 16
26 12
14 19
14 15
16 26
16 12
12 20
10 14
10 10
12 19
14 10
26 11
25 18
13 18
22 11
14 26
19 9
12 17
17 10
19 20
11 25
19 24
19 15
21 22
20 12
18 9
24 18
14 14
11 11
13 22
10 22
17 24
24 14
21 19
13 13
20 8
9 26
17 25
14 25
18 26
