45 138
27 32
16 22
26 17
17 27
30 12
21 11
18 20
13 30
31 13
26 18
12 28
33 13
31 16
20 25
25 13
33 27
28 22
26 30
25 31
19 14
17 12
30 27
26 16
23 22
14 17
25 19
29 24
19 23
28 32
19 27
29 11
30 15
24 30
21 29
32 14
30 23
12 31
33 33
24 21
13 29
11 23
18 24
23 33
24 18
30 28
12 13
22 11
18 13
28 18
27 24
22 17
26 25
14 29
21 14
20 21
32 29
25 27
22 29
27 11
22 28
15 18
17 19
29 25
32 19
33 19
20 11
19 25
11 11
21 22
24 17
22 31
14 22
15 24
24 14
21 24
19 18
12 19
24 29
31 32
17 16
12 15
23 18
17 33
15 27
25 22
20 14
21 31
27 19
13 17
26 20
27 30
25 11
32 31
29 29
19 11
18 30
33 23
14 27
20 24
20 27
14 24
32 11
32 23
24 32
16 24
13 20
11 22
25 25
26 12
27 25
18 18
18 26
12 22
24 25
18 19
27 26
27 22
12 24
21 13
30 20
21 30
16 17
29 15
15 13
11 17
15 17
18 21
25 17
17 15
24 20
24 31
26 22
29 16
21 32
31 14
17 20
11 29
21 19
