57 90
33 29
19 18
37 23
28 17
22 42
28 15
27 36
38 27
18 31
32 19
20 42
34 30
32 31
18 33
32 21
17 25
26 27
26 41
39 37
22 38
15 26
26 40
23 41
28 24
31 15
32 39
26 20
16 33
14 21
29 24
30 41
40 36
35 38
16 18
37 36
38 34
31 33
30 21
42 37
22 29
42 42
15 18
19 24
27 34
22 41
36 28
17 18
21 16
37 32
38 16
18 14
33 22
16 24
37 16
32 37
17 26
35 17
30 26
29 42
16 36
36 22
34 17
38 21
42 16
14 42
39 35
14 17
23 35
25 31
33 33
17 38
19 25
29 37
35 19
40 34
42 29
25 22
32 22
42 19
25 39
24 18
24 14
27 39
24 29
33 37
32 16
23 15
38 36
32 14
39 26
