59 201
25 44
23 24
44 20
32 23
30 20
17 32
39 37
14 18
18 22
29 31
42 28
35 33
21 15
37 42
42 33
33 19
22 31
20 25
40 36
35 27
33 26
23 21
39 42
29 30
32 41
37 14
27 41
33 44
29 18
24 41
34 25
30 26
22 44
31 32
22 20
31 41
36 42
24 38
38 39
34 18
39 23
25 19
35 41
15 39
20 20
31 23
19 20
25 14
43 25
24 39
22 34
21 16
42 37
24 22
36 33
32 18
25 23
14 34
33 43
25 15
34 30
15 27
20 30
29 26
29 38
26 18
25 26
44 31
21 41
26 35
38 32
20 22
31 22
33 36
19 31
18 16
26 21
37 27
34 28
14 22
35 35
33 42
20 26
20 37
28 33
14 43
27 23
43 36
19 23
37 37
28 19
14 17
19 27
15 15
18 24
26 31
28 26
26 32
22 23
26 25
40 23
38 33
40 41
29 41
29 36
30 22
42 44
36 14
27 20
18 18
26 37
31 15
16 25
16 32
28 22
40 15
23 31
34 16
21 44
33 39
34 33
37 22
35 28
42 38
44 35
31 21
44 24
36 34
24 17
23 20
22 22
37 39
28 44
42 22
14 39
41 23
14 33
27 27
39 35
23 29
39 26
38 21
42 30
20 24
36 31
39 31
38 34
31 24
31 27
26 36
41 24
34 44
25 17
39 44
38 38
36 18
42 29
27 42
27 36
35 16
23 39
18 23
15 21
17 25
25 35
28 35
14 19
16 37
34 39
24 19
37 25
14 42
17 30
38 14
40 33
38 30
19 16
18 31
37 40
41 41
27 21
23 23
35 18
42 15
36 35
35 14
32 14
24 20
43 40
34 43
30 19
31 44
29 33
39 19
23 40
25 22
44 36
32 37
44 29
41 44
40 35
