53 113
18 39
21 18
16 25
22 20
18 37
28 35
35 27
28 20
38 29
22 38
29 32
17 28
29 37
19 33
25 22
30 30
22 23
13 34
19 18
13 24
22 28
37 37
13 19
29 25
28 24
23 14
25 27
13 29
19 35
21 23
26 17
29 24
20 37
36 26
26 23
39 27
35 31
23 36
19 13
33 13
32 33
26 16
29 18
27 34
37 28
38 25
29 14
23 38
25 14
24 37
16 37
38 28
14 13
14 16
38 13
25 26
25 21
38 35
15 34
36 38
38 32
36 39
36 25
39 33
22 13
13 37
39 18
33 35
37 16
21 20
18 19
20 28
37 33
39 35
38 15
28 30
33 14
17 32
18 22
21 17
14 38
39 34
19 16
35 38
26 13
29 36
22 15
17 18
23 24
35 33
31 21
24 13
14 32
34 21
28 37
30 26
14 37
38 34
38 21
26 31
20 36
15 20
15 33
29 26
24 22
26 27
14 31
37 20
23 22
13 30
39 32
34 34
23 27
