39 114
20 13
29 28
25 15
13 25
13 16
17 18
25 29
14 29
12 9
11 9
17 22
20 25
16 13
12 13
15 9
17 26
25 28
13 29
18 17
9 20
10 21
10 24
11 28
25 21
12 14
14 10
15 10
10 18
19 23
24 18
29 19
13 20
22 9
14 20
13 13
9 10
12 21
22 19
16 17
26 12
19 28
16 12
19 13
27 10
10 17
14 16
22 22
21 25
9 14
14 14
11 21
16 20
15 26
20 11
26 21
27 23
24 11
16 9
12 20
21 16
25 25
22 17
28 22
19 29
15 28
24 13
10 19
15 15
14 24
11 13
10 13
25 10
29 9
21 18
11 22
16 18
27 15
18 12
19 24
26 19
12 10
25 20
23 25
20 16
26 23
28 29
11 27
19 18
16 27
27 13
14 15
18 10
22 20
24 17
14 21
23 9
19 26
13 9
22 25
9 16
19 9
29 16
15 14
29 17
28 20
29 15
17 15
19 21
15 22
17 28
10 23
17 13
24 9
24 14
