43 119
10 12
27 30
10 20
13 10
28 20
22 29
17 26
23 16
22 17
17 23
21 21
13 18
24 20
19 28
18 18
19 32
29 22
23 24
22 14
13 12
13 32
23 10
18 22
10 18
24 31
15 32
15 27
21 24
28 25
26 16
14 19
20 25
18 30
12 16
18 16
31 10
23 17
29 28
11 30
30 20
29 20
24 24
13 20
19 13
26 12
18 26
17 19
14 11
24 13
31 25
24 22
14 24
25 25
24 16
17 15
31 30
21 11
15 17
27 24
17 13
24 19
16 28
12 27
18 23
23 27
16 10
31 27
11 13
28 13
24 25
15 13
30 21
30 26
21 29
14 21
24 28
28 18
30 31
15 15
32 13
18 13
28 27
16 24
28 16
27 32
26 15
17 28
29 18
29 27
20 15
18 12
22 28
17 30
27 10
14 30
24 14
11 28
10 26
25 17
26 23
11 26
24 26
18 11
11 23
11 27
25 28
32 21
23 21
11 10
30 12
31 31
16 12
11 15
20 27
12 17
11 11
11 32
16 17
14 14
