61 96
26 37
32 42
30 29
19 29
22 25
45 36
40 15
34 43
30 42
30 36
37 17
18 23
40 45
32 25
30 41
22 27
36 43
41 21
43 39
32 26
42 44
45 39
16 25
35 25
20 22
20 24
29 38
33 38
42 38
44 23
16 16
26 43
34 36
41 34
16 32
28 27
39 31
27 34
42 29
20 37
34 45
27 28
40 43
41 17
33 45
42 18
35 43
34 44
37 36
31 26
33 43
25 41
19 26
22 38
24 16
45 21
19 45
33 28
17 26
39 24
19 30
33 25
39 27
40 38
27 35
35 40
31 21
43 34
17 18
24 27
45 38
31 42
37 30
25 37
38 28
38 24
32 41
18 35
23 44
43 33
40 29
21 39
35 21
20 19
42 35
19 37
15 23
20 30
17 36
31 36
32 44
28 24
24 41
23 31
24 35
41 18
