51 112
21 19
36 32
34 14
34 26
35 36
20 34
20 29
19 25
30 18
20 26
35 33
18 16
15 14
25 38
37 19
38 24
20 12
36 30
28 13
38 38
38 30
25 34
32 12
29 26
13 12
38 21
25 35
14 12
38 32
37 26
36 19
33 25
18 36
21 34
17 31
19 16
30 27
30 25
28 28
27 21
23 29
21 38
21 33
21 23
34 20
38 29
26 18
37 27
30 13
18 34
32 16
18 12
31 36
35 27
31 35
22 33
12 15
31 31
22 34
21 25
22 13
16 36
14 25
30 29
20 19
29 29
26 30
38 17
38 36
35 18
26 21
32 31
29 27
26 29
26 32
26 16
20 27
24 35
36 21
34 28
23 17
32 14
19 35
28 12
19 27
15 33
16 29
25 17
33 34
24 21
14 30
19 22
16 13
17 15
27 25
26 19
22 37
19 34
28 20
34 21
28 25
24 33
14 24
15 37
25 14
36 34
29 38
15 24
36 15
18 38
21 27
16 26
