41 129
20 21
23 26
28 25
22 29
29 13
19 29
22 23
30 17
19 22
15 17
23 23
13 25
30 18
21 13
11 30
30 29
30 15
28 13
21 28
18 19
22 20
15 27
11 29
24 12
21 17
29 15
12 23
22 26
28 24
22 10
23 11
21 27
11 15
20 26
30 30
11 20
16 17
27 10
18 16
22 22
22 16
20 29
16 16
11 23
20 22
15 28
26 18
23 15
24 24
14 11
29 24
28 18
21 18
17 11
10 27
23 21
16 26
23 13
14 17
29 10
10 30
27 24
13 28
10 29
15 30
18 26
25 27
18 24
28 15
10 18
29 18
26 25
12 22
26 10
17 18
25 26
27 28
30 16
22 18
16 23
15 29
16 22
25 22
16 15
21 21
22 19
27 20
10 21
25 24
16 13
25 30
23 19
18 25
14 29
29 11
21 15
15 26
12 20
12 26
13 17
25 21
25 29
13 23
17 12
20 23
26 15
10 28
29 16
26 20
19 15
25 17
27 23
30 10
17 28
11 24
11 25
15 20
18 30
30 26
30 20
18 14
23 20
29 22
23 24
17 20
13 16
21 11
18 23
28 28
