51 113
34 20
25 35
26 23
17 30
23 18
17 13
34 25
13 19
35 12
15 24
20 20
19 25
35 18
24 21
29 29
20 37
18 36
26 28
12 27
28 36
16 12
24 29
17 26
36 21
20 24
20 12
22 38
38 16
22 35
14 29
23 36
36 22
21 28
15 36
22 13
33 22
18 22
31 31
13 29
33 32
32 36
38 30
21 22
29 19
24 27
25 14
33 13
28 13
20 19
21 20
29 34
29 33
37 19
15 25
14 37
14 17
35 26
25 17
21 31
18 17
28 25
34 28
27 18
26 36
36 23
31 23
30 35
30 19
30 22
17 35
16 27
25 21
23 38
35 34
38 37
17 33
35 28
35 16
23 33
12 21
23 19
24 14
20 22
35 19
24 30
34 16
33 15
15 20
38 24
23 25
22 14
19 27
26 13
26 12
31 19
27 21
33 30
38 33
23 23
25 19
23 29
29 27
29 13
30 33
24 26
27 23
21 14
30 15
30 12
17 15
14 15
22 31
37 36
