47 93
14 11
27 15
34 35
12 19
13 33
34 27
19 21
14 25
20 34
31 12
26 30
32 21
29 29
23 23
34 22
17 15
23 18
23 15
33 19
30 22
29 22
31 26
18 24
34 20
22 16
28 15
11 34
32 15
16 33
14 31
35 34
24 15
18 18
33 14
14 32
27 24
26 35
25 30
21 27
20 13
35 19
34 14
19 23
34 32
34 21
19 13
18 32
35 33
18 20
30 21
33 20
12 33
13 30
15 21
25 18
23 35
13 19
19 15
31 28
16 15
11 26
26 32
35 17
13 24
31 27
11 14
18 14
13 35
32 29
22 19
13 14
17 31
35 24
18 21
30 23
13 11
14 21
30 16
19 14
29 11
23 11
33 22
26 17
25 13
20 16
18 22
20 18
18 27
22 20
26 23
27 30
18 26
30 12
