55 201
21 13
30 41
20 35
36 26
33 21
17 27
19 31
17 29
32 21
31 16
32 41
38 16
41 40
14 31
38 29
20 24
22 41
22 40
32 31
38 40
27 40
37 17
28 23
36 18
17 41
17 35
30 18
23 33
37 28
32 15
26 36
28 33
37 27
41 14
38 22
29 19
37 36
41 21
34 13
19 28
31 31
23 34
13 16
16 35
23 16
30 32
25 16
15 24
23 38
20 27
28 39
24 17
29 34
16 34
34 21
27 16
27 41
14 18
32 16
39 39
26 17
24 23
35 35
21 29
14 19
16 40
35 16
30 31
36 21
35 24
15 35
36 15
29 14
15 36
21 16
13 13
20 32
22 17
26 22
40 30
25 21
14 41
16 18
17 33
23 13
41 22
18 29
40 13
23 30
39 25
32 24
19 34
25 26
40 35
23 39
41 25
34 29
38 39
16 36
41 18
30 30
37 21
21 39
38 21
17 16
19 25
16 32
36 33
20 29
19 38
39 34
33 38
25 39
41 16
25 37
22 33
24 38
28 16
18 39
26 24
33 28
31 28
17 39
26 21
39 30
26 29
20 37
31 23
22 14
38 30
27 17
24 25
28 26
14 38
21 15
27 34
36 27
20 39
23 27
18 31
36 17
26 27
32 26
33 26
21 21
38 20
36 22
40 17
37 23
40 25
21 34
24 13
25 36
19 14
19 21
13 34
20 14
21 19
15 15
40 33
27 27
28 28
28 14
28 22
34 28
14 30
18 36
15 22
38 33
31 37
36 30
18 21
25 38
36 37
28 20
39 27
30 23
13 27
16 24
30 24
17 24
21 28
39 19
40 32
40 21
21 20
13 19
17 30
32 13
13 33
41 38
21 14
20 40
14 29
28 25
15 13
36 38
39 26
28 27
34 38
33 34
