41 102
12 29
12 13
21 28
17 25
30 16
10 30
23 10
17 29
25 20
21 26
20 30
11 15
23 24
16 27
21 24
18 21
23 12
10 28
30 13
18 30
25 14
26 29
16 18
10 18
25 22
11 10
23 20
16 14
19 25
17 16
20 13
20 23
23 14
19 21
10 10
24 12
25 28
13 17
24 18
18 25
25 18
20 15
27 11
12 17
29 11
26 13
24 23
18 10
27 15
14 17
10 16
17 26
23 21
16 22
15 17
22 21
16 11
20 24
20 18
10 21
29 21
20 20
20 17
26 18
24 24
22 12
10 29
19 14
29 30
29 25
22 14
15 12
12 21
26 21
16 20
21 12
11 21
12 26
15 13
26 19
29 14
24 21
23 25
16 29
20 26
13 18
19 30
22 10
30 25
19 19
28 23
11 20
28 14
30 21
17 14
16 24
10 23
17 11
22 13
25 25
24 11
11 18
