51 210
28 38
38 22
27 30
37 20
17 17
26 33
23 12
32 38
14 36
32 18
15 14
33 15
36 31
21 15
14 32
15 28
12 23
28 23
21 37
23 33
16 31
34 15
24 38
12 30
23 37
17 25
30 16
21 26
35 33
37 37
36 18
22 23
35 14
29 32
26 27
13 21
33 37
36 12
17 30
15 38
16 28
21 22
19 15
36 13
15 21
12 18
34 31
17 36
24 15
12 15
31 37
13 13
37 22
22 21
16 22
15 26
17 29
23 31
23 13
33 21
35 29
30 21
17 21
34 18
15 35
21 34
18 27
19 22
38 14
26 14
33 25
31 26
35 31
27 15
21 12
30 37
31 22
32 35
31 24
18 17
36 17
34 13
36 15
19 28
29 37
24 29
29 15
24 27
13 27
20 13
25 25
20 18
19 32
14 29
23 17
35 38
22 28
17 32
35 21
31 36
25 32
32 21
18 35
33 31
25 37
20 22
13 37
15 12
25 35
21 16
22 13
31 38
33 13
13 34
36 20
32 12
32 24
28 35
14 12
24 31
22 12
19 29
26 37
34 14
20 26
22 19
38 26
25 22
17 33
20 28
29 27
38 34
20 19
21 38
13 35
35 22
38 25
17 24
23 26
27 33
28 12
37 26
14 34
26 12
38 29
17 19
13 32
32 33
15 19
35 27
26 26
37 34
18 25
16 19
33 33
20 17
29 25
24 36
35 30
19 16
23 23
18 37
34 30
15 25
36 27
37 32
25 24
36 38
27 28
24 16
33 32
30 28
27 18
30 31
38 38
26 31
32 13
36 21
25 20
20 33
34 20
31 25
16 29
29 21
29 19
22 24
24 19
29 16
34 33
14 24
14 35
14 13
20 31
16 35
28 22
25 36
22 27
31 19
18 34
37 15
34 24
24 25
17 37
25 15
32 20
31 23
38 33
36 33
38 36
33 30
