47 123
27 20
19 11
15 22
30 21
13 27
24 32
31 29
25 32
32 18
21 21
14 13
28 25
20 22
21 33
35 29
21 22
24 21
19 23
18 12
23 26
18 29
26 11
30 29
23 14
31 12
35 22
24 17
17 17
22 14
31 11
34 32
35 23
28 16
23 31
16 17
14 21
14 32
15 29
16 19
16 20
22 18
13 22
26 21
28 34
26 19
26 30
23 12
18 28
22 13
32 17
15 18
35 17
18 13
33 24
15 24
15 23
11 23
21 32
18 35
22 24
31 15
29 25
17 35
18 17
21 35
16 34
35 19
34 11
19 28
21 13
11 27
21 34
20 15
30 24
12 30
27 27
35 20
20 31
19 22
23 33
27 35
34 16
21 19
29 28
17 23
32 24
23 34
23 30
12 18
26 34
35 30
19 35
26 31
12 33
22 20
23 23
28 15
34 28
15 15
20 17
14 12
13 15
33 28
18 27
35 21
30 23
24 18
11 11
24 29
25 15
27 17
16 23
34 22
33 25
11 12
23 24
20 33
24 12
16 25
16 22
34 23
16 32
13 16
