39 121
20 29
24 29
18 19
28 19
21 9
22 29
19 23
15 22
20 13
11 29
28 13
17 29
11 21
29 16
24 14
29 10
21 11
16 25
15 19
28 9
20 17
12 28
27 26
20 26
18 14
15 12
24 19
18 17
10 12
10 26
27 12
9 13
27 23
20 27
19 29
16 16
15 9
29 23
9 26
25 27
17 24
27 22
13 29
27 10
10 19
10 28
22 16
24 28
9 20
16 20
21 22
17 10
10 25
9 24
13 18
13 21
28 24
11 18
21 14
27 28
20 24
23 21
28 20
19 19
17 26
13 27
12 25
22 9
15 13
13 20
24 18
29 25
18 29
13 9
9 16
16 13
26 21
9 17
25 14
18 10
20 12
15 11
25 18
13 13
21 23
16 28
20 11
28 11
25 10
14 27
26 27
16 26
20 15
25 25
10 23
26 20
28 12
15 27
29 19
29 22
29 28
23 27
15 26
27 29
12 23
23 22
9 28
9 21
25 28
27 11
26 25
20 9
27 9
27 18
29 13
29 15
19 21
11 13
15 21
12 18
14 22
