61 262
33 19
20 31
35 17
41 30
16 45
38 19
19 43
22 36
25 22
29 17
25 15
22 19
45 40
27 18
22 40
24 30
18 21
30 19
31 28
42 22
45 33
45 39
21 37
23 41
40 24
24 26
16 34
41 37
17 33
20 16
24 43
17 21
17 25
45 17
39 24
30 42
16 44
36 17
28 35
39 34
41 27
36 41
45 27
22 20
44 45
36 28
36 34
21 20
40 28
30 37
44 29
37 42
30 27
28 21
43 21
45 35
33 29
43 34
43 40
23 32
19 27
17 34
15 30
42 43
22 25
38 33
20 36
42 25
21 34
19 41
34 41
22 26
33 25
22 22
39 41
15 17
31 32
17 17
24 40
37 39
34 28
35 21
35 35
20 25
22 16
35 27
41 41
43 16
36 26
40 34
42 32
27 38
38 29
37 44
29 28
30 43
40 37
30 36
18 39
23 19
39 40
31 45
42 16
31 31
35 34
33 43
40 26
18 28
29 16
45 15
27 30
24 17
16 33
23 17
42 41
25 35
17 38
45 28
36 37
21 31
33 16
26 17
27 26
17 31
43 19
39 30
25 29
29 37
28 17
21 39
16 41
22 38
34 23
22 21
26 20
19 15
15 39
22 45
41 38
31 29
29 32
16 38
35 29
29 24
15 32
29 43
17 27
39 18
34 15
42 38
15 15
43 36
22 37
29 31
45 42
18 36
26 27
30 21
19 26
30 25
19 20
27 22
20 45
16 22
39 35
25 24
36 33
32 45
44 44
30 33
40 22
26 21
36 22
32 44
42 34
23 26
44 21
34 29
36 32
29 38
42 31
29 25
39 20
26 43
33 41
17 20
34 33
28 28
40 35
31 30
19 31
40 23
40 17
21 23
25 40
41 45
18 34
19 36
19 40
18 29
25 26
36 38
21 42
26 22
26 30
28 34
24 23
37 25
22 42
44 15
42 39
23 43
30 23
26 38
20 24
37 24
45 25
22 33
15 33
16 36
19 37
26 31
39 26
19 39
24 19
34 17
45 23
23 28
24 32
15 23
25 45
41 26
24 29
39 38
17 45
22 27
26 28
19 19
27 43
23 34
43 33
37 43
19 21
39 22
44 39
37 22
27 36
17 41
32 43
42 40
31 17
43 42
41 18
42 18
45 36
19 23
32 31
40 39
36 15
21 28
36 40
36 31
