61 100
36 41
30 17
37 16
32 21
22 38
32 19
41 16
18 26
37 23
24 22
24 39
42 15
26 24
26 38
40 25
23 44
15 34
41 36
27 31
19 19
31 37
23 25
38 20
45 35
35 35
27 15
34 45
45 21
30 38
19 39
36 17
45 44
23 27
27 20
30 36
22 36
38 33
17 31
24 20
23 23
35 38
25 39
31 22
44 15
43 42
20 43
16 26
37 34
45 29
31 43
42 35
31 25
32 26
20 26
32 25
29 43
27 18
35 33
21 19
43 24
39 32
40 28
29 35
30 27
40 17
21 38
22 33
30 33
22 40
38 43
34 36
31 27
15 39
41 21
36 18
18 18
21 16
44 24
29 38
23 37
36 38
31 26
16 35
16 36
15 32
29 40
45 30
35 16
38 36
15 24
32 44
33 43
24 15
16 34
37 27
25 25
41 45
17 44
32 31
23 40
