43 124
19 17
30 17
14 24
14 28
12 18
17 11
20 15
14 31
26 19
23 12
13 18
23 29
31 20
13 31
28 19
29 27
28 18
29 26
12 17
26 23
17 28
29 20
14 29
26 14
28 23
27 18
19 23
14 23
25 10
14 21
24 23
16 32
30 28
32 12
24 11
17 15
27 14
23 22
13 19
13 17
30 16
28 13
11 32
23 20
23 18
17 22
20 24
11 20
28 27
23 15
26 16
17 25
18 12
23 24
30 11
25 18
30 22
10 23
25 23
28 31
10 11
19 19
29 15
16 29
30 30
26 22
29 24
25 32
29 14
18 29
28 10
26 24
20 16
16 27
31 29
20 27
26 10
12 16
21 13
18 24
26 30
18 27
30 15
13 13
30 24
23 31
24 30
28 16
29 10
32 25
14 13
26 29
25 12
10 13
25 19
12 25
27 25
14 30
17 20
30 29
21 31
12 26
30 21
23 11
16 24
19 15
27 19
31 18
23 17
12 29
16 14
19 26
12 15
32 22
11 19
13 15
24 13
12 32
10 14
27 32
28 30
15 26
17 23
25 30
