57 108
40 18
22 18
37 31
41 39
36 20
18 25
35 22
29 34
42 34
30 22
37 19
22 26
26 39
16 21
23 23
29 15
15 14
35 40
40 41
16 23
36 29
16 25
24 22
23 42
35 26
17 23
25 35
20 16
27 36
30 20
30 24
14 22
37 17
27 23
35 34
27 41
25 14
33 36
41 29
37 29
38 20
39 18
18 26
17 21
17 25
21 34
29 33
25 28
17 42
41 23
16 38
30 29
28 24
16 28
20 26
26 14
23 19
28 34
20 18
40 21
34 31
15 24
29 20
24 36
23 18
34 24
23 25
34 35
27 28
22 24
22 31
20 15
40 15
23 34
38 41
39 24
39 42
40 14
27 29
34 18
34 29
30 19
23 20
34 34
41 31
42 15
30 28
31 39
26 19
15 21
33 35
36 33
35 15
27 16
39 19
38 26
41 19
41 20
27 37
42 33
35 14
41 18
17 20
28 16
34 27
27 35
36 31
40 31
