57 137
37 26
33 29
35 42
25 31
35 17
20 17
38 17
19 21
36 41
23 38
35 19
35 16
27 35
39 19
35 31
34 42
41 19
14 18
26 18
40 18
36 32
31 27
19 28
21 37
16 30
18 34
18 19
22 36
18 20
22 28
27 32
31 24
18 35
41 20
41 22
39 31
19 29
31 16
20 24
33 41
28 29
38 19
19 37
30 26
34 40
42 40
42 25
25 40
18 15
28 33
34 22
40 27
29 19
33 39
41 34
15 15
37 41
28 39
28 30
32 31
30 22
32 32
29 15
15 19
20 26
16 36
42 34
20 16
40 23
14 37
17 14
27 21
15 28
37 18
29 16
18 25
14 34
29 21
29 32
23 34
35 18
31 29
23 26
40 22
33 16
33 35
26 37
17 20
30 29
39 39
24 39
28 42
39 32
42 24
39 14
38 20
31 31
25 42
25 24
34 37
32 38
38 40
20 22
32 29
39 35
33 14
41 28
36 26
25 27
23 40
17 18
14 38
37 23
24 19
36 17
20 14
17 37
41 41
27 18
32 37
20 38
31 42
30 14
26 32
40 37
32 18
16 39
18 29
14 31
14 23
23 15
31 15
27 39
19 19
15 17
25 18
31 34
