41 98
12 22
14 16
12 25
16 10
27 28
22 10
20 29
18 24
10 23
30 23
10 11
28 20
22 17
17 12
23 15
20 16
28 12
11 10
24 30
25 25
30 20
12 23
20 14
18 14
28 27
29 25
20 21
30 30
25 12
30 13
30 18
12 27
26 12
11 27
24 10
26 11
21 16
27 19
13 14
17 16
20 20
17 10
25 23
22 21
27 22
29 17
28 14
14 29
13 21
10 12
26 26
18 17
19 12
12 19
26 18
20 17
24 29
27 16
27 13
29 16
22 23
24 15
18 27
15 25
15 29
14 14
23 17
24 16
20 11
13 24
28 22
13 29
21 26
19 30
15 20
30 12
30 15
11 30
28 21
27 17
29 11
19 18
26 15
10 15
18 19
27 18
15 13
25 13
10 28
10 22
21 27
13 22
21 25
11 16
18 13
13 18
27 25
12 14
