55 90
15 15
24 19
40 37
36 35
35 35
19 28
23 27
34 30
33 14
38 37
40 16
18 25
21 16
41 21
22 25
31 24
35 27
31 13
13 30
18 18
24 25
27 32
20 34
41 36
37 24
37 38
19 36
25 36
29 37
41 13
22 40
35 15
15 32
33 32
17 31
36 29
39 31
23 40
28 23
36 16
19 41
31 36
14 22
41 28
16 25
28 21
30 25
40 35
40 40
16 22
34 25
22 14
40 28
18 33
29 40
24 32
29 26
41 32
13 41
19 40
13 17
20 35
16 33
41 34
29 24
34 26
20 41
28 36
34 38
22 35
32 35
23 15
26 13
18 38
23 36
16 37
24 13
26 40
20 14
35 14
39 15
31 16
14 14
34 41
34 17
33 41
36 34
38 15
15 18
14 31
