39 89
14 10
13 27
14 16
10 21
29 12
21 18
18 14
13 21
11 29
21 9
14 26
20 11
14 29
17 26
21 15
26 21
13 12
9 9
14 18
17 28
12 10
14 25
24 14
23 24
29 17
22 27
29 16
24 16
13 17
10 26
17 12
15 12
20 29
11 13
10 10
16 23
28 25
21 17
10 28
23 16
9 20
29 9
11 12
11 19
26 26
18 18
16 25
9 26
28 10
24 21
14 19
20 20
19 13
22 21
10 12
22 23
24 18
16 18
22 15
13 11
17 21
29 15
9 15
25 14
29 26
10 11
12 29
27 26
21 29
19 17
12 24
9 11
28 24
22 22
15 18
17 29
22 11
11 20
17 9
15 17
19 28
17 17
22 19
16 22
13 19
13 26
26 13
15 11
18 26
