57 259
27 31
14 31
19 38
22 18
20 19
15 38
38 17
36 15
25 30
30 19
18 32
40 31
32 18
27 29
37 14
25 20
33 31
27 36
24 39
30 33
14 32
34 16
20 35
40 24
15 36
27 37
23 14
19 30
15 14
41 29
34 36
28 18
38 16
21 19
17 28
41 38
39 36
21 38
24 30
21 35
19 14
17 33
40 20
36 24
42 16
35 40
29 31
18 33
34 42
29 42
34 29
41 28
14 38
27 42
32 21
24 23
39 41
29 30
29 19
41 25
23 40
15 22
38 20
22 34
20 34
31 20
36 29
29 39
26 16
18 15
21 15
15 15
40 37
26 38
33 15
41 36
15 41
18 34
20 21
39 40
25 25
27 17
31 34
22 26
32 16
14 23
19 40
21 24
36 33
40 35
29 38
35 42
21 29
34 25
18 22
24 15
20 36
28 19
26 29
25 27
39 34
36 26
21 41
39 18
14 24
33 42
20 22
39 20
42 27
35 41
25 42
18 14
30 41
24 35
23 35
30 29
35 33
25 28
35 37
21 18
42 17
23 24
41 19
29 40
39 16
17 36
20 32
15 25
29 15
30 24
38 25
21 30
21 26
26 32
16 20
32 35
24 24
35 28
29 24
27 18
18 40
42 14
27 40
42 38
37 16
34 19
21 27
37 19
36 23
15 31
24 16
28 20
42 40
40 36
19 23
31 22
23 15
22 20
40 21
36 40
36 30
34 15
29 26
32 39
18 37
23 31
31 29
30 28
39 42
37 37
16 33
22 30
19 16
41 30
36 36
42 30
33 32
19 25
28 16
42 18
35 19
30 14
30 26
35 36
25 17
20 14
15 23
16 42
26 15
21 32
29 29
14 25
30 23
26 18
15 19
31 40
40 40
36 22
39 23
18 30
25 19
17 42
27 14
40 22
22 22
32 40
38 30
36 27
35 34
24 25
25 23
16 22
25 38
20 42
41 17
30 38
22 23
28 15
31 42
22 31
18 18
14 15
21 14
16 32
18 20
23 33
35 21
34 21
36 39
20 38
14 14
33 14
41 23
37 38
23 32
26 28
14 29
36 25
40 29
31 38
34 30
39 39
38 41
33 38
16 35
28 42
15 32
37 35
42 23
34 35
32 31
23 16
40 14
41 40
38 37
16 38
41 15
42 35
31 21
