39 104
27 22
29 14
22 20
29 12
24 15
11 26
21 17
18 27
25 25
28 26
11 11
24 19
29 29
19 19
21 27
21 18
9 11
19 17
25 28
9 29
25 11
29 24
20 17
12 10
19 26
22 27
12 12
18 24
10 28
11 14
23 24
19 9
27 20
9 16
9 15
9 9
15 25
20 15
14 12
19 16
11 17
10 16
10 9
13 21
9 27
21 19
21 21
22 19
13 11
15 23
22 12
23 29
16 16
13 28
17 28
19 27
25 16
20 12
11 21
26 28
28 17
29 10
19 24
15 21
13 23
19 13
26 24
9 12
16 27
11 15
26 17
15 10
14 27
19 25
28 21
15 27
14 26
9 23
22 9
9 24
25 12
21 16
19 10
12 27
25 19
11 16
9 19
16 20
14 23
26 27
24 11
19 18
20 21
9 13
16 21
24 27
25 17
18 11
13 29
11 20
24 12
26 25
15 9
19 29
