55 89
22 30
27 38
41 40
20 39
34 25
38 35
34 27
27 32
18 22
19 27
39 39
39 40
20 29
16 20
22 41
30 18
24 13
34 41
15 31
29 19
35 15
15 30
15 35
17 38
31 39
17 34
26 18
26 36
13 36
29 27
38 20
26 34
30 23
21 37
24 14
19 37
37 34
25 24
21 30
35 33
33 33
13 25
20 26
36 39
25 38
36 30
28 17
40 16
40 29
31 21
40 18
31 15
16 35
41 31
22 26
19 30
41 26
32 23
30 27
39 24
33 18
33 15
38 17
13 34
36 34
35 19
34 16
14 18
26 37
17 36
31 13
37 21
28 13
18 20
32 17
19 28
27 30
20 41
30 22
32 22
32 30
25 21
23 41
31 25
23 27
33 24
22 13
18 16
33 23
