39 123
25 23
9 10
12 9
9 24
24 9
18 9
21 14
11 15
24 29
18 16
9 29
9 18
15 19
18 24
15 25
12 14
23 17
25 10
12 23
11 9
13 13
12 25
21 12
18 14
16 19
20 22
22 18
26 11
13 12
23 29
9 14
18 25
14 13
29 27
28 24
27 16
16 26
24 11
9 16
11 25
19 15
28 26
18 10
22 19
20 18
22 23
21 9
25 28
23 11
19 28
20 12
22 13
15 21
10 15
14 28
13 24
15 13
21 26
26 20
20 27
12 15
24 23
26 27
14 19
29 25
10 14
23 23
24 12
21 24
22 17
18 23
14 23
17 12
24 26
13 29
27 25
9 15
9 17
15 14
11 10
19 26
21 16
15 28
28 12
22 24
17 28
10 19
28 17
21 13
18 26
27 29
14 22
28 27
13 23
22 26
27 9
29 21
28 22
14 14
9 25
11 12
20 19
24 17
13 18
19 17
24 22
19 18
24 14
23 21
16 20
17 13
23 12
28 10
25 22
12 26
25 25
14 16
18 15
22 15
28 18
17 14
25 20
15 27
