49 159
35 29
16 34
34 20
12 16
30 24
27 19
29 28
33 32
30 15
28 31
26 20
32 33
17 31
24 35
20 27
21 36
27 12
34 28
31 25
13 14
23 19
20 29
12 21
19 26
25 13
24 32
31 17
17 27
28 32
12 32
23 13
36 29
14 27
24 12
18 16
22 34
24 15
31 30
20 33
28 24
25 14
25 24
19 12
29 35
25 22
12 31
34 18
33 30
24 13
30 14
36 13
34 30
21 27
30 25
15 32
18 27
26 14
32 26
34 27
16 16
17 23
18 25
28 25
31 36
33 28
18 33
12 22
23 33
12 23
36 27
36 22
19 25
21 15
32 25
23 36
24 17
34 24
23 24
35 21
29 33
31 21
19 23
26 28
20 15
30 13
19 16
29 18
34 29
15 16
13 16
15 34
18 23
21 16
22 24
27 26
30 32
21 33
30 27
13 35
33 31
14 26
19 24
21 13
36 33
14 28
29 21
23 30
27 21
14 31
22 26
34 31
21 25
12 24
31 34
29 12
35 35
19 35
12 34
18 29
18 35
18 32
12 35
24 36
25 27
33 13
28 26
20 18
27 36
13 20
16 13
29 23
12 25
21 22
19 32
26 30
13 31
28 33
34 33
35 33
22 18
13 25
25 35
13 23
23 21
23 31
13 27
32 12
25 36
14 36
20 22
23 22
26 13
36 35
32 29
32 30
25 32
33 22
33 34
14 12
