47 114
34 27
14 17
17 24
34 34
35 20
15 35
15 30
12 31
25 21
35 12
14 32
13 25
28 33
18 33
15 11
32 32
34 14
21 24
31 33
25 35
13 32
21 20
15 31
28 31
30 27
15 32
25 14
19 34
35 22
16 21
18 13
32 21
13 13
24 13
24 24
21 25
30 29
22 23
28 14
19 17
19 28
25 29
27 12
27 22
24 26
34 16
19 21
30 21
24 27
28 16
27 35
20 24
34 22
33 19
22 26
16 16
29 32
29 22
16 35
34 21
34 19
30 28
11 12
32 16
22 17
26 32
18 32
31 16
33 25
29 12
16 27
32 33
17 35
23 21
21 21
19 25
26 35
11 25
30 30
13 18
11 16
35 15
29 26
33 26
32 19
13 35
33 24
12 12
11 23
15 14
20 27
33 28
21 27
12 15
30 18
27 15
13 16
31 25
12 23
15 24
13 19
18 31
12 13
19 35
18 25
22 32
13 24
12 14
25 27
17 17
14 34
13 31
31 32
32 29
