59 90
29 17
33 36
39 38
28 43
29 44
42 40
16 35
38 42
36 21
16 44
17 30
17 28
32 32
36 32
42 27
41 15
22 15
14 15
44 26
25 28
32 27
23 29
32 24
42 26
16 36
37 36
27 17
26 34
26 30
44 25
24 18
38 17
14 22
43 29
19 18
16 29
23 25
20 16
27 33
20 19
34 14
22 30
37 23
41 16
44 37
25 14
35 37
26 29
35 32
35 15
35 21
30 42
19 38
33 15
21 20
40 22
21 22
30 44
31 24
28 27
37 40
14 25
24 21
34 33
16 15
22 17
15 41
28 30
31 20
42 35
23 14
25 32
28 39
19 17
44 43
40 44
18 17
20 35
28 20
22 43
32 18
41 21
37 26
25 33
38 15
40 32
24 44
16 17
28 17
27 35
