57 223
14 20
40 27
27 29
33 42
42 33
26 27
31 29
18 40
23 16
41 23
29 42
35 24
19 37
24 34
41 39
35 26
18 15
39 18
40 38
25 32
33 25
28 16
20 25
28 25
19 27
26 20
38 34
14 22
15 21
36 24
14 17
41 28
16 17
20 24
23 42
33 37
21 27
38 42
34 36
23 40
30 19
22 32
37 28
36 22
15 42
38 20
34 32
14 33
26 23
42 41
31 17
15 16
15 23
36 36
24 42
25 26
19 24
37 18
15 19
18 26
22 31
39 23
20 37
17 23
26 38
29 35
24 35
17 33
21 35
38 38
24 28
32 30
30 18
27 26
38 30
18 32
34 28
39 24
25 29
24 40
36 14
34 35
39 39
16 21
32 24
39 33
35 37
15 24
25 15
36 29
38 18
40 21
38 16
24 25
42 28
21 17
42 18
31 31
36 27
34 40
16 24
21 15
24 37
27 16
32 32
34 31
15 39
29 33
16 34
37 20
25 31
31 41
32 22
24 38
41 21
22 16
26 31
29 22
24 24
28 37
32 39
28 30
19 41
32 20
37 19
17 37
40 22
41 40
38 40
42 34
16 18
16 41
20 36
37 32
35 27
23 20
25 40
27 36
25 34
17 20
25 22
34 17
31 23
17 39
37 34
30 26
23 35
33 22
18 22
20 20
19 19
35 38
41 37
20 18
36 37
29 32
17 35
18 20
26 28
29 37
28 39
28 40
36 25
39 27
18 39
41 17
31 15
23 39
20 19
42 15
21 30
16 28
39 19
26 25
14 36
29 29
24 19
15 40
32 25
29 15
33 18
20 14
23 18
22 24
26 35
19 32
19 33
23 17
42 39
34 23
16 16
17 22
40 33
14 21
25 24
27 35
29 16
35 32
16 30
22 19
21 33
28 27
40 18
20 15
20 21
18 18
27 15
33 14
31 40
29 38
41 30
16 23
40 26
31 36
22 39
21 34
35 23
31 34
27 37
35 41
37 39
23 26
37 42
