45 107
30 32
23 15
12 20
13 22
11 14
26 26
16 28
15 20
19 15
13 20
28 11
11 31
18 16
24 31
24 11
11 16
13 21
32 19
16 15
24 16
32 17
11 32
30 11
13 31
18 22
33 28
31 13
23 11
22 17
14 29
23 32
20 13
26 15
21 23
33 15
22 20
21 13
22 29
29 23
30 17
17 25
31 18
18 14
25 19
12 17
22 13
18 11
23 31
29 16
19 22
14 18
31 17
32 28
22 24
32 23
25 28
30 21
25 16
27 29
27 17
26 20
24 17
16 19
26 16
14 15
27 12
24 13
29 30
30 25
15 22
17 19
26 28
22 15
12 31
12 13
17 30
15 24
30 31
31 23
24 30
27 25
28 18
24 12
15 27
25 11
17 29
31 28
31 33
15 17
29 12
33 23
21 26
25 15
16 32
17 31
27 14
28 27
12 12
33 31
18 18
25 29
28 21
28 23
13 13
25 23
24 23
25 30
