51 157
12 15
37 37
20 13
15 12
31 29
34 36
26 16
16 16
16 38
18 29
33 25
29 21
29 20
23 14
19 33
31 31
33 19
22 38
24 29
28 30
37 20
21 37
26 29
21 26
34 15
26 15
18 18
29 14
21 33
22 26
19 20
19 29
31 23
26 25
20 30
24 33
19 38
35 37
25 37
17 31
21 14
36 30
28 13
17 34
20 16
26 33
13 35
24 34
21 31
16 13
29 31
31 28
28 34
30 21
27 19
12 18
27 13
32 33
34 31
33 23
14 26
17 24
29 17
33 24
23 17
28 21
25 15
19 22
14 20
36 37
35 34
22 24
27 22
18 17
38 14
38 22
17 20
27 18
20 38
30 22
24 25
35 24
28 33
22 34
29 32
15 23
26 21
32 25
32 23
34 18
14 35
17 35
33 34
16 24
12 13
32 37
35 20
34 29
21 22
15 30
13 29
26 36
14 16
12 25
28 20
23 20
20 19
12 20
29 15
14 30
15 18
12 37
38 33
31 27
15 20
27 34
20 22
18 12
28 16
23 36
26 24
13 37
14 36
26 34
37 35
13 33
14 15
27 26
38 32
16 37
33 21
29 25
26 38
12 17
24 24
19 15
35 31
16 35
20 37
16 20
31 17
15 14
34 37
28 29
36 34
16 29
38 25
29 36
34 13
22 15
27 30
36 25
12 12
19 32
18 15
35 21
25 22
