47 101
11 19
18 29
31 30
22 21
24 33
35 21
16 22
22 13
11 28
25 13
16 24
33 15
13 12
23 35
19 30
34 21
13 21
19 18
18 28
23 26
15 20
25 28
13 26
27 27
19 34
30 21
24 35
11 15
17 11
24 30
26 31
33 14
26 19
31 24
23 30
17 15
11 25
35 33
12 34
22 35
11 20
30 11
32 19
34 11
33 20
31 11
22 22
35 29
14 26
21 32
25 14
12 33
19 29
18 34
20 29
24 21
13 13
30 34
12 31
19 19
29 33
12 26
29 12
18 27
29 24
31 16
11 30
17 18
25 23
16 34
29 13
20 33
28 31
11 29
14 16
24 13
11 27
13 18
20 17
22 20
29 25
17 20
23 29
19 26
25 19
32 29
16 26
32 13
33 32
27 20
15 23
18 21
13 32
26 34
21 26
15 16
16 32
20 25
26 30
15 17
16 28
