57 225
27 34
23 16
35 25
27 26
30 41
20 14
33 33
17 16
21 27
29 33
20 20
35 36
24 27
19 23
17 33
21 33
40 14
16 30
21 41
25 30
28 34
36 18
26 36
41 41
35 35
41 36
39 23
14 17
40 29
22 21
24 23
19 17
36 17
16 39
40 28
39 30
32 20
25 18
31 39
40 32
25 41
22 16
38 41
40 21
36 23
32 25
37 36
19 18
26 31
42 38
31 36
37 21
30 30
28 19
26 38
25 39
34 34
14 29
29 15
31 29
18 31
15 19
38 17
38 29
42 29
33 31
36 33
40 25
35 20
27 32
27 40
23 17
21 36
24 35
19 37
20 30
19 33
29 25
23 37
16 15
18 39
24 21
17 14
27 36
23 21
38 18
36 37
17 36
36 24
19 35
40 18
33 34
23 33
15 42
34 24
42 32
17 31
28 36
20 18
35 21
42 35
14 23
42 24
28 16
18 40
33 26
36 28
20 35
41 31
18 16
16 18
22 23
26 23
36 36
27 16
28 25
20 40
38 33
37 39
26 22
20 42
27 14
35 18
39 35
26 26
15 33
23 40
36 29
18 14
29 14
30 28
18 25
28 42
41 39
34 27
33 16
27 21
20 38
29 20
38 21
41 21
40 15
26 33
35 30
18 22
36 16
26 40
23 28
31 31
42 30
29 19
32 31
40 42
24 29
33 37
30 34
33 17
25 32
23 29
39 29
22 29
19 16
27 39
38 23
32 35
29 23
19 14
28 32
31 21
41 16
33 32
24 25
34 21
40 39
23 27
35 26
25 34
17 24
42 34
29 17
35 17
30 38
38 25
24 16
27 23
28 20
30 17
14 16
20 22
19 41
24 37
25 37
16 24
37 14
21 38
24 14
31 40
42 21
28 21
30 31
14 20
18 15
17 19
38 30
21 39
31 16
27 35
23 18
29 36
32 36
20 15
26 28
19 38
39 25
29 40
25 23
19 25
33 25
31 37
25 25
18 41
20 26
28 29
40 30
30 36
