37 103
27 17
24 22
18 23
13 15
26 22
11 22
13 18
22 13
21 17
13 13
20 19
18 24
19 18
27 18
27 9
9 22
16 17
23 11
21 10
20 10
20 15
27 21
12 9
16 16
22 10
17 23
19 23
11 16
13 27
11 17
17 18
16 14
25 24
9 17
27 22
19 22
14 14
25 27
16 18
26 15
25 9
12 12
24 9
22 9
18 15
13 17
11 14
9 25
14 19
11 13
10 14
21 19
25 26
15 21
25 18
13 10
13 26
16 12
12 25
15 27
20 18
25 17
24 24
18 13
14 25
18 22
9 23
10 13
24 11
11 27
18 12
14 21
22 20
14 10
23 18
12 11
15 15
20 17
20 20
16 25
23 9
26 27
21 11
18 26
15 26
16 22
11 9
19 9
14 18
10 18
23 25
20 9
14 20
14 16
17 25
21 21
11 26
13 11
23 15
19 14
17 26
13 25
14 11
