45 140
18 31
23 20
22 12
14 12
20 15
26 30
28 12
14 14
33 24
13 29
25 17
17 25
23 30
33 17
14 16
11 11
17 14
25 18
28 25
26 26
11 19
21 31
30 18
31 19
17 11
11 32
21 15
12 31
32 28
30 31
15 23
21 19
31 25
30 20
13 32
12 33
25 31
23 32
14 27
16 13
27 15
22 17
25 20
25 19
30 25
30 29
27 17
21 12
27 18
25 25
26 19
32 18
29 16
17 28
19 33
17 32
26 25
18 12
18 27
25 13
32 31
21 20
12 17
23 17
18 19
14 20
27 25
13 33
30 28
14 18
29 21
28 33
30 30
18 30
24 25
15 29
32 32
27 20
21 24
15 24
26 12
21 23
17 26
19 20
14 15
29 23
26 22
19 18
24 15
27 21
13 21
25 33
14 24
28 31
31 29
17 27
24 31
20 24
31 28
16 33
29 24
18 21
28 22
17 18
12 30
22 31
31 12
28 29
31 21
23 12
12 15
18 26
13 24
30 24
30 17
13 25
11 22
22 22
20 12
31 20
33 19
31 27
16 21
21 32
11 13
27 19
25 23
33 29
15 27
28 23
27 12
29 13
23 26
12 26
31 23
16 20
33 21
28 20
15 25
22 15
