51 103
32 24
15 25
29 29
36 16
17 14
37 34
12 23
37 25
17 37
22 29
25 29
31 34
17 12
32 29
33 20
27 34
12 18
19 24
30 23
33 22
16 19
17 34
28 28
26 17
28 37
17 16
18 24
35 31
33 30
23 22
24 29
17 32
20 13
35 24
15 37
34 36
34 15
13 19
22 24
28 14
19 20
14 15
14 13
29 30
30 35
12 21
34 24
35 28
16 21
27 26
26 32
19 19
25 23
21 28
24 32
32 22
15 28
28 27
28 36
29 25
24 19
31 29
36 17
18 30
36 22
31 28
28 15
27 32
37 12
27 12
24 13
33 37
36 26
29 13
18 23
12 38
27 15
25 33
21 23
15 32
31 18
36 21
36 36
26 20
16 38
20 23
36 32
21 16
14 30
32 12
30 19
18 32
37 16
30 38
13 37
16 13
32 31
33 31
31 23
15 16
36 15
18 35
30 26
