57 238
21 16
40 16
42 38
30 31
30 16
25 40
14 20
30 24
16 20
41 36
36 32
27 32
28 41
32 28
16 36
20 41
42 14
15 42
14 42
25 38
42 25
18 24
27 35
23 23
23 41
19 41
35 24
15 31
25 27
40 28
17 35
20 39
42 29
28 24
25 14
30 41
37 17
30 26
31 30
31 27
23 15
16 27
35 41
39 30
17 39
33 31
26 26
27 17
29 42
27 27
30 14
36 37
22 18
38 41
35 17
42 31
38 18
22 42
31 38
42 21
42 35
18 16
35 22
34 18
36 20
29 34
23 39
26 41
16 38
20 26
32 16
39 23
18 36
41 21
21 21
28 39
17 32
24 34
31 24
29 28
32 41
20 17
24 35
34 32
40 38
41 30
42 22
27 28
15 19
18 19
17 36
38 37
39 41
29 37
20 33
42 23
22 26
29 38
37 38
27 22
30 17
16 33
26 17
32 36
34 30
40 31
20 36
38 25
32 35
14 40
18 30
25 16
16 30
37 34
23 30
41 40
39 42
20 38
30 42
29 19
25 21
27 25
25 29
37 36
19 19
21 36
29 40
35 27
32 26
17 30
35 20
22 16
29 25
41 38
22 30
14 34
28 38
42 34
30 18
33 20
25 33
42 18
33 26
14 27
25 31
24 26
14 29
28 31
36 35
30 40
28 15
41 23
31 16
21 32
17 19
36 21
18 34
19 38
34 23
24 15
25 28
24 17
38 15
21 39
42 27
19 40
38 24
40 27
29 36
33 30
41 20
29 16
32 20
30 28
21 18
21 29
25 18
42 20
16 40
32 22
22 15
25 19
41 19
31 21
20 20
16 15
17 40
25 24
21 14
22 20
39 27
23 27
31 18
39 16
32 31
28 37
21 27
39 20
20 19
15 40
33 34
27 14
39 29
18 40
35 29
40 41
26 32
38 34
37 25
27 21
42 36
33 39
39 32
41 16
31 25
14 35
18 35
15 39
39 33
42 42
19 32
19 25
23 36
39 39
28 23
23 37
29 24
28 26
25 32
26 38
30 33
39 21
42 19
28 32
21 23
38 35
16 18
16 16
