43 127
16 30
28 13
29 13
12 21
10 29
21 27
15 27
18 18
13 25
14 21
19 14
29 27
29 23
18 31
24 11
10 31
11 14
10 15
26 18
22 14
11 22
30 13
18 20
12 11
20 17
22 23
12 28
20 18
29 19
19 21
30 12
11 24
19 13
16 17
22 16
18 24
20 32
30 17
32 13
12 14
19 28
29 14
25 20
19 20
21 21
21 24
32 21
27 31
25 23
28 29
23 26
19 31
11 29
22 11
24 32
15 31
32 27
11 13
10 11
29 31
22 15
32 25
26 28
17 10
27 17
13 28
12 15
19 22
28 11
23 17
29 16
24 10
22 18
30 10
17 11
23 19
19 25
17 14
22 13
24 27
24 15
19 32
12 18
24 16
24 28
28 23
28 16
24 31
11 18
25 28
15 28
32 17
31 25
13 20
10 27
21 23
24 19
19 11
22 12
12 29
29 15
18 29
25 13
12 25
15 20
25 31
30 28
19 29
16 22
18 27
31 17
32 22
17 17
22 27
30 32
23 20
13 18
26 32
13 24
17 25
20 16
17 24
32 32
22 10
15 30
15 32
22 29
