51 179
22 26
12 33
16 36
20 19
22 37
35 36
19 12
18 13
22 13
31 14
18 16
12 28
21 14
29 32
27 22
12 20
27 27
24 13
30 24
22 23
19 23
13 21
38 38
15 27
37 29
17 35
21 23
12 15
30 26
26 35
29 15
28 12
32 19
37 35
26 27
33 36
20 13
33 30
26 38
14 19
18 24
32 36
12 22
34 20
31 19
27 18
15 16
27 12
25 36
19 14
32 18
32 26
34 36
18 26
14 32
25 12
19 25
22 24
13 37
31 23
15 33
30 22
24 34
26 12
21 35
33 18
30 21
14 26
22 18
25 22
21 38
15 25
37 17
14 37
26 29
36 35
26 24
20 23
16 21
36 12
19 38
36 22
22 22
21 16
18 18
20 16
17 23
16 25
25 25
31 29
21 29
26 14
33 25
16 20
35 28
24 35
31 27
24 33
21 31
33 19
28 21
16 15
12 38
23 35
34 28
36 26
33 13
25 19
12 26
34 23
31 35
36 24
24 26
29 29
34 34
22 20
12 25
29 17
24 22
35 32
33 20
28 25
25 15
15 13
19 13
13 15
12 13
38 32
13 31
26 15
14 16
23 21
24 23
29 18
29 30
25 27
28 27
28 17
31 31
28 14
20 28
19 32
34 25
15 35
28 31
24 29
14 36
22 33
27 34
12 29
27 38
37 21
16 18
17 22
25 24
37 16
37 27
14 24
20 22
24 24
21 30
33 31
28 24
34 18
27 28
22 36
31 33
29 35
16 31
14 17
30 28
35 31
19 17
13 38
30 25
18 32
18 30
27 32
25 14
