61 241
24 40
23 29
24 22
28 39
43 29
40 45
38 27
22 21
45 28
29 42
28 28
35 26
24 23
22 36
31 21
35 23
44 27
42 38
42 22
15 21
27 38
15 17
18 35
17 43
27 42
43 15
22 15
38 44
40 22
15 28
27 32
45 19
35 15
17 30
19 18
21 24
32 35
29 45
20 27
25 44
19 33
34 30
19 17
28 32
33 32
28 34
41 22
35 29
21 30
41 20
42 27
22 31
16 29
26 23
22 18
38 38
22 44
35 18
32 41
19 24
36 34
33 31
40 39
27 41
20 29
30 17
35 22
30 39
22 16
15 27
39 45
15 45
28 16
29 31
45 33
39 16
43 42
15 22
31 26
25 17
34 19
44 25
29 36
32 23
28 45
27 40
26 30
29 25
33 28
38 31
27 36
38 19
32 39
26 15
37 18
42 43
26 41
22 43
18 36
35 36
28 24
17 40
29 23
30 31
19 22
26 17
17 15
27 16
29 15
18 39
40 24
20 24
25 29
33 22
37 23
18 44
19 36
28 30
29 19
36 20
44 41
38 42
33 23
43 36
22 20
20 20
30 38
27 23
24 43
21 27
31 44
40 38
16 22
31 25
44 15
42 30
19 32
22 39
30 37
21 17
20 23
31 23
16 18
27 33
15 32
45 42
19 23
16 28
18 40
41 16
17 32
20 39
39 36
28 38
43 38
21 26
41 34
24 15
30 34
15 43
40 32
28 20
34 39
44 34
19 28
20 41
30 16
24 19
37 38
30 40
43 21
42 40
31 19
21 23
24 44
45 24
40 21
25 23
39 37
36 38
31 18
36 45
27 37
43 32
43 20
36 23
33 41
18 38
31 41
41 36
37 21
32 32
33 39
16 19
23 16
37 31
32 37
21 38
15 37
24 27
37 26
39 35
21 40
30 43
22 29
42 39
38 26
28 17
34 31
25 28
35 16
30 26
18 45
30 25
17 23
17 26
32 20
30 41
24 29
32 44
23 28
19 20
45 34
35 41
16 44
41 24
35 31
41 18
19 45
38 33
20 35
39 17
21 20
30 44
38 18
21 29
35 34
42 37
30 36
17 19
40 27
