41 83
15 24
21 11
14 24
14 29
19 23
20 24
22 13
13 30
16 29
23 28
27 23
28 29
28 19
29 20
24 24
15 21
16 27
20 22
15 16
25 30
11 11
21 30
24 22
23 23
24 15
12 18
25 21
28 11
29 24
29 16
16 11
15 22
13 22
12 10
13 27
15 20
20 28
15 27
16 23
25 18
25 15
17 13
18 28
27 13
24 16
15 13
13 18
13 24
10 14
24 26
15 12
24 11
21 19
11 29
16 22
14 26
25 17
15 19
19 29
24 23
26 14
20 30
17 14
30 19
30 14
20 21
30 28
24 20
16 13
25 11
30 30
21 27
22 11
30 18
28 27
24 28
18 19
18 14
22 30
21 18
18 30
27 22
29 29
