41 97
17 25
24 21
26 14
24 12
21 13
25 15
17 30
26 11
14 15
11 12
26 22
19 16
12 14
19 21
28 17
25 25
27 30
26 17
29 19
11 25
29 30
21 18
24 18
29 12
18 26
18 17
29 10
21 23
13 21
29 21
11 28
19 19
11 27
23 25
17 14
27 26
13 20
18 14
27 27
14 17
22 13
21 27
14 28
21 24
22 18
28 25
29 24
18 21
13 25
19 28
12 18
20 26
23 16
14 18
27 18
10 21
30 24
17 17
16 28
16 10
20 15
12 29
16 14
16 23
12 27
20 18
18 23
16 30
19 25
20 11
13 18
25 20
17 21
29 23
25 23
11 10
24 17
29 28
24 22
14 23
26 10
28 21
30 10
27 12
21 19
22 12
20 29
25 17
11 16
28 28
15 28
10 18
10 28
20 12
26 19
26 12
29 16
