43 87
24 15
22 21
32 24
23 11
30 31
28 16
29 17
22 27
25 11
28 27
18 27
14 25
17 18
29 28
12 10
25 25
23 26
12 12
21 14
27 17
13 24
20 24
26 21
19 29
28 15
12 27
23 21
24 22
26 15
18 19
15 18
17 16
15 12
20 15
19 15
29 23
16 12
18 16
22 10
26 32
32 28
17 13
10 20
31 22
24 16
22 17
10 29
26 12
24 21
27 26
25 24
20 11
24 18
11 16
26 10
20 12
15 26
26 13
15 22
29 24
16 17
24 25
18 13
28 24
30 25
30 13
15 11
21 23
19 30
19 17
21 25
11 26
16 26
17 26
32 31
21 20
28 31
23 17
21 29
30 12
13 29
14 19
19 20
13 15
16 10
18 23
30 20
