55 243
36 13
16 35
25 13
39 36
15 33
27 17
30 16
15 13
23 24
36 22
23 27
35 24
39 29
26 40
38 21
21 31
36 23
34 35
15 37
21 28
38 33
41 23
29 20
40 40
28 23
21 26
17 34
28 17
18 37
15 22
23 25
13 31
28 34
37 14
40 23
38 29
35 41
28 28
28 14
36 28
20 33
38 37
35 37
41 24
31 16
21 18
32 14
36 29
29 30
30 18
17 41
37 22
31 24
32 23
18 36
25 26
38 36
17 15
27 25
28 19
14 32
22 13
34 27
24 22
31 21
13 36
24 33
15 34
18 29
24 25
14 21
20 29
19 15
33 28
21 38
35 25
29 24
24 31
33 20
18 23
24 40
34 37
29 23
33 17
33 29
14 14
14 35
22 27
29 16
30 33
33 22
20 31
23 41
22 16
22 20
27 38
19 14
38 34
26 33
33 15
13 18
24 35
37 16
30 14
35 33
40 25
39 13
23 38
35 39
30 25
24 30
34 25
38 23
31 17
15 21
30 21
18 21
39 20
38 17
40 15
13 29
30 31
23 16
38 20
34 17
31 25
13 33
38 31
24 18
25 22
24 20
38 27
32 18
39 35
29 32
35 21
40 41
27 32
37 36
30 17
20 15
19 37
27 19
20 26
36 32
16 13
17 30
24 23
36 36
17 22
22 36
21 24
14 36
41 22
21 14
23 15
30 36
38 16
39 38
26 24
35 31
37 18
41 36
27 23
28 30
39 27
20 39
25 23
35 35
17 37
38 14
36 18
15 18
26 26
29 36
39 15
26 29
41 28
15 36
39 30
24 24
25 24
26 13
14 19
20 22
18 19
20 28
17 38
27 34
20 17
17 14
20 37
33 37
32 27
26 14
39 22
35 36
16 40
15 26
32 19
31 39
15 32
26 36
39 21
28 36
15 35
18 41
32 20
21 36
20 18
37 19
27 24
27 36
20 24
37 23
19 32
22 38
38 30
32 35
26 35
34 23
38 18
13 30
36 21
26 30
13 24
17 13
41 18
22 37
18 30
18 15
23 33
17 28
19 36
26 38
21 22
32 24
24 29
33 32
15 25
16 30
14 23
28 29
