61 173
15 23
40 30
32 26
40 26
22 21
37 26
44 21
20 36
40 17
39 42
43 25
29 15
40 38
31 16
42 30
43 29
44 18
45 20
32 18
25 20
39 28
32 21
20 16
19 36
45 24
15 42
30 17
24 43
42 28
23 17
20 44
24 15
30 40
39 29
24 18
43 44
35 18
29 16
31 40
33 26
25 36
39 23
31 39
25 16
27 30
15 30
42 27
18 39
28 21
36 44
23 23
38 34
26 35
29 27
21 26
44 45
20 42
21 44
36 38
16 19
21 38
39 40
39 31
20 25
18 24
41 20
21 37
22 45
27 32
40 28
33 39
36 22
34 29
21 28
29 37
34 15
34 23
17 37
40 19
44 31
42 15
19 16
21 20
40 21
37 41
22 19
23 16
25 27
44 42
17 15
36 33
29 20
21 21
23 22
45 18
39 17
37 38
34 21
18 17
24 38
38 40
15 38
15 33
35 35
37 30
37 42
28 32
36 42
38 44
18 22
17 23
35 38
25 30
19 40
27 15
39 25
39 32
27 25
19 26
42 19
22 35
44 17
26 22
39 30
41 18
37 27
25 43
30 29
21 42
41 45
36 32
29 42
35 24
24 41
29 30
21 29
23 35
32 29
22 40
23 39
25 42
25 33
35 41
19 42
44 20
19 19
16 21
21 18
41 41
41 36
43 19
43 32
38 41
37 31
38 32
25 34
30 38
34 41
17 25
28 23
35 32
28 42
18 31
36 41
33 44
25 44
40 37
32 43
24 25
38 29
43 45
31 36
29 24
