45 119
32 19
29 16
32 23
28 31
29 30
29 27
23 20
13 31
20 19
23 17
28 13
11 21
19 29
31 27
30 22
14 21
25 15
22 17
18 17
29 15
30 13
25 31
12 14
24 12
29 18
33 15
30 26
11 33
15 29
15 13
27 22
12 30
23 30
12 16
33 24
20 13
19 25
17 12
24 13
21 18
24 31
21 16
26 17
24 11
21 26
19 31
32 17
25 25
14 31
13 26
15 11
32 22
20 27
17 24
24 32
13 12
25 26
14 25
31 25
33 31
13 28
24 15
14 28
14 33
25 32
13 18
27 27
16 25
17 25
14 14
17 13
11 20
22 23
25 24
12 18
31 13
11 22
20 28
13 17
18 19
27 25
32 11
19 22
12 26
31 30
30 25
29 19
20 11
26 24
28 33
11 16
15 20
12 23
29 23
12 25
12 13
17 16
30 31
30 18
32 15
28 32
31 31
25 17
28 29
26 32
30 15
33 17
11 18
23 14
17 30
25 21
32 30
15 12
20 12
27 29
26 19
32 16
14 30
30 27
