45 115
27 15
19 31
17 14
32 23
28 23
11 26
13 27
24 23
18 32
14 29
29 23
24 30
13 24
21 19
20 11
28 29
26 16
18 17
28 12
13 20
33 32
20 12
25 21
19 14
20 13
14 24
12 24
32 22
21 17
22 11
27 24
20 24
14 17
25 28
11 23
33 20
27 11
19 30
17 17
23 11
30 16
11 24
31 17
16 24
16 18
33 16
14 16
28 31
23 20
18 16
25 17
28 27
29 29
30 19
13 16
31 13
25 32
26 26
23 27
13 26
25 20
15 21
23 25
13 33
31 16
27 20
27 12
31 20
31 28
30 21
22 22
30 18
16 11
24 31
13 13
30 14
16 33
29 19
12 29
28 24
26 33
29 24
16 28
23 19
12 11
13 28
25 27
12 15
15 27
17 24
11 15
30 27
24 19
19 19
27 26
20 28
14 14
13 14
11 29
30 23
21 26
18 20
26 27
12 30
32 13
21 22
21 33
24 25
23 17
33 29
28 26
23 31
12 13
24 28
24 13
