59 95
28 32
17 25
26 35
34 43
40 24
22 19
30 42
14 32
16 20
36 35
22 31
28 34
26 22
33 42
33 26
39 44
27 20
18 29
20 38
28 37
14 23
31 26
27 15
34 20
32 15
17 26
20 14
32 39
30 40
35 31
37 44
23 14
34 41
19 29
40 14
34 14
25 30
21 39
25 27
33 35
35 32
32 25
25 41
25 19
31 27
40 37
30 43
44 39
39 26
36 21
39 37
24 39
19 32
31 19
15 24
32 44
18 36
24 37
26 23
32 26
38 15
36 40
42 36
20 40
40 15
16 33
25 15
41 32
29 31
33 36
27 31
38 14
36 19
35 28
41 18
41 39
14 24
35 38
23 38
27 17
14 43
42 41
36 20
21 16
38 43
29 30
36 36
42 20
27 14
38 28
16 15
25 17
22 23
15 29
31 39
