51 102
31 32
18 18
31 29
14 23
28 36
22 22
38 33
19 36
19 34
28 22
14 32
17 29
18 22
13 34
27 36
27 22
25 25
19 26
32 26
22 17
16 27
26 35
14 18
14 19
27 17
17 38
13 23
32 37
14 25
36 17
26 38
33 19
15 22
36 21
19 22
37 30
26 19
25 30
26 21
30 28
19 32
37 33
14 20
20 20
25 24
38 20
15 37
16 33
36 26
15 14
30 22
21 37
12 25
30 27
20 27
20 31
21 13
25 31
35 27
12 23
37 19
33 30
21 28
26 30
31 23
23 21
28 33
13 15
24 20
14 13
29 15
38 38
15 34
27 25
19 23
14 21
27 15
16 14
20 32
33 20
14 16
28 18
19 12
30 17
33 25
25 36
15 27
31 21
19 14
20 18
14 24
31 12
20 13
37 14
23 32
35 21
14 15
30 25
35 28
31 35
18 26
21 35
