41 134
10 20
19 19
24 28
28 21
30 20
25 23
28 10
20 13
15 29
26 19
17 26
12 23
10 23
13 29
21 23
30 16
17 15
21 14
22 13
13 19
11 28
24 19
18 29
26 17
13 21
20 10
19 18
14 28
30 12
21 20
28 25
24 14
19 24
20 19
14 27
15 15
18 11
21 19
15 28
18 17
17 21
27 14
18 21
12 11
17 18
10 24
15 20
29 27
10 28
22 20
17 16
15 26
19 13
12 18
12 17
12 26
29 20
10 19
14 26
21 24
25 12
26 15
23 22
12 25
19 29
25 28
16 15
16 24
15 16
16 29
11 10
12 29
24 11
19 14
25 18
22 16
23 26
18 22
22 14
27 23
12 28
17 30
24 27
30 28
27 22
10 29
10 22
30 25
15 22
22 17
30 29
25 19
14 19
16 26
14 12
18 16
26 26
24 25
27 11
17 11
11 12
10 16
19 12
21 17
26 27
28 29
23 29
25 13
30 18
19 16
22 25
24 10
28 24
15 14
15 25
27 29
23 28
24 20
25 17
21 13
27 24
10 12
18 24
20 18
11 27
18 12
23 14
10 21
28 18
12 20
22 22
26 29
13 13
30 14
