61 168
36 26
21 26
30 30
19 29
40 16
24 26
38 17
41 25
17 15
44 17
31 42
38 28
31 38
33 25
32 42
17 29
15 21
16 37
24 45
45 16
28 24
16 22
34 16
45 36
40 19
15 29
25 42
32 30
40 29
41 26
16 35
18 36
20 22
39 44
42 26
36 41
15 23
23 30
15 22
41 18
19 27
23 29
44 37
15 16
21 24
43 45
45 34
22 23
38 29
38 15
35 25
38 32
20 16
43 40
20 20
27 37
24 17
22 19
43 39
37 35
35 28
24 27
30 33
15 19
27 18
45 19
17 30
17 44
37 34
28 29
15 31
22 28
20 25
20 24
32 22
25 15
21 18
32 41
37 38
32 16
36 23
22 29
22 40
16 25
23 18
43 22
24 24
45 45
29 25
44 35
33 35
41 30
18 27
34 44
19 19
17 16
28 22
26 32
16 45
42 30
17 42
19 21
30 40
31 36
16 43
17 18
29 29
19 42
30 43
17 19
19 38
38 27
42 15
35 19
31 28
23 44
27 44
29 24
45 38
40 38
45 37
27 33
25 35
33 15
34 35
22 17
22 44
24 37
45 44
30 29
32 39
25 37
28 43
19 39
42 33
43 30
22 30
42 31
27 45
20 15
39 39
20 23
28 31
23 28
31 30
28 39
42 34
43 25
23 26
33 20
39 28
36 25
17 40
24 18
22 41
19 43
37 27
20 28
45 32
20 30
36 32
39 22
22 25
16 20
31 32
38 20
42 36
27 16
