57 196
36 35
42 21
26 14
31 19
27 16
23 41
39 35
28 30
26 38
19 29
33 38
30 25
19 25
25 14
33 17
33 19
17 15
30 34
38 32
22 16
20 17
20 41
31 26
32 33
18 34
17 39
39 41
26 24
27 40
37 18
34 14
18 31
16 29
22 42
30 39
17 32
16 39
26 36
32 40
24 14
17 17
35 16
23 15
36 37
26 21
21 38
42 40
34 22
28 40
35 26
34 41
38 38
21 27
41 32
15 21
40 36
37 41
26 29
15 40
27 38
22 31
34 17
37 40
21 22
28 31
35 40
15 38
15 39
41 22
20 27
42 23
38 19
18 33
36 42
36 16
32 17
27 35
20 36
18 14
14 20
31 25
35 29
21 17
41 31
25 25
14 18
42 28
25 42
39 23
36 31
27 29
37 14
24 16
22 27
22 32
18 38
38 40
30 22
39 36
22 37
19 26
21 24
26 28
28 36
18 22
42 29
15 33
40 26
35 19
20 23
20 25
35 30
32 35
25 36
26 32
35 37
16 32
37 27
22 33
20 30
21 14
27 17
19 33
31 29
26 27
30 26
17 31
18 16
38 33
15 34
40 41
28 15
15 23
39 17
33 14
15 42
27 23
17 22
35 17
27 41
39 30
33 22
33 16
16 15
17 14
16 28
24 22
27 21
38 36
34 32
14 36
31 36
36 21
38 15
38 20
37 37
28 38
23 32
32 16
30 29
20 24
21 32
21 33
34 37
37 42
14 19
28 35
40 30
17 33
32 14
42 20
31 40
23 16
32 20
29 40
34 25
19 24
33 26
30 42
28 42
23 38
33 21
26 42
21 15
27 37
21 18
24 36
37 17
29 17
27 14
20 15
20 18
41 14
24 42
19 42
25 22
