55 127
38 28
31 30
38 17
38 21
40 39
21 26
41 33
18 13
30 40
35 22
15 31
31 29
38 16
20 38
24 22
39 35
36 41
15 18
16 16
21 14
19 32
27 32
27 35
34 13
34 34
23 14
21 16
18 36
33 29
21 15
19 20
15 30
33 15
13 16
30 16
28 24
29 31
22 16
37 30
32 15
39 14
38 38
33 38
39 38
19 34
19 14
14 37
25 29
17 17
27 40
28 19
27 30
23 40
35 34
19 13
17 15
30 15
25 27
38 30
32 33
41 31
15 16
15 40
16 35
35 21
28 39
13 32
23 15
31 15
15 35
16 41
34 28
15 29
23 20
31 25
29 18
29 23
22 18
26 29
15 23
39 17
36 27
20 30
36 33
34 17
29 38
37 20
35 28
29 26
27 39
13 25
17 30
37 33
34 37
16 15
19 30
13 38
15 34
41 19
16 38
30 30
38 25
32 29
22 31
22 39
21 19
39 27
35 35
16 33
27 22
30 37
32 30
34 26
28 33
35 40
24 40
15 25
14 24
22 20
29 15
40 19
34 33
22 34
17 21
25 34
19 38
37 36
