51 122
32 17
25 28
33 30
35 20
21 18
38 20
37 17
13 25
37 22
32 22
28 17
14 21
18 18
21 33
18 12
33 15
31 25
32 25
15 34
26 19
30 37
17 33
17 17
12 35
12 38
37 28
24 14
30 15
15 12
36 34
17 36
22 16
31 30
36 24
16 25
20 19
33 22
14 31
27 35
30 28
23 32
34 18
21 14
19 20
18 33
18 16
20 21
14 38
30 32
33 27
13 23
29 18
13 18
31 18
25 34
31 15
20 17
34 35
16 12
38 36
22 13
37 23
14 13
34 31
14 15
34 27
23 38
22 23
36 17
12 30
36 19
29 35
27 14
37 13
12 33
29 32
34 38
31 23
36 22
19 12
38 19
30 29
35 18
15 15
23 19
21 23
22 37
34 19
12 25
17 14
35 29
30 17
30 23
18 19
26 21
36 36
32 26
22 12
25 13
20 13
31 36
36 31
28 34
35 34
20 37
27 27
35 22
24 29
30 16
38 21
14 23
13 32
24 17
16 33
14 26
18 36
22 30
33 25
30 12
28 12
14 12
12 22
