61 267
17 19
30 17
20 40
26 29
18 43
20 44
40 35
24 15
33 18
26 19
43 34
28 44
26 27
37 28
15 18
27 36
39 21
27 18
21 15
36 32
35 29
28 19
19 42
45 21
35 30
18 28
24 25
25 44
35 41
33 19
15 38
44 26
42 25
15 16
30 25
16 32
17 37
17 30
33 39
25 39
15 28
38 42
27 35
39 34
17 35
45 37
42 35
19 33
39 27
18 32
21 34
29 26
24 20
33 41
16 15
21 36
22 33
16 38
32 23
21 26
23 27
20 29
22 21
44 25
18 36
19 15
22 20
17 24
41 21
45 31
20 19
20 45
41 17
44 28
31 25
27 43
23 33
23 43
21 37
38 18
33 45
44 27
25 21
37 34
22 19
40 21
43 22
24 36
19 23
36 19
36 39
31 22
18 27
25 38
43 37
37 42
16 30
38 37
30 24
34 35
33 25
34 43
25 25
42 29
15 20
41 38
23 44
24 44
43 32
33 27
35 40
28 28
17 17
39 29
37 27
19 19
41 27
26 42
37 19
33 44
24 41
40 41
32 17
43 36
31 30
45 18
41 39
20 27
28 17
42 28
28 35
45 38
16 16
20 23
15 31
19 24
33 28
40 20
33 32
20 36
44 23
41 41
40 36
43 21
31 34
31 23
16 18
19 32
24 22
38 21
39 25
32 39
18 41
45 42
16 28
23 32
35 37
15 45
44 21
17 16
42 36
34 31
43 19
38 20
42 45
18 38
27 28
29 25
25 15
36 30
29 18
40 33
18 22
32 42
30 21
42 21
34 20
23 18
29 35
43 43
35 25
30 39
31 43
23 30
42 44
29 21
30 43
15 34
38 16
24 17
21 41
27 34
25 45
30 42
36 16
39 30
34 37
15 26
20 33
18 45
25 24
18 19
27 39
16 44
27 33
19 27
41 32
17 38
35 24
44 24
31 44
31 29
43 33
31 40
40 43
36 44
26 22
29 23
32 35
38 22
45 20
16 19
44 20
26 30
21 35
43 26
23 26
40 37
27 24
40 42
31 16
39 33
35 22
23 21
34 40
16 20
30 23
30 22
28 37
24 37
15 44
44 39
31 35
42 27
41 15
44 29
16 43
19 39
23 19
22 25
38 15
17 21
31 21
40 22
21 39
40 27
42 32
21 19
18 18
21 17
27 32
34 19
37 25
38 35
40 17
43 31
35 23
