59 222
27 15
26 30
29 43
39 16
34 21
42 31
15 30
32 34
19 25
43 40
36 22
20 16
40 29
19 43
38 33
14 19
22 24
23 36
36 19
27 41
42 34
31 15
26 28
15 43
34 29
40 18
41 19
23 27
40 32
32 43
29 18
15 40
19 38
38 39
28 42
35 39
24 30
23 31
24 25
39 23
39 19
16 22
15 28
30 18
22 17
31 40
42 37
44 40
28 15
16 18
33 14
26 41
34 36
25 15
27 35
22 36
42 32
16 40
24 22
39 25
35 27
36 24
44 32
18 38
38 24
35 31
19 30
33 33
37 42
25 38
37 27
31 16
22 43
27 34
28 16
43 25
35 29
37 29
20 42
32 30
22 20
18 17
19 41
16 37
38 15
26 19
25 25
19 33
35 23
31 26
21 35
36 27
37 26
30 44
39 34
43 32
26 37
34 16
33 27
36 39
29 37
16 25
33 26
14 32
16 24
21 44
39 37
22 34
31 31
25 44
44 33
28 39
34 14
21 16
40 44
34 22
30 23
28 44
41 18
17 29
21 24
37 22
26 18
23 25
35 37
19 16
27 19
44 25
44 28
43 41
34 28
16 43
43 39
43 43
21 30
33 38
21 41
22 37
26 36
14 37
32 28
39 43
19 26
29 40
16 30
44 41
29 19
21 34
23 28
19 29
26 35
22 19
22 33
34 31
15 18
33 40
36 28
42 22
36 33
38 35
28 20
30 24
30 35
18 31
30 16
19 42
23 30
24 24
17 30
22 15
20 34
18 35
17 16
24 20
26 42
42 14
20 18
21 14
33 37
41 32
38 23
21 25
23 22
40 14
30 39
21 32
15 14
35 19
32 22
33 39
18 23
43 28
38 40
30 30
17 28
29 32
40 39
40 26
34 34
37 17
36 41
18 28
23 37
41 15
27 40
26 44
23 26
33 43
34 32
42 21
38 27
36 36
16 17
24 34
44 44
28 34
25 21
26 25
37 37
37 15
30 41
18 33
