43 88
22 23
19 28
30 12
14 16
15 29
25 15
31 20
22 12
12 16
11 12
21 25
30 18
24 31
29 31
16 15
29 18
21 27
24 12
13 23
29 13
28 21
32 27
15 10
15 13
16 21
26 11
11 23
22 25
31 17
28 14
18 21
18 15
21 22
11 20
23 27
21 32
10 25
15 22
26 23
24 26
31 18
21 31
18 27
30 15
25 22
22 30
32 16
25 25
10 19
30 10
13 13
23 26
10 22
27 23
30 31
20 19
19 18
11 22
10 30
28 20
10 28
14 22
30 20
17 32
17 12
20 23
27 27
13 25
23 22
20 13
25 10
29 10
12 20
27 26
26 25
27 17
17 27
32 10
12 15
32 31
28 13
17 30
21 14
31 25
31 29
31 19
31 26
25 12
