53 156
35 22
14 16
34 21
18 33
39 38
26 31
13 30
38 32
30 29
16 13
32 34
29 24
25 15
18 23
24 18
24 15
20 25
14 22
37 19
17 39
26 18
30 27
30 39
30 19
17 33
29 36
26 19
19 14
13 23
14 23
13 38
16 24
23 33
24 38
28 25
24 21
31 36
35 21
29 37
19 22
18 13
26 24
19 35
18 35
38 19
13 16
36 24
32 31
36 37
31 28
37 34
28 24
28 21
34 34
31 33
31 37
36 34
33 38
29 28
18 37
26 33
36 39
26 26
39 13
23 26
33 36
32 23
21 18
26 34
38 14
15 29
29 35
19 33
23 22
32 35
19 17
15 25
38 17
26 22
32 20
27 20
15 26
38 36
20 38
13 15
25 30
31 39
35 26
15 23
21 35
39 39
33 31
28 22
29 38
36 30
35 31
33 17
38 21
37 20
21 28
39 34
28 38
25 16
35 14
19 26
16 19
39 14
16 26
28 17
24 32
34 38
26 36
28 16
35 19
37 32
26 21
22 36
38 16
34 14
23 31
30 31
19 28
33 15
29 13
27 22
13 14
15 21
27 17
20 20
26 32
16 28
14 24
13 35
22 31
32 16
30 13
14 20
26 30
36 13
24 31
36 33
32 39
16 22
33 29
30 16
22 24
35 39
15 30
17 16
34 39
30 18
36 35
29 19
32 15
17 13
15 32
