51 86
26 30
15 33
23 32
22 27
23 21
19 33
33 14
16 28
19 12
31 25
18 25
25 38
38 28
30 38
37 21
12 21
28 14
25 33
19 27
20 13
12 19
34 17
12 32
30 18
22 34
38 13
23 19
32 24
15 13
14 23
19 38
21 26
22 23
27 27
36 24
31 29
32 21
34 37
23 30
16 38
34 32
25 19
17 26
19 16
24 13
17 32
21 36
32 22
13 35
20 25
13 26
29 30
32 16
25 23
15 35
25 22
28 12
38 17
13 23
22 12
27 34
37 17
23 33
36 25
28 33
25 26
18 23
21 25
29 31
20 29
24 14
19 24
17 36
38 34
23 37
14 20
16 33
35 15
33 31
37 31
31 32
17 24
36 18
29 34
20 27
15 22
