57 139
21 15
15 21
31 19
15 29
41 28
31 23
31 22
15 32
40 16
31 24
21 18
27 15
26 24
37 31
41 37
26 19
20 24
41 14
20 42
18 33
24 26
41 16
35 17
35 15
15 14
18 25
42 29
17 39
22 33
30 28
32 41
37 14
31 25
39 25
30 31
14 33
18 40
28 34
41 25
16 31
18 24
16 40
28 19
41 30
29 32
25 35
20 32
41 39
34 26
24 33
39 21
39 32
17 28
40 38
22 24
16 32
30 15
34 29
26 34
40 28
28 33
24 16
26 35
26 29
38 36
25 34
38 35
24 22
18 36
40 27
30 37
26 33
18 32
24 18
23 33
42 26
34 31
16 26
23 35
16 20
36 18
29 28
15 19
32 40
38 33
18 42
38 38
33 39
39 39
28 23
19 17
42 41
33 32
19 37
36 25
27 25
19 42
39 27
41 21
33 31
15 18
40 42
19 39
29 19
31 37
30 27
39 17
34 25
19 22
16 16
16 36
20 34
35 21
28 25
37 33
22 36
16 24
14 36
40 36
30 35
32 42
22 37
42 14
21 14
30 23
27 29
15 35
40 21
29 37
23 42
17 33
39 15
25 18
42 25
24 30
31 31
37 20
40 25
42 27
