49 172
20 21
29 27
13 16
33 21
32 14
17 21
36 17
19 19
30 22
24 19
29 31
34 34
31 27
23 29
36 25
14 16
14 19
17 29
15 20
25 15
28 23
23 16
12 13
17 26
15 17
16 28
36 29
26 32
27 31
30 29
15 16
34 30
12 36
32 28
15 23
29 23
28 17
26 13
30 14
23 28
20 16
29 22
21 21
27 15
15 19
18 20
34 29
20 18
13 29
19 26
29 18
31 30
31 29
26 21
23 21
28 14
22 25
28 25
23 12
19 34
35 28
12 29
22 24
35 30
17 19
17 32
27 24
29 25
26 29
21 29
26 30
20 36
21 30
25 16
15 15
28 24
19 17
24 13
17 12
20 35
25 12
12 16
27 30
32 12
13 13
33 24
33 30
16 17
16 22
34 28
29 12
17 18
24 17
13 33
22 27
13 25
13 36
20 24
30 28
24 12
18 25
16 31
30 30
13 27
16 21
28 28
22 36
35 18
21 28
33 29
22 26
30 36
30 33
13 30
19 21
25 28
28 20
26 35
31 26
33 14
31 25
27 26
23 19
34 27
21 20
14 12
33 25
35 22
12 12
19 13
22 12
20 25
19 20
26 26
12 23
28 21
26 33
12 27
16 14
14 35
27 33
12 32
12 31
22 17
31 18
32 17
29 20
12 22
25 17
14 22
29 35
21 26
18 29
36 35
33 27
15 12
31 14
34 32
22 29
24 31
13 28
35 33
24 18
17 22
28 32
21 35
25 32
29 29
14 30
19 22
29 14
21 15
