57 118
41 37
18 32
23 16
35 25
22 26
42 27
27 24
30 37
28 42
14 24
23 41
38 31
34 30
18 38
21 24
33 19
39 24
40 41
21 16
37 27
28 21
29 22
15 38
16 34
26 25
28 22
34 21
14 31
27 34
37 19
34 16
35 28
33 18
19 31
31 28
30 36
39 30
27 17
15 14
28 35
23 29
29 17
19 15
42 41
31 27
29 27
33 42
39 33
41 15
31 25
22 36
31 29
16 21
17 30
39 19
40 36
20 17
37 30
33 26
37 17
16 27
42 26
34 14
23 14
29 28
30 30
31 20
34 38
17 38
28 28
17 31
33 22
25 33
32 16
29 31
24 21
33 31
20 20
14 14
17 32
22 23
21 22
34 15
23 36
15 20
36 15
15 17
38 33
19 33
15 21
37 38
14 33
17 22
17 39
31 31
22 35
16 35
36 29
16 17
34 36
38 35
24 35
21 27
32 35
21 41
16 20
30 15
24 20
35 14
39 29
18 37
31 17
40 35
22 25
24 39
16 32
40 24
21 31
