35 91
16 19
16 11
22 18
13 13
18 24
13 18
14 24
26 19
21 8
19 24
23 10
9 15
26 26
25 15
21 10
17 14
10 9
9 11
12 10
22 13
22 12
25 24
11 16
26 12
15 16
22 11
17 11
17 25
12 25
13 17
19 23
24 17
9 26
20 23
20 25
24 9
9 14
11 17
15 12
20 18
25 14
15 18
17 12
8 15
23 17
8 14
15 25
26 23
16 15
8 19
23 14
26 15
19 26
23 19
12 11
19 22
8 24
26 11
16 17
11 21
9 18
11 10
14 17
19 9
19 21
14 11
9 9
18 11
21 18
13 19
18 26
14 25
15 9
22 20
18 17
17 18
9 24
18 15
12 12
9 19
23 13
8 9
16 10
10 25
21 25
24 14
19 16
23 23
22 23
25 17
24 18
