49 89
14 27
12 30
28 28
20 26
15 27
15 15
13 18
15 35
21 21
17 23
31 30
27 16
18 23
17 26
30 34
24 18
32 12
20 31
12 26
12 13
31 15
26 27
28 14
30 19
14 14
31 32
30 13
17 35
35 30
20 14
33 35
31 20
34 20
12 36
18 20
25 15
14 32
21 23
19 33
34 21
19 16
17 36
20 22
18 31
26 23
19 35
17 17
29 17
28 16
36 18
26 17
34 36
18 35
19 19
30 23
23 25
13 13
29 30
12 12
36 16
20 32
22 29
33 20
31 26
22 18
23 12
31 17
31 19
32 32
26 25
33 16
30 16
30 21
28 18
12 25
21 17
14 29
21 18
29 13
17 33
31 34
12 18
17 28
16 17
16 23
26 21
32 35
12 34
24 22
