57 228
31 22
17 17
33 31
23 19
35 25
38 38
20 33
28 35
23 22
42 15
21 35
16 33
14 41
25 27
19 36
25 22
25 23
33 15
26 33
18 28
15 42
14 24
14 35
31 37
34 26
39 14
39 17
28 39
31 27
36 15
33 22
39 42
20 21
29 14
16 14
24 30
22 42
32 27
33 39
35 41
18 22
31 23
18 20
25 37
42 34
38 42
23 38
18 15
29 17
17 23
37 41
40 20
30 24
40 16
36 27
29 15
28 21
19 20
33 35
36 31
17 38
20 29
33 33
35 32
28 23
41 32
42 37
22 28
14 20
21 36
36 32
29 36
28 34
22 40
29 20
31 34
22 20
38 30
20 27
33 30
39 30
16 38
34 20
15 15
36 23
34 38
23 39
41 35
26 17
18 37
31 15
16 28
37 42
34 37
37 33
23 14
40 35
39 39
15 27
21 20
35 40
17 22
42 26
25 18
31 18
37 20
15 25
41 41
40 26
32 40
37 35
32 36
15 16
27 42
31 26
34 35
31 25
29 40
18 40
19 22
19 31
18 24
21 34
42 19
27 25
35 35
40 17
30 36
37 32
28 25
41 21
14 18
39 16
21 39
22 15
18 41
35 34
22 31
26 28
27 22
35 26
16 32
33 21
22 29
24 37
42 16
28 31
22 39
21 38
16 39
38 24
15 21
25 15
21 26
27 36
17 27
22 19
42 42
31 16
21 41
28 19
23 23
19 34
20 41
40 24
18 31
24 24
15 33
17 37
14 32
28 30
20 38
30 29
27 38
34 14
18 26
25 17
41 29
38 20
21 23
21 27
29 29
15 14
26 25
30 40
33 26
34 31
15 18
34 24
22 21
40 39
32 19
32 28
24 29
33 27
32 23
37 15
29 27
18 34
26 29
36 35
27 30
36 17
41 22
17 40
41 25
36 30
16 36
33 19
30 42
23 18
16 35
41 17
31 19
19 30
17 19
19 21
16 31
24 17
23 21
23 15
14 29
27 23
31 29
22 33
16 17
34 41
39 15
