47 100
26 14
19 29
29 33
26 16
13 15
22 29
25 24
32 21
35 22
12 13
24 28
31 17
32 35
29 13
32 32
30 23
35 26
24 15
14 31
19 21
33 17
22 16
26 29
11 24
14 16
16 22
23 24
19 15
29 34
28 23
23 32
29 17
25 27
15 26
11 22
13 13
27 13
17 31
22 18
12 32
13 33
21 29
23 23
29 31
35 31
34 19
13 23
31 13
18 12
22 11
30 16
26 11
21 13
33 34
11 31
16 34
20 33
34 21
11 16
15 35
18 16
14 17
31 29
20 14
31 27
20 13
32 14
27 22
19 30
23 17
23 18
34 14
21 18
28 34
29 23
21 32
30 11
14 34
30 21
22 27
21 34
27 20
18 22
16 27
27 30
33 32
31 15
30 31
23 19
12 31
22 19
19 14
21 22
30 25
21 30
23 34
18 17
16 17
11 30
11 25
