59 163
25 24
41 30
39 30
17 38
19 29
27 29
21 29
39 35
19 30
21 37
15 33
37 35
28 36
32 16
29 35
36 15
32 39
31 44
36 25
23 31
35 35
29 42
34 15
19 34
25 23
18 16
22 28
16 33
44 38
37 24
41 42
27 41
26 21
32 24
19 14
43 41
18 41
30 25
34 31
23 40
31 32
32 25
34 41
16 14
14 36
28 27
26 24
37 29
20 31
36 27
40 42
28 37
16 32
35 41
22 35
42 42
42 32
42 40
34 42
23 33
30 29
43 26
33 17
16 19
31 27
25 17
16 35
28 41
37 44
34 35
23 17
20 16
36 14
19 39
29 15
32 41
20 18
44 42
31 43
22 40
20 19
37 21
40 34
34 40
35 19
35 34
31 31
23 16
40 17
30 27
36 23
16 29
36 16
40 23
35 42
30 38
28 44
22 27
33 32
17 44
28 33
32 42
37 20
39 24
26 31
14 35
15 44
37 43
38 35
43 21
39 26
24 21
32 22
33 28
22 24
26 38
42 33
42 43
23 42
20 15
30 28
41 36
41 31
43 42
41 43
23 19
22 22
24 38
25 32
44 33
18 17
19 24
35 32
15 29
39 25
36 34
44 22
34 36
37 39
29 26
18 27
35 17
23 22
17 40
40 19
39 27
33 20
43 30
30 37
18 18
40 29
44 41
24 17
16 27
41 28
38 44
21 18
15 24
38 39
27 44
39 22
25 26
44 29
