55 185
41 39
24 17
34 24
25 36
19 35
30 24
34 35
38 35
21 17
19 20
28 23
33 19
14 18
33 32
26 14
19 40
40 30
36 30
40 27
20 24
24 31
36 23
16 28
18 35
20 36
36 14
28 30
33 29
22 15
29 40
34 29
28 27
22 33
40 17
29 17
20 30
30 19
38 32
26 41
23 20
27 37
21 37
15 13
40 29
40 20
37 37
35 24
30 36
18 29
32 13
32 16
19 13
27 28
27 13
31 21
15 35
37 31
25 24
29 41
32 25
16 25
13 39
14 15
21 23
33 30
13 19
37 28
23 25
14 24
26 33
38 20
23 14
14 17
13 35
35 29
23 32
31 14
17 39
29 31
35 20
35 36
26 23
20 26
41 40
34 22
25 28
28 17
15 28
23 27
26 38
35 28
14 20
41 41
33 13
40 39
37 33
36 24
22 24
20 15
17 17
26 29
27 40
29 13
27 29
29 39
37 40
35 16
38 37
38 23
23 19
23 16
34 26
14 27
22 17
38 24
39 29
36 17
14 41
41 29
17 32
13 38
22 39
25 35
13 40
39 14
19 18
30 29
26 20
32 35
30 31
36 16
37 14
23 30
39 36
29 37
18 37
40 18
19 36
17 24
20 14
19 31
22 13
24 26
41 36
38 30
37 38
25 25
17 40
15 20
32 26
41 28
25 38
24 32
33 28
18 21
22 25
40 37
21 31
26 35
16 39
41 35
17 15
19 27
14 40
26 31
15 37
31 27
31 23
35 22
19 41
19 16
41 37
29 34
25 19
15 40
37 21
19 34
28 25
37 27
27 39
30 32
14 34
23 39
32 27
41 38
