35 90
13 21
17 26
8 20
23 10
11 11
18 13
10 21
19 15
20 26
23 24
13 25
9 14
9 24
24 9
22 8
11 18
17 17
13 8
15 22
14 16
14 17
22 13
15 25
26 8
12 10
16 18
16 16
16 23
23 19
12 14
14 18
21 26
10 25
24 24
25 11
16 14
19 26
9 25
18 9
22 26
19 18
26 15
13 26
13 19
20 16
12 22
17 20
22 14
23 14
11 26
24 8
8 21
16 9
17 12
13 22
24 12
26 19
24 22
8 13
26 18
21 25
8 16
25 10
10 8
12 20
21 10
9 15
26 23
25 12
12 16
12 11
25 26
16 12
25 14
9 9
8 8
14 9
10 11
18 21
22 15
25 22
10 20
19 17
9 16
21 21
26 25
22 21
22 19
9 21
9 20
