51 121
13 21
19 38
15 12
28 33
29 34
38 36
35 34
32 32
16 24
18 36
25 19
25 37
28 19
30 19
32 34
18 38
34 33
28 24
24 29
31 14
31 31
29 12
33 34
18 16
17 28
24 19
17 35
23 25
26 13
36 33
13 29
12 26
30 22
24 38
19 15
34 14
21 26
37 33
34 12
14 34
13 24
27 19
28 27
17 27
38 25
26 24
17 24
27 26
25 38
12 12
21 17
25 16
18 25
14 20
33 16
34 29
14 27
23 23
19 34
18 30
20 29
13 17
30 17
35 20
32 36
38 34
24 25
14 26
12 37
34 20
34 16
36 25
31 22
15 14
25 24
37 29
22 14
37 38
26 38
32 13
38 22
26 35
23 29
35 26
27 35
32 19
12 22
23 30
25 33
32 29
23 37
19 17
14 24
16 29
14 13
18 29
14 19
20 28
26 21
16 14
25 34
35 38
17 16
32 23
37 36
28 18
37 22
29 16
35 37
23 13
21 30
37 19
14 32
20 12
17 12
14 22
19 24
36 20
37 12
26 15
34 35
