59 145
35 41
27 25
15 18
17 19
20 38
33 39
15 16
37 40
25 23
19 22
34 40
22 37
21 16
25 43
24 14
14 20
14 28
36 29
43 40
27 33
24 26
28 42
14 25
17 29
15 38
30 23
32 19
22 29
18 26
34 38
36 44
32 41
32 39
36 24
41 30
35 30
19 14
38 16
33 14
15 40
42 31
21 25
41 36
37 43
33 21
25 19
39 17
14 38
17 36
42 36
39 22
42 15
30 17
17 39
22 17
33 28
28 41
31 19
27 40
23 44
18 32
38 42
23 41
32 28
35 44
38 32
36 14
37 17
31 34
23 15
30 16
29 34
39 38
27 20
31 44
44 29
14 32
29 33
39 41
25 20
34 30
35 40
33 33
31 28
25 15
44 30
28 32
43 42
43 34
37 31
36 42
23 24
39 31
22 39
43 32
44 40
38 18
20 34
44 15
38 28
33 43
14 39
20 22
34 34
16 36
17 17
33 29
36 33
43 18
30 41
18 36
40 27
23 22
43 21
23 14
22 35
31 41
29 41
14 29
15 21
27 17
21 18
31 42
30 40
36 35
27 41
20 17
14 17
14 15
18 14
33 34
31 15
25 35
35 28
23 36
34 27
23 34
21 32
40 25
42 27
43 20
40 23
32 27
34 28
29 36
