39 113
22 17
11 27
19 25
22 25
19 18
9 26
29 20
12 16
20 26
28 21
29 27
11 19
27 12
18 13
20 12
29 14
14 18
16 14
24 9
19 16
11 29
26 19
24 12
19 19
12 12
15 24
11 25
15 11
22 11
11 23
21 27
21 16
25 14
27 11
20 9
24 20
28 18
29 19
28 14
27 25
19 9
14 28
12 13
9 17
21 11
23 23
18 19
15 22
27 27
17 13
21 18
25 10
14 17
25 25
17 10
15 18
17 27
11 16
28 26
16 29
11 17
28 22
19 15
25 26
14 14
18 15
29 11
17 20
9 13
26 10
25 13
23 26
17 24
29 16
29 21
16 9
22 29
11 14
9 18
29 29
12 23
24 19
11 9
11 15
27 17
23 19
9 16
24 15
20 23
25 28
22 27
26 24
19 13
10 20
9 28
27 14
21 14
24 11
13 12
14 12
18 23
20 11
28 11
21 13
24 22
24 21
12 20
13 17
19 22
9 21
10 17
17 18
28 27
