47 134
28 14
21 24
24 21
13 25
30 18
20 25
33 25
12 32
16 19
34 16
35 12
26 29
28 17
22 18
14 31
19 24
15 12
35 27
35 23
22 20
31 30
23 18
20 18
31 18
11 19
35 21
35 24
31 34
18 33
13 19
23 17
26 12
33 21
17 24
33 14
22 26
34 15
11 18
35 11
34 12
21 30
21 35
27 23
34 20
35 26
25 23
32 18
18 20
25 15
19 22
29 11
19 15
28 33
15 25
35 32
12 16
23 24
28 11
33 19
18 14
33 12
18 25
27 22
17 17
24 32
16 21
17 29
28 24
24 29
14 26
34 11
27 18
35 33
22 23
29 28
22 16
11 21
30 19
32 27
32 24
26 32
24 11
24 12
25 21
15 11
26 13
33 17
28 30
17 27
12 19
17 28
19 28
16 33
15 17
14 13
17 30
35 25
23 32
23 31
30 15
27 12
14 15
19 21
19 27
29 25
23 28
24 14
26 19
29 15
23 27
22 28
18 15
18 22
26 33
34 27
34 14
29 31
24 30
25 20
15 18
16 23
28 29
27 15
17 26
14 17
22 31
28 35
17 11
23 23
31 21
32 23
33 13
32 33
26 20
