51 183
33 18
14 12
20 29
28 36
26 26
28 30
30 22
12 24
33 20
26 17
19 18
31 28
25 28
25 12
31 14
23 33
12 20
22 22
22 30
15 30
25 38
25 23
20 25
34 17
37 32
33 14
36 12
13 17
21 12
30 17
38 31
22 37
34 33
31 26
32 36
29 25
36 22
33 19
26 18
31 24
18 20
16 36
27 33
20 13
15 26
34 32
32 27
23 22
27 28
14 19
21 19
23 30
21 17
23 26
19 27
35 16
25 24
38 21
29 23
30 37
17 32
12 14
35 38
24 16
19 30
16 12
12 12
16 34
35 25
24 34
26 36
38 17
29 15
13 33
18 13
22 35
35 30
18 16
24 15
22 23
15 19
27 23
12 35
31 38
27 18
38 38
20 18
14 33
18 15
13 38
14 14
15 12
24 28
33 31
24 20
22 29
17 13
14 36
27 21
24 17
15 13
28 27
34 36
29 19
13 25
16 19
26 34
27 14
19 15
16 21
25 13
17 37
35 32
20 19
30 16
32 34
21 16
20 24
19 28
27 22
21 22
19 24
21 14
13 27
23 14
30 35
12 38
18 31
16 14
22 25
12 18
28 31
21 37
38 28
15 14
18 30
21 38
36 14
16 15
12 19
19 22
14 25
38 33
28 37
36 18
26 27
19 13
35 31
23 12
21 20
17 31
30 13
22 21
37 33
36 13
23 23
29 18
38 27
18 26
15 15
17 26
38 26
34 21
15 22
33 29
13 31
12 15
38 14
12 16
26 31
22 28
34 28
26 37
36 38
22 33
36 34
14 27
24 36
15 31
12 37
30 19
23 16
21 35
