47 128
17 27
32 12
20 13
27 32
26 13
20 24
22 18
24 33
25 16
20 31
14 26
34 35
28 32
29 34
32 28
11 34
16 29
30 17
15 31
21 12
29 27
26 31
11 17
34 18
21 16
27 16
15 34
15 28
24 28
16 15
33 27
16 22
18 16
21 11
31 24
33 11
26 20
28 29
23 17
16 12
30 23
16 21
18 35
29 19
18 19
17 18
35 30
14 15
24 31
25 24
17 20
20 34
11 30
29 18
35 18
12 19
24 22
22 22
17 22
26 33
31 22
25 15
28 16
12 14
11 35
28 28
21 26
21 31
22 30
34 13
32 32
22 17
35 20
26 19
29 28
21 29
25 14
16 13
28 30
30 26
12 31
29 16
35 29
16 20
35 14
26 21
13 19
26 27
25 17
16 32
31 19
18 23
16 14
24 26
20 15
15 22
23 15
23 20
15 24
23 29
17 28
18 22
18 31
23 16
11 27
34 25
17 25
19 30
27 20
34 16
34 20
17 30
29 31
26 35
30 20
23 11
17 31
28 15
25 33
16 16
31 12
12 15
25 29
32 21
26 30
27 30
35 26
22 33
