39 103
12 20
10 10
28 13
27 15
19 13
27 25
22 14
20 27
16 24
20 29
9 24
21 10
20 10
28 22
16 25
23 22
21 9
24 19
15 14
22 26
29 27
11 15
28 20
15 11
29 10
16 17
13 26
16 9
19 18
21 11
29 29
15 18
18 14
11 23
26 26
17 18
12 23
11 20
17 13
29 24
10 11
18 19
26 10
11 14
28 28
17 12
16 29
25 13
13 24
15 26
22 23
18 26
11 12
23 9
25 29
14 17
12 28
26 22
10 29
12 14
13 29
21 14
21 19
16 28
29 17
22 29
29 12
12 24
25 26
29 20
21 22
10 18
16 26
12 13
27 11
11 9
12 10
27 20
26 21
13 28
13 12
20 22
22 19
28 25
13 18
22 21
17 26
22 24
28 29
10 19
13 20
25 15
13 14
14 19
20 15
23 13
18 25
26 11
12 26
14 23
14 29
16 16
29 11
