45 162
13 27
18 25
14 12
19 14
30 11
11 33
19 21
27 19
32 12
26 31
12 32
11 14
29 29
27 25
26 29
16 33
16 21
26 18
16 31
22 27
31 17
22 33
11 27
23 29
19 12
29 15
19 25
18 19
21 26
21 17
27 29
29 30
29 24
27 21
22 11
11 13
31 25
21 12
17 23
28 20
11 32
33 25
12 26
32 22
32 23
23 15
16 29
12 18
16 14
25 13
23 19
18 17
30 17
23 31
18 29
24 12
14 11
16 20
18 32
21 24
29 17
29 25
13 18
24 31
20 19
28 23
32 20
19 19
33 16
12 19
33 26
19 29
22 15
26 14
14 23
12 11
23 28
24 13
27 32
25 27
20 17
19 22
11 24
25 24
17 14
29 28
23 23
11 21
32 19
26 16
32 33
31 28
27 24
33 29
18 28
28 25
26 33
12 15
26 30
28 18
18 18
14 13
31 12
30 12
25 18
12 20
14 26
26 21
27 30
27 23
23 13
14 17
16 15
28 16
31 20
32 32
14 24
22 16
15 17
21 14
15 19
19 11
18 14
20 29
21 27
20 27
29 18
30 27
15 22
25 25
21 11
31 11
25 33
12 23
28 14
24 18
15 29
13 31
23 21
12 25
17 24
15 13
14 16
15 18
27 16
11 29
33 17
14 14
21 15
12 22
17 11
13 28
17 27
14 19
30 29
26 25
20 33
22 20
16 11
25 12
31 14
33 28
