37 93
27 19
15 21
13 17
16 27
24 19
10 21
24 22
9 25
12 24
27 11
22 21
25 24
13 18
11 16
23 15
23 23
24 14
9 23
22 20
9 27
23 19
20 12
10 9
20 11
18 9
26 20
22 11
11 21
24 12
9 16
14 24
27 21
14 18
20 20
23 12
24 11
12 16
27 25
11 27
16 19
19 18
19 24
27 14
17 10
15 10
25 26
24 25
9 26
25 18
17 25
23 22
23 27
18 17
17 13
18 26
22 18
15 16
27 9
21 24
24 13
25 11
10 27
22 19
21 26
10 26
27 20
19 14
13 12
26 12
14 22
9 12
10 19
27 22
17 18
20 10
14 27
14 10
22 12
15 9
11 11
12 25
18 27
15 27
10 18
10 22
26 15
26 22
14 13
21 15
11 18
21 23
18 23
11 19
