47 156
34 28
29 26
29 24
11 12
25 11
11 13
13 20
17 23
13 26
29 13
18 17
31 11
11 26
29 15
27 24
29 29
22 31
31 22
24 25
24 15
25 33
17 13
26 16
28 21
25 12
21 26
33 13
26 18
20 35
17 15
15 35
35 21
23 16
16 17
30 20
27 18
26 22
20 12
26 25
16 28
35 29
13 27
35 17
21 31
31 12
32 31
21 18
21 33
31 14
25 24
34 29
32 32
30 23
29 34
12 33
12 28
20 27
27 28
26 13
34 17
21 16
28 23
20 11
33 33
14 16
28 29
15 30
29 28
18 32
13 32
16 11
34 21
34 30
35 18
29 23
30 14
15 19
16 25
17 11
16 21
21 29
27 27
20 24
29 31
17 30
30 21
33 35
32 27
28 27
23 34
12 31
33 27
23 21
33 21
24 21
11 22
11 30
28 30
18 19
33 16
19 28
29 17
16 26
20 21
29 14
17 24
28 18
32 23
16 30
18 30
27 30
19 35
35 23
32 20
11 16
15 20
14 29
18 12
17 27
34 35
28 35
11 17
27 13
13 19
25 31
22 33
34 12
23 26
33 30
25 18
17 29
17 21
20 13
21 34
20 17
34 16
25 22
20 33
28 32
17 32
15 33
24 14
16 24
26 12
12 14
23 27
28 16
32 25
27 32
29 27
35 33
22 21
24 18
25 19
34 32
25 32
