47 99
20 34
22 11
30 32
31 12
19 20
34 19
20 33
14 14
21 26
35 25
31 21
17 17
22 33
26 13
13 17
24 23
15 23
11 18
19 26
21 17
17 13
34 22
12 15
27 29
16 32
30 11
29 23
27 17
33 28
14 11
29 30
33 21
25 14
32 12
15 21
34 15
34 33
20 20
15 27
32 31
28 14
35 22
32 14
28 35
25 30
15 17
18 33
33 31
16 18
14 25
28 33
30 30
23 15
26 18
27 26
32 24
33 23
27 18
16 31
26 11
11 11
23 32
17 11
33 16
20 29
28 22
25 22
25 21
16 19
35 11
19 24
15 22
30 35
13 33
13 27
24 17
27 15
11 34
28 19
12 26
34 14
24 26
35 30
22 26
34 25
12 18
35 13
11 24
23 28
31 16
26 28
25 28
16 22
29 20
20 23
23 27
32 25
13 19
13 30
