59 263
15 30
21 41
32 27
44 18
44 34
32 37
28 37
22 43
42 42
35 23
16 41
34 15
41 36
37 43
42 16
44 27
22 14
17 16
19 20
16 44
30 43
25 30
22 20
36 36
23 20
16 14
43 37
39 18
40 22
21 14
38 22
44 19
24 38
39 19
20 36
15 35
34 30
28 31
32 40
35 26
17 34
36 18
30 23
42 43
25 23
14 41
19 26
39 42
38 41
17 35
14 43
26 44
39 22
36 37
26 40
26 25
16 30
43 16
16 31
28 33
29 23
17 19
39 21
42 25
30 32
25 27
19 36
32 31
37 41
16 29
43 27
39 26
39 41
20 24
25 35
29 24
22 21
35 19
22 33
30 34
43 32
40 33
36 20
38 44
38 43
42 33
39 43
32 28
21 24
32 18
41 21
32 21
41 16
15 38
42 17
34 42
17 30
21 31
37 25
29 39
29 32
27 16
33 35
28 19
39 38
24 43
35 32
16 34
37 39
42 22
34 43
27 42
17 36
21 30
25 21
39 25
16 43
44 16
23 36
14 30
40 37
18 36
17 43
21 43
23 15
32 32
30 39
31 32
27 32
43 38
14 44
35 37
40 24
35 24
14 35
36 26
36 27
32 34
20 18
32 15
43 43
18 30
30 14
18 15
18 27
25 22
22 36
41 40
17 15
26 20
31 41
22 16
21 32
35 33
22 24
42 44
41 35
28 21
20 44
25 39
16 25
16 42
35 35
30 37
44 37
39 28
20 30
39 31
39 32
17 29
34 24
31 33
27 20
21 34
38 24
32 26
30 17
20 15
14 27
19 39
41 24
22 22
32 17
43 29
44 38
40 30
20 20
24 27
18 18
27 33
35 17
29 38
18 23
17 14
19 18
28 17
29 19
30 25
31 18
36 29
23 16
42 18
33 32
39 37
21 40
25 34
42 35
24 44
34 36
39 24
36 14
15 34
34 17
27 44
34 32
29 42
44 14
41 20
37 36
28 27
15 28
25 36
42 32
28 32
23 28
44 35
26 43
41 18
17 25
38 26
35 14
34 22
18 22
22 18
25 18
39 33
27 36
27 19
20 26
14 23
33 44
23 26
36 39
15 41
17 17
30 15
43 22
28 40
33 36
36 32
27 28
36 21
31 24
16 38
16 23
31 14
35 41
21 20
38 34
27 24
14 24
18 38
41 33
