53 198
27 18
20 13
39 28
22 22
22 37
20 25
34 34
23 33
22 17
23 35
36 26
14 16
19 39
13 31
35 37
35 35
27 15
22 24
14 39
35 25
21 23
16 37
31 20
38 31
25 27
22 36
37 16
38 14
38 27
13 20
30 15
14 28
15 13
14 34
31 22
16 36
34 13
28 20
35 24
25 33
39 27
39 30
28 38
22 39
27 33
31 21
21 26
23 37
20 29
37 39
14 23
23 20
36 14
30 20
37 14
18 14
17 23
30 16
37 15
32 31
22 23
29 21
39 38
31 15
35 13
34 21
22 28
36 18
25 39
29 35
17 19
13 38
16 19
29 34
13 32
24 24
19 37
33 23
26 34
19 22
24 19
19 28
29 20
24 23
22 21
26 20
25 24
26 28
38 24
13 35
13 15
29 18
37 32
31 36
36 15
39 19
18 34
16 25
17 18
18 35
37 34
24 26
31 39
29 28
23 17
29 38
27 27
35 32
20 36
39 26
24 33
35 17
35 28
34 16
16 13
39 29
37 27
31 35
34 35
37 29
30 27
19 38
13 21
23 39
31 19
24 25
23 15
38 28
31 18
33 29
27 17
29 13
20 27
15 28
25 35
36 16
26 27
24 27
24 36
15 32
14 14
20 26
34 25
13 13
25 21
24 38
32 20
20 37
23 31
14 37
29 23
13 25
33 38
37 33
34 30
35 16
17 33
21 21
33 16
19 21
26 19
36 29
24 15
27 36
25 38
25 13
15 14
23 32
23 21
21 36
20 35
18 28
18 20
36 21
26 14
30 14
37 21
17 26
15 31
18 24
36 33
30 29
27 29
38 20
17 25
36 32
34 26
34 28
19 13
32 32
35 14
24 30
13 26
28 39
18 22
32 14
23 18
27 14
