43 138
14 12
16 32
26 26
12 12
10 19
12 28
25 29
29 17
14 19
23 11
29 20
19 29
14 18
31 14
15 18
11 11
13 23
26 16
30 27
32 10
28 26
13 10
17 29
32 20
16 19
24 10
11 24
28 25
28 17
28 22
16 24
21 15
14 25
25 12
21 21
12 21
30 31
31 21
31 20
23 21
13 26
23 12
32 32
31 28
17 12
32 13
16 11
20 23
12 25
32 25
10 26
17 17
24 13
24 15
10 32
25 23
12 31
11 12
31 19
16 21
14 10
17 30
17 31
30 28
14 23
30 30
30 18
10 24
15 25
31 17
25 26
25 19
27 16
14 31
32 14
19 25
11 18
27 23
12 26
27 20
21 26
27 28
28 16
27 27
15 10
29 15
14 30
26 31
25 30
14 15
10 28
12 13
18 13
32 31
28 24
10 18
25 24
25 16
32 22
24 31
13 21
11 28
20 17
28 30
29 26
16 12
24 27
17 27
19 27
12 15
20 22
15 30
22 10
25 13
10 16
16 25
29 16
17 20
14 27
13 31
11 29
32 27
13 14
31 12
19 13
11 25
17 13
31 24
29 14
12 11
19 12
28 18
28 12
22 27
18 21
21 16
21 22
13 19
