43 141
31 31
17 11
20 26
30 13
22 16
20 17
21 30
14 25
14 11
27 16
22 23
32 20
29 18
11 19
19 20
23 26
25 23
10 13
14 12
10 12
15 26
21 21
32 30
12 15
19 13
22 26
30 23
17 12
10 32
11 17
28 20
31 17
20 24
31 15
24 12
30 15
19 17
16 22
27 17
21 13
18 22
26 28
19 12
26 25
30 17
22 25
26 32
29 20
24 27
27 22
27 18
30 21
16 12
24 30
21 17
10 11
30 28
13 21
15 23
28 25
22 18
21 18
27 30
30 22
31 23
28 21
21 23
15 31
32 21
20 20
28 11
32 22
24 32
28 30
11 11
27 29
20 29
23 32
25 16
12 28
19 31
30 30
15 10
31 20
18 14
12 24
17 16
15 11
29 14
13 25
31 24
32 31
17 30
22 11
22 24
30 32
27 26
14 20
15 16
17 14
27 15
21 14
18 29
10 30
24 14
17 20
26 30
23 20
20 32
19 21
25 21
23 14
10 16
25 30
14 23
10 19
17 24
16 16
23 25
27 27
10 24
10 18
27 32
23 18
29 16
30 16
26 10
14 10
15 32
29 22
21 11
17 32
16 23
20 27
13 32
22 30
18 30
10 20
15 22
18 15
10 21
