51 171
18 29
17 15
21 30
36 27
15 20
25 23
29 13
16 23
33 29
25 12
17 14
28 38
20 26
20 13
37 27
18 26
20 32
23 13
21 12
15 18
27 12
22 15
28 17
24 13
33 12
31 19
12 32
28 14
19 35
30 23
20 23
19 24
29 23
32 24
28 30
19 28
35 16
30 26
31 14
19 13
30 35
30 29
36 25
21 26
22 20
26 16
25 16
24 20
19 12
21 27
15 22
34 24
21 35
18 14
31 25
26 18
30 14
35 25
30 21
13 27
30 25
24 36
16 30
37 37
30 20
35 17
31 12
21 34
29 15
23 18
20 31
13 21
21 14
25 26
21 37
17 32
34 21
24 25
30 34
14 21
14 35
35 26
29 20
28 32
22 13
18 16
31 35
27 20
34 16
18 20
32 34
38 31
18 22
34 35
34 26
23 38
32 31
16 32
24 28
14 17
29 25
15 12
14 12
28 15
15 24
17 35
32 20
37 16
16 20
16 28
25 33
13 38
20 14
13 19
33 36
16 37
35 20
18 34
21 36
34 20
24 24
23 36
36 31
14 34
13 36
27 27
14 31
17 28
13 22
23 15
38 24
31 23
36 36
35 33
31 24
18 15
37 25
33 20
28 16
18 30
23 35
34 22
29 19
35 34
34 12
32 32
27 22
36 17
15 16
26 31
37 38
36 23
29 38
23 12
36 28
35 29
33 24
14 36
37 12
27 16
29 29
16 16
14 16
28 25
19 25
26 21
33 28
30 17
27 17
16 17
23 14
