61 283
37 44
40 30
41 19
31 36
20 18
21 31
25 31
45 28
25 45
38 26
44 28
37 32
42 31
16 34
28 41
35 35
16 38
33 45
36 34
37 31
39 45
40 43
22 43
20 30
30 27
17 37
40 31
25 37
34 44
24 33
36 39
17 42
25 40
35 44
30 15
30 31
17 18
20 33
26 44
39 39
22 35
17 21
17 23
29 24
38 36
41 42
41 32
39 25
18 33
42 32
33 23
15 16
18 16
27 22
39 24
18 23
25 28
31 39
43 22
26 18
23 38
41 20
30 38
40 19
32 42
30 34
16 40
21 25
24 21
40 21
30 44
42 37
45 41
32 27
35 32
41 15
28 42
17 32
28 19
17 30
16 27
38 15
28 29
28 34
38 18
39 34
37 37
39 44
32 31
23 43
27 30
43 38
29 43
18 28
45 45
24 26
38 27
19 20
33 16
32 28
28 28
17 43
27 19
28 21
39 40
34 24
41 25
35 17
34 40
34 30
43 25
42 17
30 32
33 34
40 29
21 42
31 21
37 40
44 43
27 20
36 40
33 40
32 32
45 34
29 27
42 21
27 29
37 25
34 33
15 33
15 35
33 28
35 23
27 35
31 33
39 31
17 16
35 29
32 24
25 18
29 45
39 36
39 43
25 35
18 44
44 32
33 22
37 42
15 21
40 39
29 20
24 28
26 15
24 24
17 26
31 40
15 44
26 19
37 21
29 44
15 36
20 31
24 16
23 26
44 21
18 30
19 15
37 35
18 32
45 16
42 20
18 45
17 40
37 24
32 37
35 28
30 19
16 41
38 43
33 33
16 33
26 32
43 23
43 35
44 15
30 24
35 40
34 16
36 30
42 16
41 27
40 38
25 34
20 25
43 17
31 35
44 22
35 34
37 28
19 24
45 22
35 25
27 38
42 36
30 37
44 20
16 36
24 39
21 34
32 30
38 17
43 36
38 37
34 45
36 28
18 34
18 38
22 33
21 28
18 20
32 16
38 33
27 24
20 44
29 42
29 25
36 43
26 38
29 35
25 41
25 16
23 22
29 39
20 24
16 35
39 15
34 22
20 23
41 40
25 17
24 45
38 24
45 15
24 35
32 20
44 38
24 42
36 23
40 20
28 20
17 15
31 44
44 41
38 16
44 16
34 19
19 21
26 16
19 17
34 27
43 19
20 35
26 30
25 24
17 36
35 16
41 37
45 38
23 19
40 24
43 29
35 30
16 30
26 23
38 42
35 24
30 23
21 17
35 26
20 17
23 16
15 29
22 41
