55 125
23 28
35 32
21 16
17 37
30 24
33 16
36 20
33 38
32 17
28 28
31 31
17 39
13 41
29 29
13 36
25 25
28 14
15 24
20 23
39 24
14 30
21 41
23 32
35 16
27 20
33 40
34 26
35 14
16 27
19 20
14 17
38 33
33 18
26 24
19 14
34 37
32 14
27 33
37 30
38 37
23 24
28 30
31 37
28 22
25 35
35 22
40 16
37 13
32 23
15 25
26 27
14 35
20 21
24 28
15 26
15 19
24 31
25 40
29 27
21 33
15 20
25 21
17 20
15 31
32 27
41 14
31 40
33 30
14 16
29 13
40 37
32 25
35 30
19 26
37 37
24 27
26 15
41 24
33 39
32 19
17 29
38 26
36 30
20 13
32 30
33 26
36 39
31 21
21 32
15 18
27 29
24 18
30 16
37 23
18 31
33 23
23 27
23 26
14 34
23 36
15 23
36 18
16 23
41 39
31 23
24 19
37 29
35 19
35 29
35 24
28 19
19 16
23 29
27 22
18 27
34 19
18 20
40 32
40 15
26 20
18 39
26 37
25 26
18 29
15 38
