53 92
34 15
31 32
27 18
32 36
19 17
15 25
30 23
26 39
26 26
33 29
29 13
26 25
17 13
15 13
18 20
38 30
38 31
29 16
38 16
34 23
35 18
14 21
23 20
28 22
32 30
17 32
28 35
23 22
34 34
22 34
18 39
24 14
39 33
36 19
26 14
25 31
18 25
24 30
32 22
15 24
25 34
20 16
26 15
18 21
13 13
13 29
39 31
38 13
34 14
24 21
13 14
25 19
26 29
24 36
30 22
27 15
19 30
20 21
36 22
33 13
35 21
14 34
16 14
14 18
15 26
35 39
24 17
39 38
27 37
16 18
17 15
29 36
21 24
16 30
17 24
30 32
26 16
32 25
21 38
28 39
29 33
22 39
16 36
13 15
38 34
28 20
23 33
32 18
13 18
21 30
24 33
37 23
