37 96
12 13
26 18
14 25
19 11
16 23
14 16
23 12
13 23
25 18
18 16
14 22
27 27
14 24
23 17
24 22
22 17
22 18
22 11
26 12
12 10
16 10
11 11
24 13
24 15
9 22
24 9
9 20
24 26
14 27
25 27
12 25
10 14
9 26
19 15
10 19
17 14
11 26
10 20
19 23
12 18
17 13
18 22
15 17
23 24
12 16
22 16
19 12
9 9
20 10
16 15
13 18
11 25
14 26
11 16
16 16
24 11
15 21
22 26
13 22
17 26
26 21
9 19
15 10
12 27
18 14
18 18
15 9
15 23
27 26
12 14
18 25
23 26
27 18
22 13
22 14
27 11
15 12
14 23
14 13
20 21
20 14
27 16
23 16
18 9
14 18
24 25
19 13
18 15
26 25
14 10
17 10
12 26
23 14
21 13
13 27
9 10
