47 96
13 14
14 13
28 28
11 24
24 33
20 19
23 24
17 34
26 20
27 21
14 31
31 29
18 24
24 26
24 16
17 15
25 27
29 33
20 24
23 20
15 21
32 14
20 11
12 24
17 30
34 33
27 27
29 24
23 31
15 23
13 29
31 21
18 15
21 33
25 25
28 22
20 21
30 26
15 19
33 11
13 30
27 17
28 23
27 35
22 20
35 34
18 12
19 22
30 12
33 14
19 28
22 25
13 23
34 31
22 23
28 33
19 16
30 31
11 28
14 35
11 22
28 17
19 17
26 28
14 19
13 13
31 26
34 15
30 35
14 32
29 20
25 21
24 31
28 13
33 29
21 26
17 16
25 13
18 25
33 30
19 31
33 25
25 35
11 20
34 13
16 29
11 29
15 11
12 23
26 23
20 32
18 29
30 20
22 13
12 32
32 30
