53 169
17 30
20 25
33 32
28 32
19 38
21 19
21 25
20 15
19 25
29 17
18 34
13 21
15 29
13 27
27 32
26 24
36 34
35 16
24 39
13 35
19 29
15 21
13 22
25 19
16 31
25 29
35 21
36 30
33 14
26 29
28 33
25 14
35 22
24 24
22 16
33 26
28 30
21 15
19 16
39 21
17 24
20 30
32 17
14 33
13 17
27 30
27 28
36 23
32 19
25 15
37 21
24 25
34 26
21 26
21 20
38 35
33 33
22 30
34 13
20 20
21 34
36 14
37 14
23 39
27 24
22 15
39 30
13 30
34 36
37 15
34 14
23 23
39 26
13 36
25 23
23 17
16 17
23 14
16 13
31 25
35 35
17 18
16 30
13 39
24 37
25 37
33 28
37 19
36 33
26 38
14 32
27 18
36 21
30 26
21 22
33 37
21 29
35 31
34 31
30 19
18 35
32 33
21 39
16 20
32 15
37 34
36 29
20 26
35 33
19 30
19 19
16 34
34 32
31 36
15 28
29 33
31 24
29 28
33 20
38 26
29 27
29 19
38 32
28 35
38 22
39 39
23 36
29 29
32 21
25 27
26 22
27 15
29 18
35 39
38 37
30 28
31 30
36 13
34 16
36 28
24 23
22 39
38 18
25 35
33 21
31 39
35 25
18 18
25 39
32 22
38 28
19 14
38 17
36 36
25 17
34 27
35 19
28 28
38 20
14 31
26 19
27 27
19 18
17 23
17 27
29 23
18 19
25 16
17 36
