43 109
28 21
19 22
27 31
31 21
26 26
32 24
12 13
13 14
16 29
12 11
30 31
11 12
15 11
13 15
11 16
14 20
26 18
23 18
24 21
20 15
24 22
14 12
15 16
26 22
31 10
29 25
10 13
23 16
21 18
14 30
16 17
24 18
18 24
23 31
25 10
15 27
20 12
13 24
26 15
20 26
32 28
16 15
12 30
30 30
17 30
25 16
12 19
23 23
30 20
19 23
23 12
11 32
10 29
28 24
30 12
32 29
11 26
30 11
15 31
28 28
28 32
17 28
28 11
11 20
26 30
27 12
14 19
14 24
21 10
24 10
13 27
12 29
18 16
11 27
13 29
14 29
18 26
13 16
30 19
15 20
17 17
17 21
32 14
21 30
25 27
20 22
31 17
31 22
20 28
29 30
12 22
12 17
26 16
27 26
16 28
25 15
17 14
28 20
29 23
17 11
27 30
27 23
22 19
11 13
29 13
17 20
26 12
28 13
10 19
