43 123
27 25
20 12
32 22
18 21
16 11
25 31
27 28
18 23
24 12
17 19
15 10
30 28
23 12
30 32
30 13
27 12
26 23
10 18
13 18
25 28
18 30
20 10
23 19
11 14
22 24
28 29
24 13
16 14
14 27
17 11
10 17
19 18
19 29
24 29
30 20
26 18
14 31
21 27
18 31
16 24
27 30
21 15
21 20
20 28
23 30
12 31
22 18
16 23
31 20
27 24
11 26
16 20
32 29
13 24
11 21
14 30
14 28
26 13
18 16
19 13
15 13
17 23
31 12
20 26
18 25
28 10
10 10
32 11
29 18
32 25
13 26
20 20
12 15
23 17
26 14
14 21
13 17
12 11
18 22
10 28
21 19
25 20
16 21
11 20
21 21
27 23
15 21
11 27
32 24
26 10
21 24
14 24
29 10
31 13
30 17
11 22
18 24
19 27
32 16
27 10
28 30
10 26
13 11
32 27
12 10
20 24
20 21
10 23
29 15
24 18
19 26
10 12
21 29
14 26
28 28
14 22
26 31
28 24
15 27
27 11
22 11
24 11
31 17
