47 144
25 19
19 19
20 33
34 27
31 21
35 32
13 31
23 26
23 20
14 24
30 27
13 11
22 23
29 16
31 33
17 25
26 32
23 14
33 25
19 24
12 11
19 32
16 32
27 29
24 12
28 12
27 31
19 18
21 19
19 20
11 34
11 23
32 20
23 29
11 12
14 20
22 29
17 34
26 20
19 25
25 30
22 11
20 21
29 14
33 34
32 31
22 33
20 34
22 16
11 30
19 33
21 21
14 17
14 15
30 21
29 28
32 28
29 35
19 28
11 28
15 31
24 20
23 17
29 31
25 16
21 24
20 23
33 28
31 27
34 12
20 31
21 32
24 23
32 15
18 14
33 24
21 17
15 26
23 21
33 12
33 17
18 26
33 32
16 13
34 16
25 26
17 15
29 34
34 24
23 16
21 18
15 35
20 19
24 35
34 11
21 27
17 28
30 26
14 25
11 15
34 32
28 29
24 13
32 26
24 16
15 23
15 18
11 20
21 35
32 17
17 26
27 24
26 15
12 31
19 34
20 16
29 22
23 15
16 24
27 33
21 15
24 11
35 28
27 32
21 30
35 13
21 12
31 11
33 29
29 18
23 30
20 24
34 13
29 17
34 21
27 18
18 33
23 23
12 30
25 23
30 13
12 17
34 19
12 22
