49 100
33 27
25 16
27 26
14 33
34 25
28 27
32 28
35 23
12 13
35 13
33 26
18 26
27 29
20 23
30 32
12 15
16 20
30 34
30 20
17 23
35 28
34 31
14 22
25 18
12 33
13 36
27 30
14 17
25 17
34 15
30 19
32 18
22 22
23 28
14 29
14 15
25 24
16 31
31 24
12 23
29 25
20 24
24 23
19 15
16 30
24 25
24 30
30 13
36 31
32 16
33 14
24 26
27 32
35 30
18 20
25 29
15 15
14 32
32 36
35 22
34 12
24 12
36 29
32 22
26 14
36 36
31 14
25 27
34 19
12 20
18 32
18 14
32 14
13 31
18 23
30 27
36 21
19 22
16 34
17 21
21 19
28 12
28 19
19 21
33 25
28 17
29 20
24 29
24 24
31 34
17 30
15 24
28 23
25 28
22 30
13 20
30 23
22 36
32 31
27 27
