49 115
21 24
26 20
20 30
13 27
32 22
34 20
21 12
24 16
13 26
13 29
13 16
29 34
21 32
16 29
34 12
33 18
35 25
13 28
19 15
24 23
20 18
25 13
24 13
25 33
14 25
18 12
16 32
18 30
30 14
17 20
32 23
24 36
27 17
35 29
12 28
18 23
35 33
30 20
13 34
35 34
16 31
14 35
24 29
34 14
12 22
23 16
23 36
19 30
18 31
22 16
21 23
12 29
14 17
26 35
19 25
20 13
22 13
24 24
36 25
13 13
34 18
30 19
28 36
30 22
30 21
21 36
29 32
29 22
28 33
21 34
17 14
32 33
18 15
15 19
16 19
31 27
12 32
33 13
25 26
30 18
23 19
18 22
19 17
22 23
12 25
20 36
12 19
31 21
26 34
13 32
30 27
21 30
20 17
25 32
23 22
29 28
15 26
14 27
35 15
21 29
25 22
20 27
32 34
27 25
31 32
20 16
26 15
29 33
31 20
12 21
16 20
24 21
23 23
12 30
35 14
