49 112
31 21
22 22
22 29
14 19
20 20
18 28
34 12
26 33
18 23
18 18
23 31
12 23
30 28
25 31
16 14
22 16
32 24
25 25
30 13
33 26
15 23
30 23
33 31
15 35
33 13
27 18
20 16
18 26
21 18
15 28
16 24
23 36
21 32
19 24
27 22
34 34
21 24
15 21
29 20
28 18
16 16
18 36
25 36
21 36
32 30
21 19
34 30
12 30
27 23
19 28
17 34
23 27
20 18
36 32
18 34
26 16
22 15
19 31
23 20
34 25
26 30
14 25
23 24
24 26
15 24
17 31
25 17
28 32
19 34
25 30
33 20
20 24
13 21
25 21
17 18
30 18
36 14
25 18
35 29
21 13
27 17
20 30
16 19
30 21
25 29
23 29
19 21
14 30
18 19
33 35
28 29
20 27
29 18
14 29
25 24
23 13
18 29
19 16
19 32
25 12
36 35
30 25
31 31
12 12
31 34
26 31
13 30
15 32
15 26
31 12
13 25
23 35
