45 168
11 23
25 24
13 14
16 31
20 16
17 16
32 22
19 15
32 27
27 21
16 19
25 27
31 25
19 14
17 23
23 32
21 27
31 13
12 21
25 28
22 13
26 27
22 29
11 21
13 16
20 31
22 19
11 18
29 22
24 21
26 32
27 12
15 33
19 17
33 31
33 14
11 30
25 19
13 13
20 23
16 32
27 25
20 13
21 32
16 17
15 13
23 21
19 12
28 17
17 31
17 13
18 31
27 31
18 12
23 25
21 18
31 30
23 14
24 18
14 21
20 24
28 25
26 15
26 11
22 17
19 23
12 23
13 20
29 12
29 31
22 25
23 30
15 31
13 18
20 14
25 33
32 12
28 23
18 26
30 29
21 24
32 28
12 14
18 28
28 33
14 17
16 26
21 22
16 30
17 28
18 27
29 21
24 31
29 28
19 13
18 22
27 30
30 33
13 31
19 24
26 33
16 15
27 32
28 26
17 24
23 28
26 24
13 19
12 19
26 29
21 23
20 27
33 29
11 32
16 27
24 26
18 19
28 14
18 17
12 30
32 18
11 16
32 19
23 16
29 29
24 33
17 32
20 12
28 27
20 11
33 32
19 18
33 15
16 13
27 33
23 26
16 24
24 17
22 22
14 26
21 19
22 11
15 14
25 23
26 19
17 27
25 22
13 25
20 19
25 20
17 18
21 33
29 14
24 32
28 28
30 13
15 29
33 18
12 24
11 26
25 17
17 11
33 11
15 30
15 12
12 33
12 16
32 31
