59 261
39 18
26 34
43 30
36 25
30 33
42 19
41 28
39 25
20 30
41 29
21 35
37 29
15 31
28 41
19 22
19 28
22 18
25 36
19 26
30 16
30 36
18 15
30 28
40 32
33 24
38 39
28 37
33 32
36 30
28 15
44 31
14 32
40 28
15 37
20 23
18 18
21 31
40 19
42 25
34 16
18 16
32 44
30 40
30 42
40 31
30 17
42 17
29 18
17 28
32 25
20 15
29 33
31 43
40 39
29 19
42 20
31 17
28 36
16 36
18 26
39 37
15 20
16 23
19 24
35 38
21 42
38 31
38 43
14 16
34 23
21 28
16 28
14 31
35 37
34 20
40 16
32 37
29 25
20 31
39 20
33 38
37 21
42 42
16 27
32 18
42 40
23 28
38 15
28 25
41 44
20 14
18 37
43 16
20 34
44 23
15 32
40 40
31 25
41 35
17 42
21 24
18 35
24 27
44 43
20 26
44 33
33 39
26 35
26 37
17 34
22 33
14 38
40 29
16 19
32 27
44 39
22 34
14 37
25 32
32 29
43 25
23 21
42 18
29 34
43 31
43 28
23 20
35 30
32 19
16 25
38 24
38 35
16 41
25 25
19 34
36 28
32 34
18 30
22 23
39 15
25 35
43 42
26 14
20 40
15 24
20 24
35 29
24 31
27 43
43 29
16 18
21 26
18 23
18 34
16 14
28 14
27 21
17 44
30 18
21 27
30 24
26 17
35 32
29 29
42 43
29 26
41 40
38 33
28 21
24 33
17 16
19 31
34 37
39 17
25 31
27 23
16 15
15 25
41 41
37 33
23 15
31 22
37 15
37 40
36 43
24 21
34 18
43 18
30 15
15 40
24 38
20 16
22 43
34 29
34 30
38 34
21 18
22 36
29 32
17 25
35 26
40 23
38 30
18 44
33 30
23 44
36 18
33 28
33 41
38 23
33 34
19 36
36 36
40 30
29 20
40 17
37 30
39 43
31 21
19 44
28 35
37 36
34 24
34 38
26 19
40 34
26 27
34 44
26 28
18 27
43 33
33 35
39 14
33 44
24 42
14 23
15 43
29 38
34 19
43 37
40 14
28 38
33 36
39 16
37 19
24 20
23 36
15 38
19 20
26 22
28 29
17 43
33 23
17 15
30 14
37 43
15 16
20 21
34 32
32 28
24 18
