61 193
37 20
33 20
45 45
43 39
43 18
22 23
41 20
22 31
26 17
21 42
39 26
27 19
25 29
32 39
39 35
23 16
27 38
18 39
20 43
34 40
44 23
36 34
32 30
25 27
28 35
41 35
31 18
16 34
28 21
33 27
21 34
44 27
19 45
32 16
32 22
37 40
43 31
31 20
34 21
22 24
40 17
31 24
16 36
20 24
44 45
15 22
45 30
36 40
39 18
29 34
39 19
42 20
33 19
16 32
27 22
32 15
30 25
30 16
19 23
42 38
33 33
30 19
20 29
16 31
34 43
17 29
32 45
35 43
23 25
17 15
34 27
22 43
44 36
36 21
24 16
23 42
45 29
43 17
35 37
45 22
20 41
37 42
19 20
26 45
45 33
37 19
25 25
15 20
22 19
24 15
20 38
28 26
24 37
19 15
35 18
17 16
32 28
36 37
43 42
38 19
16 29
27 33
22 36
45 26
32 31
15 31
28 38
18 31
40 24
42 18
39 39
21 39
37 28
17 20
37 39
28 37
40 25
27 37
45 24
28 24
24 25
30 36
38 17
16 24
21 36
39 31
42 42
19 36
38 44
39 40
31 42
33 30
23 27
32 20
30 17
18 21
30 23
29 32
34 28
27 32
30 24
41 36
22 20
39 44
44 17
39 45
27 34
17 21
20 25
37 25
44 20
45 39
23 20
23 32
38 25
18 22
37 44
28 39
42 27
25 15
17 32
21 22
17 40
39 33
31 31
29 31
28 41
30 38
23 44
34 31
22 25
18 41
35 15
16 38
42 24
32 44
23 40
26 32
40 19
28 28
43 19
17 37
26 31
40 23
40 40
28 42
19 41
37 32
25 20
29 23
16 22
24 26
45 35
