53 171
17 23
29 38
21 15
38 16
34 23
23 18
28 27
28 33
24 35
14 24
36 38
22 32
32 13
35 38
39 36
22 15
21 34
27 32
31 13
18 27
32 21
33 13
16 36
15 32
23 22
28 14
38 36
26 22
19 22
20 27
19 39
20 39
29 31
28 18
38 14
20 22
21 17
13 23
13 27
23 34
19 27
30 31
24 17
25 15
19 18
35 36
32 14
26 14
17 39
14 19
17 30
36 35
22 35
29 27
21 32
24 34
27 29
38 37
30 17
20 21
13 17
26 13
16 23
37 25
36 26
33 26
23 24
18 35
18 26
35 24
14 17
19 16
28 32
27 17
29 14
37 18
16 13
24 36
15 14
19 13
32 33
36 27
34 14
13 25
26 15
29 16
18 22
16 19
38 17
39 26
31 36
22 19
32 18
15 38
22 28
13 37
17 18
34 19
23 26
25 18
13 21
29 29
24 19
39 23
28 17
37 16
17 35
27 36
17 38
22 37
16 15
17 25
15 22
30 24
14 34
19 33
22 36
18 19
39 13
33 20
25 31
23 36
16 29
13 28
26 29
22 38
30 32
34 31
32 39
23 23
14 13
35 19
25 28
39 32
29 30
25 35
34 22
33 17
16 27
14 28
29 15
22 25
26 18
20 17
22 24
34 32
28 36
39 17
31 21
20 29
15 29
29 26
28 38
27 21
38 24
27 23
19 28
15 28
33 38
36 34
33 25
24 32
25 32
17 27
26 32
13 15
16 22
38 23
27 35
18 23
17 34
