59 247
27 23
25 42
17 44
19 22
34 38
41 35
18 18
29 40
18 29
35 35
28 32
23 14
32 14
26 26
29 24
22 18
23 42
33 23
15 40
20 26
24 43
19 31
41 39
24 21
21 34
19 19
40 20
38 14
20 32
39 29
25 27
36 38
25 15
43 16
31 19
42 27
26 17
43 36
41 34
17 20
40 43
29 33
37 33
14 26
38 34
34 17
28 39
39 15
14 27
33 44
25 21
14 40
41 42
37 29
26 40
19 15
33 31
21 40
20 19
20 15
27 33
44 33
43 22
30 37
22 26
37 18
28 25
16 36
26 33
44 15
18 14
29 21
31 36
36 21
26 22
24 18
22 43
24 36
33 42
30 30
19 16
28 22
33 36
26 32
24 16
31 33
16 37
33 14
18 22
44 17
27 25
38 24
17 32
29 41
20 44
26 27
42 19
34 42
23 26
21 29
40 36
17 15
20 42
37 23
36 43
43 44
41 20
15 36
36 32
24 26
19 23
31 25
37 32
41 37
28 19
40 40
39 36
17 42
37 41
41 32
14 25
19 30
25 32
30 24
41 28
22 27
38 28
19 28
27 41
25 14
28 27
25 25
39 24
32 17
37 28
15 37
32 21
31 20
37 34
33 43
31 15
38 17
44 41
16 26
29 38
29 30
19 36
28 43
39 26
18 33
19 42
39 33
23 23
29 44
31 17
38 35
21 35
36 31
35 38
14 19
28 36
15 15
14 35
14 22
34 30
37 31
19 26
41 16
26 25
38 44
18 42
37 25
32 31
23 21
39 41
25 16
33 17
14 14
39 23
30 26
16 22
17 34
39 18
44 18
40 24
22 24
39 20
39 35
16 30
29 39
14 37
16 39
16 24
23 35
44 20
41 44
44 30
29 14
24 19
25 40
18 36
38 31
42 41
23 30
25 22
26 21
42 42
24 29
30 19
21 26
24 15
40 14
14 29
36 36
14 31
15 18
26 16
16 32
40 26
24 32
38 15
18 35
43 20
36 37
23 17
30 33
40 22
22 38
29 23
19 40
25 41
14 42
43 15
16 34
26 35
16 42
39 30
37 21
29 27
25 30
17 14
18 15
41 40
35 16
22 40
31 14
23 33
