59 266
20 30
30 37
19 21
36 30
18 36
31 27
40 24
26 27
37 25
42 17
43 38
24 32
22 28
43 20
23 37
43 36
32 39
34 25
43 26
31 36
35 44
31 32
35 25
17 27
30 36
24 16
24 21
28 33
40 16
36 37
17 30
30 43
25 20
19 17
42 33
26 41
21 15
17 38
23 40
33 16
41 28
28 42
41 31
40 19
32 33
30 29
24 31
27 26
21 40
39 42
17 28
29 20
18 27
15 25
33 44
20 36
26 42
24 17
38 38
19 38
39 24
33 30
35 20
40 15
21 22
15 32
43 21
41 44
37 35
18 23
24 14
27 20
14 25
37 43
20 25
33 22
40 29
21 30
32 21
32 43
16 28
21 29
42 16
18 21
16 20
44 27
42 39
15 24
38 34
42 22
43 35
38 44
35 30
19 23
33 39
35 21
44 28
18 14
23 39
38 33
17 43
25 21
23 42
38 42
18 39
39 30
29 29
43 23
39 20
31 44
21 34
44 20
23 38
31 34
28 26
36 33
21 14
29 24
19 18
36 19
42 29
29 37
32 22
21 36
24 39
30 17
41 22
14 37
27 23
26 33
39 31
44 24
39 22
28 40
22 19
44 44
26 25
19 14
36 42
41 18
37 38
41 40
14 19
26 40
25 27
44 25
17 29
31 17
19 30
34 17
16 15
28 37
22 26
14 18
38 36
32 20
39 21
24 19
40 30
23 36
43 14
28 39
35 32
16 22
15 16
34 18
43 42
19 20
14 20
41 39
28 18
39 37
36 34
35 17
35 34
25 28
26 44
18 29
14 27
23 30
28 34
17 44
33 19
33 23
33 33
41 37
33 37
38 26
43 17
41 17
35 40
27 37
31 43
27 32
33 26
42 19
43 34
41 16
17 22
41 14
20 41
16 33
25 15
21 25
34 41
34 31
20 16
18 30
37 30
31 14
34 14
24 42
21 18
23 15
31 38
31 40
37 23
39 38
31 39
35 16
24 27
19 35
21 23
17 24
40 18
15 22
22 31
18 17
18 20
15 33
26 31
29 40
14 41
14 44
20 15
31 19
23 19
14 39
20 42
28 30
41 29
29 35
35 29
24 38
25 32
20 28
33 15
41 24
33 43
38 31
19 19
36 16
42 32
32 42
21 24
27 22
43 44
44 26
28 35
36 20
33 34
27 39
37 26
16 18
27 44
38 18
