51 175
23 26
14 19
21 28
33 31
34 17
26 32
38 22
24 35
28 30
26 23
15 26
20 27
20 21
24 28
17 26
15 35
21 33
29 23
15 30
32 28
24 32
25 13
37 16
27 12
35 38
12 34
20 26
19 23
34 31
25 34
16 22
24 17
22 22
35 29
22 29
30 35
27 38
36 36
34 38
15 21
28 21
22 13
21 36
18 18
20 36
34 24
36 25
15 28
12 22
24 19
37 25
31 22
35 20
34 12
14 27
36 27
29 22
26 30
17 23
29 16
33 37
14 36
21 14
25 19
26 38
31 31
22 35
32 29
34 34
25 17
15 27
29 19
37 13
20 35
17 29
33 15
33 26
23 37
14 20
32 19
17 13
28 15
17 24
25 31
27 33
17 38
12 21
20 34
18 38
22 30
28 18
20 12
24 21
31 32
33 16
14 22
17 18
18 33
22 27
14 33
14 29
38 27
25 38
29 12
13 15
23 28
25 28
24 12
33 19
30 24
29 30
31 14
25 23
34 19
27 36
19 20
15 16
37 37
20 17
33 25
16 31
20 29
27 28
27 19
32 13
14 21
38 13
19 19
12 28
32 37
30 21
22 18
32 21
36 32
18 14
37 18
30 37
36 31
19 22
20 30
35 21
20 18
37 36
30 18
31 21
37 14
34 18
13 22
12 30
37 34
34 15
33 36
33 33
19 13
12 38
34 29
14 35
27 15
33 28
36 28
23 32
27 31
35 14
17 27
30 20
24 34
36 17
26 24
14 12
15 14
16 13
35 24
16 37
28 23
19 14
