37 103
26 11
24 9
12 15
15 10
21 9
15 12
26 14
22 21
10 20
18 20
17 27
19 16
10 16
14 23
20 10
13 24
16 20
22 9
12 14
23 26
9 21
18 23
14 10
15 18
23 15
24 16
14 27
21 19
12 27
18 9
26 9
16 11
22 12
25 25
16 17
12 21
16 19
16 25
24 27
11 12
17 22
18 15
27 17
22 16
17 9
22 19
14 12
13 18
14 19
26 10
17 25
20 19
10 14
22 13
9 18
22 22
17 13
25 22
20 9
15 19
21 14
23 17
22 17
27 14
19 22
23 11
22 11
11 13
24 11
24 24
15 23
9 22
21 13
27 21
24 18
19 18
9 14
12 18
16 26
14 22
15 17
11 18
24 23
15 9
12 23
15 25
27 16
17 21
14 9
23 21
16 10
13 25
10 25
26 20
10 22
19 13
23 23
13 22
9 24
18 25
26 13
9 19
21 25
