57 145
15 40
23 35
33 26
28 16
30 34
26 15
21 36
41 39
25 36
25 23
17 15
21 41
35 42
18 22
21 27
39 32
17 21
41 42
19 27
27 30
21 38
42 30
37 18
40 29
36 20
21 28
19 21
28 24
40 32
19 35
14 23
25 30
15 32
37 40
27 21
20 25
28 35
30 23
19 33
39 38
26 14
21 42
40 18
31 23
23 20
41 38
35 27
39 16
18 15
39 33
38 25
28 37
15 41
25 37
24 32
16 36
22 16
31 18
25 19
17 18
37 35
23 26
22 25
29 36
41 40
16 14
22 14
36 19
37 36
35 36
18 20
37 26
42 22
28 20
34 21
23 21
22 40
33 35
32 41
21 21
23 33
27 15
34 28
31 34
17 26
27 28
28 31
26 17
39 29
34 38
30 33
21 37
21 35
33 40
14 26
34 14
40 26
16 24
27 20
35 40
39 17
42 14
37 32
22 24
20 34
16 23
39 42
20 37
34 37
35 32
15 30
14 29
14 17
24 28
17 25
39 31
24 16
41 23
34 41
27 16
42 25
18 28
26 31
27 25
24 29
40 39
28 19
37 42
38 18
29 27
27 18
18 38
20 38
22 27
26 33
31 33
33 17
34 42
25 17
28 29
17 36
22 34
32 21
31 30
33 14
