43 151
17 30
11 16
26 24
28 31
19 15
32 16
32 20
11 32
17 23
21 26
16 23
27 24
30 21
17 25
24 27
32 23
20 20
15 13
31 16
11 29
15 27
19 18
12 12
21 22
12 13
26 15
27 32
13 28
13 31
17 14
29 22
30 30
31 14
28 11
25 23
26 31
20 11
22 30
14 19
27 19
15 30
16 13
19 22
12 18
28 15
24 24
11 13
19 24
25 21
10 23
30 13
14 24
10 18
23 16
17 13
10 11
18 25
18 14
23 24
12 10
23 22
27 30
32 25
14 31
17 12
11 20
11 17
30 18
31 26
27 23
13 15
24 14
13 24
13 26
22 11
29 13
23 13
17 28
12 27
10 27
19 30
12 11
26 26
27 15
32 10
15 21
29 16
26 23
15 24
27 27
28 10
25 12
24 29
28 13
11 14
31 24
24 11
16 32
26 21
19 11
30 12
25 15
25 20
22 20
16 21
31 17
15 22
28 29
22 28
20 24
14 22
23 28
17 17
25 13
32 18
11 12
22 24
32 15
21 29
27 21
28 16
23 19
26 28
29 17
27 29
11 23
21 19
19 10
19 32
18 23
20 31
31 19
18 16
12 19
31 28
10 13
29 25
11 15
24 13
16 19
22 16
10 22
21 32
18 19
26 22
31 10
16 27
12 29
32 17
32 30
31 15
