57 255
42 39
33 29
31 18
38 15
29 35
35 14
28 37
27 20
29 33
19 28
25 39
41 25
34 23
37 24
18 36
38 22
34 16
33 18
17 35
14 19
35 33
39 36
21 36
36 21
36 22
30 34
29 38
37 28
34 41
16 37
27 14
40 14
31 36
37 33
37 26
25 16
36 16
33 35
28 40
25 22
42 29
30 27
32 14
15 18
38 41
36 42
20 17
21 27
20 38
42 35
41 37
30 37
17 22
24 34
40 17
33 14
28 30
42 26
34 31
36 31
18 16
34 40
31 42
19 38
35 26
39 15
30 25
40 19
25 34
23 29
22 26
18 23
17 24
15 25
21 16
16 35
27 30
21 24
25 29
40 40
26 15
26 26
29 19
28 26
35 27
17 31
21 20
31 37
39 20
39 39
21 25
30 18
35 41
37 36
29 24
17 21
33 25
17 40
15 19
31 28
37 25
14 26
40 33
28 21
17 41
42 22
28 38
39 38
29 22
16 36
29 29
16 18
25 28
29 31
14 23
34 33
14 15
37 30
15 32
39 14
27 22
38 21
33 26
39 26
35 37
18 20
30 23
38 23
14 22
26 42
30 32
27 32
32 23
22 39
30 26
41 38
30 24
36 36
33 16
21 40
37 31
42 34
22 27
19 41
38 20
22 32
24 40
42 19
33 36
16 26
40 27
42 28
38 28
23 40
15 28
39 29
26 34
18 34
19 14
42 32
27 18
17 26
31 17
19 36
31 21
14 37
17 36
14 31
20 18
28 31
26 18
16 33
26 35
23 27
20 40
24 19
41 18
23 14
41 15
14 24
32 41
25 15
39 21
32 34
24 14
20 28
34 24
23 36
26 14
36 15
37 29
42 27
24 23
42 38
40 21
14 33
27 19
23 42
41 39
35 18
34 42
22 20
20 39
19 21
17 37
19 25
41 41
39 16
23 30
17 39
15 41
28 27
24 33
20 20
17 30
22 24
21 32
29 27
36 37
17 42
16 39
27 31
14 40
34 19
24 37
16 27
41 27
18 28
30 38
16 34
24 22
22 23
38 35
18 21
35 22
42 33
19 20
37 14
14 39
14 38
21 17
20 19
16 28
36 33
32 22
31 39
21 15
41 42
19 34
22 33
18 41
33 40
33 21
23 41
33 34
