59 109
20 41
25 15
22 25
15 24
41 32
19 23
29 29
40 23
38 20
27 41
35 41
42 23
27 30
19 43
32 40
42 20
29 25
17 23
20 27
25 40
39 36
25 34
35 26
25 33
14 32
16 21
42 18
40 36
17 27
37 19
19 25
33 27
43 38
34 40
32 28
41 23
19 26
43 31
33 41
41 27
31 22
18 39
30 42
28 40
32 44
22 40
28 24
36 37
30 30
16 22
30 24
40 42
44 22
19 44
20 25
33 37
28 42
36 15
25 32
29 39
20 19
41 19
23 30
14 39
33 44
29 38
23 28
43 16
33 26
18 26
27 22
23 39
26 31
30 27
14 35
15 29
36 43
31 21
28 17
26 33
15 22
41 33
39 14
25 19
37 38
21 24
18 15
38 29
26 25
29 26
15 39
14 36
31 38
41 25
28 20
32 30
21 37
19 24
41 26
26 44
15 33
41 17
40 39
36 32
32 24
29 15
28 36
37 23
22 19
