55 247
21 22
34 26
23 20
27 28
23 37
35 13
24 37
14 33
29 38
16 20
28 29
32 15
18 22
36 14
26 18
13 20
29 18
18 38
13 40
38 36
27 31
27 13
13 41
36 20
40 14
23 28
39 22
28 40
17 13
18 33
15 21
13 37
31 34
15 29
15 40
15 28
34 39
15 32
40 13
13 15
39 26
26 22
28 13
28 18
38 34
34 36
27 22
38 26
39 35
23 24
24 17
25 19
37 20
31 32
33 20
17 27
35 30
17 25
38 20
16 25
13 35
39 27
41 33
34 18
41 40
34 24
24 14
20 41
30 34
37 37
23 26
23 21
16 21
13 27
26 24
27 20
13 29
28 27
40 28
15 23
18 37
36 30
14 18
16 13
37 32
26 19
31 35
27 14
23 18
34 34
20 29
30 18
20 40
18 25
33 23
19 15
24 18
23 38
22 33
28 37
13 33
28 19
22 26
20 20
39 13
18 31
29 41
19 35
20 36
33 13
22 13
37 21
25 26
29 20
39 33
17 23
29 16
18 14
20 37
22 39
33 28
31 40
17 38
41 25
19 38
29 30
37 34
38 41
34 32
34 30
37 16
29 35
29 14
31 16
30 41
15 17
16 36
23 17
23 39
30 15
41 29
22 34
29 39
13 38
17 14
28 16
17 35
20 17
24 15
21 30
16 37
36 23
34 15
36 19
25 28
35 38
16 22
39 16
31 21
20 18
20 14
21 25
35 16
27 35
13 28
39 37
30 31
14 22
31 19
32 36
33 30
29 40
21 27
41 34
33 15
19 16
13 17
35 23
24 32
26 20
39 21
37 31
19 25
13 22
41 37
23 16
30 33
15 19
36 17
32 24
25 23
16 39
18 40
19 20
32 17
26 33
29 27
32 38
17 39
41 20
16 31
32 25
35 17
40 32
37 30
18 36
14 28
22 15
38 23
16 34
30 25
34 31
37 23
31 22
27 32
24 41
38 22
23 29
40 24
21 16
35 19
31 18
24 21
33 17
20 35
29 31
37 26
37 41
38 28
38 39
34 29
15 25
16 40
39 25
20 22
33 32
36 15
18 30
24 22
27 26
30 35
15 13
27 37
30 14
29 25
31 26
15 26
