61 164
16 31
45 27
27 39
16 22
34 37
24 37
18 44
39 37
41 26
16 36
40 24
29 17
22 36
37 32
22 40
35 23
23 44
28 34
37 19
30 39
38 32
30 22
40 17
33 15
41 28
39 26
15 28
34 16
37 34
35 44
33 44
31 35
31 33
18 15
22 27
42 31
21 38
35 45
19 43
24 31
26 15
26 45
45 29
32 35
22 43
31 23
18 39
35 39
40 19
21 22
42 30
22 42
18 27
41 40
33 42
43 41
39 36
28 41
40 41
21 35
32 44
21 33
38 33
33 40
17 32
41 24
43 36
16 39
24 22
45 21
23 38
16 44
19 24
41 20
38 38
16 30
17 24
44 37
19 39
36 45
34 32
38 24
44 21
38 29
40 39
31 31
30 36
31 16
43 24
23 40
29 28
15 38
22 24
25 41
36 36
38 21
25 42
16 41
28 22
40 15
35 22
37 21
31 17
18 19
17 15
34 33
25 27
27 25
41 39
21 24
29 42
45 15
41 45
18 20
31 38
37 37
39 19
19 32
39 34
25 23
19 19
28 16
42 27
24 28
26 17
32 39
37 35
45 20
43 18
36 25
39 32
45 26
42 28
28 40
41 29
26 29
23 21
24 27
27 44
21 37
25 35
24 15
37 17
20 32
24 23
33 27
26 35
18 17
20 43
39 45
41 36
15 37
39 15
42 43
30 37
19 25
35 28
21 21
19 29
17 20
44 17
23 20
25 43
41 38
