45 137
15 23
16 23
17 27
19 16
28 22
30 24
31 12
20 19
11 25
18 13
13 32
22 12
13 17
23 16
27 30
12 14
32 32
20 24
18 20
30 14
17 20
24 24
30 30
22 23
18 18
14 20
22 30
33 23
11 13
18 15
14 27
33 28
28 26
17 25
11 17
14 33
18 16
21 15
20 31
16 32
22 27
20 17
15 15
12 27
12 12
31 27
18 31
26 22
16 17
29 19
12 18
17 16
12 22
27 27
31 22
24 17
16 33
21 21
22 33
23 32
31 11
15 14
19 30
22 16
33 20
26 11
30 25
21 27
15 19
29 11
24 27
31 33
32 20
26 18
12 26
21 18
29 22
20 30
17 12
24 25
14 30
33 14
19 18
25 27
19 32
16 16
13 26
11 24
20 11
19 13
24 33
33 22
29 14
16 26
18 30
27 26
21 31
28 31
29 13
22 32
14 11
15 30
30 15
14 31
11 32
13 28
28 11
19 12
20 32
25 23
12 20
17 33
32 23
33 31
30 27
13 25
11 27
23 24
20 26
25 29
30 29
28 13
32 24
18 24
27 13
30 33
17 23
31 32
11 28
17 13
20 15
25 15
18 22
14 13
25 16
27 23
11 18
