53 93
24 28
30 30
39 25
20 14
13 32
14 35
27 20
27 27
32 20
35 13
37 31
19 28
29 27
36 33
31 26
31 16
36 28
34 30
23 33
27 26
22 28
20 13
30 14
23 36
34 39
26 29
34 19
32 16
19 21
25 17
28 39
27 30
21 29
36 30
24 13
29 26
29 21
18 18
22 36
29 31
31 25
30 26
18 16
20 33
33 24
13 19
28 32
20 19
27 38
35 23
36 26
19 16
31 34
38 36
21 16
14 37
33 15
19 24
35 22
29 33
13 14
20 30
16 14
21 19
24 17
34 27
14 33
18 20
18 37
15 30
36 36
37 37
23 14
21 14
28 35
20 24
35 36
25 37
18 32
30 32
14 23
36 24
13 17
16 25
26 15
29 37
17 39
15 35
38 22
14 20
15 39
36 21
35 37
