57 155
21 28
25 42
32 42
38 20
28 29
16 17
18 29
40 25
28 34
21 21
36 42
27 14
24 21
42 28
28 24
28 21
23 42
21 37
40 30
18 26
28 16
35 21
18 35
16 31
29 21
17 17
24 17
38 26
20 20
19 19
29 36
28 36
17 34
33 15
33 28
19 36
30 24
33 34
25 24
32 15
18 21
25 33
17 16
42 32
37 18
37 15
30 38
31 24
40 16
29 39
16 20
31 39
23 17
21 29
14 28
34 42
26 38
39 24
19 20
25 38
41 30
41 27
18 23
24 41
26 32
18 16
29 20
14 27
36 17
39 26
33 17
29 41
31 27
15 39
39 29
31 41
27 39
38 19
21 27
38 29
25 28
24 39
14 18
35 32
18 37
37 26
28 20
42 17
32 29
31 20
41 36
33 26
41 34
16 21
17 32
38 30
19 25
33 35
33 22
36 36
36 29
39 22
23 40
28 40
26 14
20 33
38 38
22 36
37 39
22 15
16 42
26 33
21 15
19 40
28 17
30 17
37 41
41 25
27 33
35 39
27 16
22 42
33 19
14 34
34 35
26 42
39 37
16 27
41 17
27 37
26 18
20 25
15 16
39 41
38 39
21 26
32 25
27 35
19 41
33 37
31 35
37 34
32 34
40 23
27 23
31 34
19 31
17 39
21 31
26 36
23 24
14 35
26 37
23 32
17 19
