57 159
21 36
39 26
24 25
19 15
37 40
41 31
20 21
23 27
25 37
15 35
20 14
22 27
26 32
23 22
34 37
32 39
25 33
16 16
39 37
15 25
25 31
18 36
29 26
27 15
40 28
35 27
32 20
35 14
22 21
36 22
17 19
16 25
27 31
40 26
41 33
38 40
31 41
17 32
23 41
28 40
29 16
25 24
30 18
17 33
41 32
30 22
38 28
21 27
19 27
17 25
19 20
27 36
15 42
30 16
36 26
29 37
19 30
14 15
15 31
35 41
15 37
18 38
30 26
33 34
22 26
33 33
31 29
36 37
35 31
19 40
17 16
36 14
21 35
21 18
40 20
31 19
31 16
18 41
24 32
33 36
34 41
30 36
36 38
20 28
16 30
38 18
33 22
15 15
28 41
30 32
25 25
20 31
22 42
15 30
37 18
22 30
33 39
36 32
27 21
18 32
26 33
30 39
28 20
20 36
27 34
41 30
22 41
14 14
40 23
34 15
30 41
18 19
18 18
20 26
25 16
28 31
41 17
16 29
36 16
20 15
19 39
39 34
26 26
30 28
29 38
17 21
26 17
23 42
21 25
26 41
22 31
42 40
29 32
14 23
26 29
35 39
21 31
33 26
31 34
30 34
15 17
30 37
31 40
26 19
40 30
16 41
28 23
20 27
16 14
37 28
21 38
16 26
33 15
32 22
41 18
30 21
38 36
27 20
30 27
