53 210
24 14
18 21
35 36
14 27
31 32
20 21
17 23
15 21
22 24
37 33
23 38
38 13
21 24
19 35
26 13
39 31
38 34
19 21
30 18
37 36
30 22
21 38
33 19
26 27
13 35
20 37
24 32
18 15
24 35
37 35
31 20
34 26
14 15
17 34
15 31
30 14
14 14
32 32
36 17
17 37
28 34
30 23
17 20
18 14
16 24
33 14
38 33
37 19
30 28
37 39
36 15
24 31
22 38
22 18
31 13
32 18
34 13
35 28
26 21
31 19
36 14
28 22
33 39
35 15
26 29
36 22
16 15
16 32
27 23
17 18
29 34
22 22
18 17
35 23
32 39
14 18
27 17
16 37
21 28
21 26
23 15
17 13
35 18
24 20
24 29
38 18
38 39
15 18
27 39
20 17
15 32
22 14
38 36
25 34
13 37
13 31
22 32
36 33
35 33
39 15
16 27
18 20
34 30
22 35
20 32
15 17
36 13
19 38
33 18
13 13
27 19
16 33
25 15
13 32
29 16
30 38
33 27
21 22
13 17
35 35
22 16
26 38
37 37
37 23
38 16
20 35
16 30
32 26
31 14
28 29
17 30
36 26
25 24
21 13
17 29
21 21
29 30
26 19
23 34
25 20
34 38
29 21
33 29
33 33
19 31
29 19
17 28
33 25
31 22
17 22
39 16
23 32
39 27
36 25
32 37
31 24
33 32
17 33
33 16
18 36
36 29
25 38
26 20
35 26
27 14
32 15
38 17
17 14
26 31
27 36
38 29
30 25
19 33
27 13
14 23
27 21
30 29
15 23
37 22
13 14
15 38
29 36
16 25
23 16
15 22
21 31
26 39
28 33
38 28
15 34
32 29
22 27
22 17
25 31
32 13
14 31
22 26
32 35
27 27
39 14
22 25
28 31
22 39
16 17
34 19
37 26
32 17
30 30
30 21
37 13
