51 100
18 35
26 20
23 29
24 27
38 12
32 35
24 24
36 13
31 21
14 14
21 16
13 22
26 26
27 17
29 17
20 14
16 21
22 16
15 27
18 31
31 24
24 12
17 18
25 13
38 22
17 33
32 15
36 26
16 30
17 26
35 33
35 28
22 37
19 29
37 30
19 20
18 23
15 15
20 26
12 14
14 36
35 29
19 36
19 15
38 35
23 35
33 17
27 37
18 29
23 12
14 35
34 36
30 28
32 26
13 19
24 16
25 21
38 24
15 33
15 32
38 13
29 32
32 17
14 23
28 20
20 23
21 19
35 35
13 29
38 32
12 21
24 20
30 12
28 22
18 37
16 24
28 38
15 35
25 26
17 21
23 26
18 36
33 22
20 18
21 33
16 31
33 20
33 38
19 35
26 24
35 30
36 16
22 18
12 37
15 25
16 29
24 33
30 37
20 33
31 33
