37 109
9 12
23 14
12 9
17 20
25 16
22 24
10 15
18 9
9 18
13 14
12 12
15 11
24 18
18 14
18 12
9 27
23 24
10 25
24 27
18 10
20 20
18 15
17 21
26 25
23 10
9 17
14 20
16 22
11 19
27 20
21 23
26 24
20 16
17 12
18 21
22 23
27 9
20 17
25 10
14 25
16 15
17 15
22 19
18 24
27 27
23 20
18 13
27 10
27 17
23 18
22 18
15 12
11 18
24 9
12 14
10 16
19 9
11 21
14 12
26 13
18 11
24 13
27 13
10 17
24 19
19 22
12 24
19 13
18 26
23 22
12 11
10 26
22 26
27 11
13 22
15 18
20 9
13 20
12 25
21 22
12 18
25 13
21 27
19 18
12 26
14 27
19 19
17 11
17 10
10 11
19 17
9 25
21 26
15 20
22 11
13 17
15 9
10 9
21 14
11 13
10 20
27 19
10 18
26 22
19 16
21 17
17 13
11 10
13 12
