57 119
41 26
39 17
21 22
23 35
26 32
18 14
32 19
20 24
17 20
16 32
21 34
37 14
20 14
27 42
23 28
34 18
19 22
14 26
41 37
37 16
31 21
31 39
24 39
34 28
41 38
22 16
41 35
15 15
14 34
23 38
18 24
18 23
40 18
26 31
27 33
19 34
36 25
16 39
37 17
37 33
16 29
41 23
25 14
28 23
36 20
16 16
30 14
19 36
34 34
21 35
27 17
32 30
22 22
32 21
34 38
30 24
27 20
25 17
14 42
37 18
17 25
26 26
16 40
18 15
22 31
24 28
22 36
41 18
38 25
17 36
37 38
30 15
35 30
36 21
37 30
18 42
32 29
16 42
27 31
26 36
25 23
19 27
31 38
29 41
41 20
34 25
25 38
23 29
21 40
30 30
33 28
38 21
37 34
42 27
34 33
21 28
38 22
31 14
20 29
20 37
25 22
42 26
29 33
28 25
32 20
39 19
14 28
35 15
15 17
30 32
33 36
16 34
20 42
17 18
16 17
33 23
27 38
38 15
29 21
