51 188
18 21
35 35
12 30
31 25
23 38
13 28
24 31
27 24
33 23
38 19
35 26
27 23
17 38
13 29
12 36
36 17
21 20
22 36
25 21
16 33
28 23
26 22
21 16
32 31
30 21
22 24
33 19
31 13
29 13
25 30
22 16
26 35
16 24
30 34
14 19
38 35
27 34
21 23
38 31
37 18
21 34
27 37
22 17
31 26
17 13
20 31
19 19
19 24
33 17
14 24
32 25
29 28
35 14
16 14
32 15
17 30
35 23
35 19
13 15
38 14
24 30
12 19
26 19
23 12
23 35
12 26
27 20
25 27
27 38
19 21
31 37
15 36
12 27
38 21
23 26
29 37
29 12
36 38
29 35
13 33
32 13
29 15
17 18
14 12
22 31
33 20
28 32
29 32
22 28
23 31
20 23
21 31
17 26
36 19
14 31
18 17
38 38
20 14
14 33
36 27
34 30
24 20
34 19
32 12
15 30
33 38
13 16
15 20
12 29
21 14
34 13
23 21
19 29
17 27
23 14
19 32
22 35
28 21
19 25
32 24
18 31
12 31
31 16
27 19
30 36
34 23
31 38
37 29
16 34
24 12
27 22
19 27
23 28
29 19
30 25
23 37
36 21
35 36
27 33
13 19
15 13
34 38
36 26
24 16
34 34
32 28
28 25
38 26
36 33
23 30
32 30
32 29
38 28
15 27
12 13
13 14
28 13
26 25
36 20
33 16
37 28
37 33
27 36
35 29
30 18
34 26
36 37
24 32
26 26
31 31
28 15
37 27
21 29
38 13
15 38
37 30
30 20
31 27
14 17
33 31
12 34
30 13
12 22
33 36
38 27
17 28
27 21
20 15
