45 108
23 20
27 33
17 21
28 13
22 23
13 28
32 21
15 20
15 11
12 32
14 18
16 14
20 32
31 19
21 14
28 15
31 16
27 23
16 19
19 14
16 12
13 27
12 16
21 25
16 33
22 18
28 29
16 32
16 20
32 29
12 18
16 18
18 17
23 12
26 21
18 26
33 11
29 12
28 31
31 15
29 11
13 33
14 11
30 31
27 12
28 14
22 17
21 16
25 26
32 26
23 28
21 30
22 14
21 27
20 19
29 33
11 32
14 15
30 23
27 17
15 28
19 28
28 17
17 20
21 26
21 29
19 21
30 30
11 14
17 29
17 18
28 30
27 28
31 24
13 21
22 25
23 21
32 27
15 31
12 23
28 25
14 17
33 19
23 31
15 12
29 14
14 26
23 14
20 25
24 16
18 31
33 31
23 33
30 20
26 19
27 14
25 32
15 26
30 27
17 23
18 32
25 15
14 32
13 29
26 25
13 11
20 33
23 30
