43 117
23 26
16 30
18 16
11 14
21 17
14 19
30 15
29 11
12 13
15 12
15 24
30 31
26 23
31 20
25 13
15 26
26 31
17 15
15 11
19 10
32 16
10 11
14 31
15 16
17 31
22 10
19 31
22 28
14 17
19 16
25 20
21 11
10 20
11 23
21 26
15 14
16 10
16 16
13 11
32 18
23 31
20 16
27 29
21 24
16 26
21 31
13 24
19 26
26 26
26 25
32 22
23 20
20 28
13 32
11 20
10 18
32 24
11 31
32 13
23 27
22 30
23 10
24 15
11 22
10 16
13 19
18 26
24 27
29 31
28 32
18 21
28 29
11 16
30 32
24 14
25 31
27 11
12 31
23 23
11 19
20 18
29 24
29 15
11 26
28 19
29 14
30 28
16 19
25 21
24 32
10 13
24 22
24 13
12 12
32 25
23 15
13 22
30 13
26 29
17 24
14 26
13 28
30 10
30 21
15 32
31 23
28 18
18 17
20 14
18 15
23 21
19 13
15 31
10 21
27 19
31 11
29 16
