47 160
35 21
18 13
15 28
31 22
29 15
14 24
23 19
16 27
33 11
21 34
33 22
22 25
19 26
20 34
34 12
15 29
12 20
22 29
33 16
12 34
32 29
31 19
18 33
15 22
35 28
29 18
13 32
23 21
28 27
11 21
11 18
19 16
27 33
33 29
19 34
24 18
12 13
32 15
24 25
16 31
29 29
33 13
17 19
15 18
26 32
22 17
31 32
17 25
20 35
24 24
32 14
31 15
19 23
20 16
17 14
24 20
24 31
26 17
13 23
13 21
22 27
18 19
21 14
30 19
23 32
21 23
11 32
25 11
18 24
23 22
24 16
21 13
15 12
16 28
35 15
22 11
30 18
14 14
33 28
35 34
20 22
35 35
34 15
13 12
33 12
30 13
27 29
16 11
29 19
20 20
12 23
12 21
29 26
34 34
33 24
20 18
12 16
16 13
31 35
32 34
20 28
27 25
32 31
34 18
22 18
30 16
19 33
23 14
21 26
34 25
11 31
19 20
11 22
29 23
18 23
25 18
28 22
25 16
32 27
12 25
29 20
32 13
13 28
27 15
28 15
12 30
11 15
26 19
32 21
13 16
27 19
33 34
28 30
25 30
35 13
13 20
17 18
34 31
13 15
11 12
24 29
14 27
34 17
34 32
21 24
31 16
13 17
22 15
35 11
20 31
12 26
23 23
20 19
29 21
17 20
25 17
12 18
18 27
13 35
29 30
