37 90
12 17
13 14
25 27
21 16
21 11
10 18
10 13
22 25
18 24
16 16
22 18
17 16
11 10
18 19
26 21
10 24
20 15
22 23
24 25
12 25
23 10
21 15
19 27
23 13
17 18
19 24
23 25
26 19
27 10
22 11
18 10
11 19
27 17
15 23
27 13
10 15
23 23
11 25
12 12
13 13
19 16
27 19
24 10
12 15
26 22
27 23
21 17
10 26
18 9
18 17
20 27
12 19
14 23
12 24
11 18
25 20
16 10
10 11
15 17
18 20
16 18
17 20
12 9
21 27
18 25
11 24
20 10
21 24
14 19
26 10
26 14
13 20
15 21
24 17
24 23
18 12
11 23
9 27
11 16
15 11
21 20
27 16
17 15
12 14
21 14
14 22
17 12
15 22
16 22
25 25
