39 97
11 26
22 12
24 21
20 22
15 18
18 21
19 15
20 25
22 15
26 21
12 18
19 19
29 24
9 12
15 25
13 19
21 25
20 14
24 9
18 17
18 20
28 15
14 24
14 13
25 24
14 15
21 28
28 20
26 15
18 16
17 20
19 22
13 17
28 17
9 9
25 18
27 24
14 18
22 23
12 20
14 25
20 24
19 11
26 27
23 14
11 21
29 22
29 25
13 23
19 20
25 17
10 27
28 16
28 25
23 24
24 14
28 22
29 26
9 28
20 18
20 20
24 27
14 22
15 22
17 9
27 16
17 19
16 29
26 20
21 24
21 26
16 21
27 18
13 12
17 14
26 24
21 14
29 13
17 11
15 23
18 11
22 9
23 17
15 17
29 11
24 29
26 10
19 18
15 26
24 22
13 21
24 15
14 11
16 22
25 13
13 20
24 10
