59 219
43 28
40 22
36 35
29 29
41 36
38 38
34 20
23 44
29 15
18 18
37 40
41 28
18 14
17 38
29 41
39 15
28 29
26 27
19 30
35 35
30 36
14 30
41 31
39 27
17 29
35 15
32 34
37 33
38 35
35 14
31 39
24 28
27 34
21 19
14 25
42 43
31 37
31 36
15 21
21 29
44 17
16 33
31 44
35 37
17 43
31 14
35 17
35 18
14 43
23 18
31 15
29 25
15 19
14 33
42 27
34 39
42 19
18 44
36 30
40 40
33 34
36 24
41 34
32 31
43 44
43 38
15 41
20 29
39 14
28 26
15 28
42 31
40 25
32 18
25 18
28 44
43 34
32 14
39 37
23 43
34 18
22 24
40 16
35 42
28 22
44 23
19 19
30 37
41 18
23 29
26 32
41 37
16 19
18 43
30 44
37 15
23 31
24 21
25 25
25 16
37 23
14 38
23 24
39 16
24 31
44 22
16 25
34 25
18 42
18 24
26 44
30 32
27 20
33 33
22 29
25 14
26 33
34 38
18 39
36 37
32 22
40 42
34 23
15 43
25 15
29 44
43 15
39 36
27 41
31 33
17 37
35 22
38 34
28 33
24 37
17 20
18 26
25 17
22 41
26 20
33 27
34 41
31 29
21 37
41 40
27 22
16 15
14 42
33 14
34 44
26 19
38 31
32 20
29 43
34 17
24 22
27 28
32 17
27 44
43 21
44 14
14 31
33 31
18 15
40 43
16 22
17 24
41 15
17 31
30 35
21 27
25 43
17 40
26 31
20 38
21 30
24 41
24 34
27 32
26 16
27 21
36 38
38 44
19 28
20 42
39 34
22 14
23 32
41 41
17 14
24 20
21 36
16 26
29 24
27 31
36 33
17 30
18 28
32 33
39 26
43 32
24 29
23 22
24 25
20 22
32 43
40 27
42 37
16 35
19 14
19 36
33 43
16 16
39 21
25 19
29 28
34 32
15 34
21 26
