59 85
28 31
19 24
17 15
30 41
29 17
19 22
21 17
17 21
35 17
21 19
33 16
28 19
23 19
23 39
41 35
37 35
17 16
25 17
17 19
28 22
18 40
39 39
38 23
26 41
15 43
36 38
24 36
23 40
21 21
22 18
16 30
18 28
42 42
17 14
32 41
23 34
14 26
26 36
24 19
21 31
42 21
32 16
39 24
24 43
42 37
21 40
43 25
38 26
15 37
26 38
34 22
23 14
20 32
40 35
32 39
30 30
26 21
17 37
25 36
35 38
41 28
22 31
22 20
42 24
18 19
32 40
23 29
43 32
29 18
30 34
41 32
14 27
38 33
36 29
30 20
40 37
21 18
44 27
36 34
19 41
18 33
34 17
21 38
19 17
39 36
