47 183
27 22
12 24
21 21
22 20
20 31
22 17
13 33
35 11
30 27
17 28
11 14
28 31
24 22
24 14
18 12
35 24
11 27
16 27
23 19
34 35
25 23
29 34
35 20
34 14
28 13
15 29
29 21
28 24
15 16
31 34
33 22
20 12
15 18
15 23
24 18
18 32
19 27
19 16
33 17
16 18
29 25
25 22
17 35
29 26
22 31
20 20
22 25
22 21
13 32
18 31
16 16
25 24
19 31
14 11
25 17
11 12
26 16
18 29
30 11
30 33
33 13
20 33
35 27
27 23
19 25
19 32
17 11
21 31
12 33
19 15
21 14
25 16
11 11
26 31
28 26
13 25
14 34
19 17
32 12
17 18
15 20
18 26
32 27
22 14
21 35
15 13
11 19
20 27
25 28
13 30
11 34
25 15
34 17
20 26
30 35
18 21
27 21
35 23
26 17
27 26
13 35
24 16
22 27
27 35
19 18
24 24
31 17
11 31
12 31
31 24
28 11
30 26
24 34
21 18
26 12
34 29
35 22
16 23
25 18
12 14
33 14
14 28
30 29
29 16
27 28
11 18
26 18
14 22
28 28
31 12
13 20
18 11
19 30
29 31
33 21
28 35
30 13
26 15
22 30
35 26
33 23
23 16
13 31
27 34
26 29
29 35
20 24
23 17
21 23
28 30
18 27
16 17
14 32
21 20
11 25
33 32
23 29
24 25
13 17
27 11
23 35
29 15
23 18
33 26
27 20
23 24
22 28
15 11
14 25
14 15
29 11
23 21
16 19
29 33
13 11
32 35
19 26
18 30
33 19
13 24
11 13
34 27
17 21
