45 135
13 12
12 11
16 15
12 32
11 12
17 28
33 29
20 15
27 30
28 32
24 19
11 18
27 29
29 20
19 25
28 22
26 13
21 20
19 29
33 27
29 17
27 14
17 24
18 24
27 20
18 23
33 14
32 26
32 30
31 19
16 14
14 20
11 32
18 33
12 30
24 25
14 17
23 32
33 28
14 19
33 25
12 23
31 17
23 18
33 16
32 25
25 20
16 25
11 17
26 22
26 15
30 24
33 12
20 25
25 30
31 13
29 19
24 14
17 12
14 23
18 31
15 28
33 20
32 32
13 26
12 33
26 20
17 22
30 30
11 28
24 20
22 27
19 11
12 12
13 32
11 16
23 27
17 14
18 20
21 27
26 25
32 23
14 11
13 13
19 33
21 11
22 30
11 15
30 12
14 29
25 12
17 19
26 30
17 25
31 16
29 11
23 26
31 28
33 21
32 19
33 31
16 21
12 21
24 23
19 15
14 30
16 33
15 14
27 11
16 20
32 15
26 27
16 12
25 24
14 28
22 25
13 22
24 26
11 21
31 24
20 12
26 26
20 16
12 16
21 32
13 24
23 28
24 13
19 24
13 28
21 24
31 18
18 16
22 19
15 15
