55 87
39 41
30 38
40 20
13 21
37 19
37 22
30 15
38 38
21 27
28 35
15 26
25 40
31 30
21 28
22 32
32 30
40 26
36 19
27 17
30 21
17 20
17 28
41 19
27 41
35 41
22 29
20 27
13 15
27 33
25 16
18 16
21 15
34 32
23 23
27 24
13 25
24 38
41 24
33 16
39 19
23 26
38 37
37 40
25 24
25 25
24 21
34 33
31 15
25 26
32 24
24 17
28 27
32 32
24 14
16 21
16 36
28 19
26 23
41 18
33 22
30 13
29 41
19 41
13 36
29 39
19 14
37 15
20 22
38 30
23 25
18 29
25 36
17 13
16 27
21 39
20 15
37 41
20 19
28 14
27 40
24 36
29 15
13 33
27 15
21 37
35 36
13 35
