57 228
16 35
37 17
38 30
14 21
33 20
24 32
31 24
15 32
36 21
38 38
23 20
40 25
38 14
35 34
40 18
21 14
34 20
14 20
24 34
36 26
24 41
18 40
34 17
29 15
38 22
39 30
36 17
34 33
17 37
33 33
36 33
33 17
40 24
40 16
30 15
23 14
29 21
35 40
40 40
22 30
42 29
15 23
28 16
36 15
22 15
19 20
33 38
15 14
42 18
28 14
28 21
28 22
42 30
14 27
35 30
40 20
39 31
28 36
32 33
25 41
14 24
42 33
15 17
28 19
35 19
31 17
32 21
14 14
29 27
18 42
41 27
41 23
17 36
21 36
28 37
34 25
16 19
14 38
23 40
32 34
19 31
16 25
28 25
19 36
38 21
29 14
37 36
15 27
31 41
34 36
17 42
29 32
29 36
36 29
19 41
15 26
15 33
29 19
15 29
28 26
35 28
32 29
31 35
40 33
19 19
26 25
17 16
24 21
27 18
29 26
33 36
19 33
39 40
37 38
19 17
28 38
29 34
39 24
28 39
34 41
24 19
33 16
20 42
42 15
16 22
21 20
20 38
14 16
18 35
38 42
25 36
32 37
26 42
30 35
37 35
42 36
18 17
30 38
37 25
39 36
33 21
35 21
42 27
16 23
21 38
19 28
16 39
23 38
37 29
21 23
32 28
30 40
38 23
18 21
15 38
21 39
41 19
24 17
16 24
22 25
39 17
14 37
14 35
15 20
27 21
29 38
38 27
14 42
26 40
37 16
23 30
41 35
20 41
31 18
42 41
20 26
16 29
17 31
31 14
29 16
18 27
25 22
21 27
15 16
32 18
20 34
22 18
23 35
29 29
42 35
23 29
26 34
33 29
38 32
41 36
28 35
18 14
24 20
23 17
14 32
18 32
32 40
26 19
33 34
23 34
24 23
23 19
20 20
24 35
15 39
33 40
37 22
36 24
41 42
22 32
18 36
18 22
26 38
22 28
17 27
17 24
16 41
33 27
41 17
21 17
22 31
26 30
22 37
