49 164
18 13
13 36
31 36
33 17
36 14
35 21
21 13
34 15
22 35
35 28
23 23
35 36
27 17
35 24
23 13
14 19
28 27
17 17
33 36
29 27
28 25
31 28
36 35
23 21
27 15
15 27
24 20
23 12
17 19
24 31
34 26
16 22
32 12
19 23
24 17
19 15
25 33
21 32
21 15
35 27
14 20
36 28
31 15
21 24
28 36
33 20
21 17
19 34
23 29
33 16
20 19
25 19
23 14
34 27
25 36
28 12
35 26
22 28
25 15
27 35
23 31
30 29
32 29
20 27
36 34
25 29
29 32
17 25
19 13
34 29
35 20
12 28
33 32
13 27
31 34
14 16
18 17
25 22
14 14
19 14
12 25
13 24
30 14
23 27
34 25
35 35
26 15
16 23
15 20
21 30
27 33
12 21
13 31
32 15
36 32
14 27
12 27
22 16
29 20
30 22
31 24
22 31
17 12
27 22
34 24
29 16
24 19
20 13
21 21
34 31
30 13
14 31
13 23
26 32
19 27
23 19
20 23
25 21
12 20
27 16
15 17
13 17
22 29
34 22
28 20
32 17
14 30
35 22
21 31
12 33
13 13
33 26
25 30
33 35
17 31
21 14
12 32
16 21
25 27
16 26
19 25
32 27
32 23
26 18
31 12
19 36
27 14
22 12
21 22
30 19
28 33
26 24
32 18
25 17
20 28
27 25
18 31
28 30
36 30
30 20
23 24
31 21
21 25
30 30
