43 85
16 19
22 29
19 22
15 20
16 22
16 10
19 15
29 13
29 12
26 14
28 11
21 16
32 24
26 28
27 11
31 14
12 24
28 18
15 29
22 31
25 13
24 31
29 28
13 13
27 29
25 21
23 18
21 22
21 14
13 32
13 26
20 17
17 28
10 24
13 22
22 28
14 27
15 30
18 32
27 23
21 19
16 32
31 28
18 10
16 27
11 27
28 20
21 11
10 10
26 10
11 16
22 27
28 31
27 19
14 15
19 28
28 23
13 12
10 31
28 12
11 13
29 17
11 32
22 21
20 25
13 25
30 25
13 23
22 32
27 21
21 31
32 31
29 11
32 13
15 32
29 14
14 26
21 18
12 29
16 20
28 29
11 15
22 25
19 13
21 32
