55 251
16 16
21 23
27 38
29 31
34 34
22 28
35 17
39 16
37 38
25 29
35 19
32 15
26 19
14 14
20 20
13 17
39 15
39 25
32 22
19 35
22 17
24 13
36 18
19 17
16 22
25 14
27 31
26 29
29 39
25 30
28 24
31 16
14 19
31 14
30 30
15 27
24 24
39 23
26 27
28 19
17 14
37 20
23 31
38 38
18 18
18 34
21 37
22 32
30 40
23 33
27 36
15 30
39 24
25 15
16 20
32 26
14 22
25 27
35 33
19 40
34 13
33 14
24 22
20 37
15 25
16 36
21 21
16 29
13 23
20 36
13 21
18 39
41 41
31 37
40 18
33 23
29 36
37 37
23 32
25 34
17 40
38 40
33 34
36 36
19 29
35 23
26 38
14 28
41 31
15 17
26 39
25 25
21 18
17 13
26 15
36 23
23 35
17 35
16 41
41 38
18 25
23 39
17 30
24 26
21 36
28 21
13 26
38 20
40 21
21 33
19 13
16 38
35 24
26 25
35 39
18 21
20 18
31 29
36 14
18 33
13 27
35 38
24 17
38 28
13 38
17 16
17 19
18 28
14 15
19 16
40 19
37 14
35 34
32 23
40 30
33 41
28 35
29 19
19 24
23 38
36 26
32 14
26 14
24 23
32 37
29 30
16 33
29 13
19 37
31 28
41 40
27 26
17 25
41 37
26 33
23 14
34 32
14 21
34 37
36 34
29 32
13 40
24 32
38 13
21 17
24 40
17 22
18 14
41 30
40 15
39 17
16 31
23 41
40 39
13 16
25 24
22 15
24 19
41 28
41 16
37 16
38 26
14 13
18 19
34 28
14 30
22 22
31 21
25 20
33 31
36 28
34 14
39 27
20 34
35 29
36 38
35 18
26 40
27 20
35 36
26 17
32 41
32 25
34 26
27 18
22 36
18 29
27 33
27 28
31 39
28 20
25 39
17 20
22 31
13 35
35 21
32 39
39 30
30 36
20 17
21 14
37 27
17 36
14 27
38 21
22 25
19 31
26 16
34 21
38 25
21 25
31 26
35 35
16 28
34 40
22 18
18 16
13 33
22 40
16 13
29 14
27 14
15 35
21 32
24 14
38 27
22 20
41 19
15 38
37 33
36 19
