59 253
29 42
28 21
36 38
32 24
31 38
43 14
16 26
40 19
14 38
44 26
22 21
44 24
19 34
31 34
29 36
41 37
17 40
34 16
42 27
26 22
38 24
39 38
43 44
35 21
38 29
18 23
35 29
32 23
28 16
34 37
39 28
35 37
22 40
43 36
15 39
18 39
39 14
20 23
30 42
29 38
43 27
35 26
36 17
31 24
37 19
17 23
43 28
42 21
27 30
42 14
28 17
21 15
43 32
36 33
34 23
15 32
24 16
40 39
37 39
25 27
22 18
38 17
33 17
27 39
30 32
21 28
22 44
31 16
39 21
20 15
41 25
37 24
42 35
15 44
22 17
33 20
32 39
33 38
32 31
30 15
21 44
24 35
15 19
36 40
36 37
20 22
18 31
44 28
39 31
40 31
31 21
41 16
22 25
14 20
38 44
28 29
36 16
42 24
18 20
16 19
39 37
31 37
33 25
26 44
27 19
22 36
14 43
19 18
43 24
19 25
21 22
14 42
26 33
33 21
41 41
43 21
26 19
21 21
25 40
14 36
33 15
33 40
26 17
40 38
37 30
40 29
39 16
37 40
38 43
31 19
44 34
26 25
35 25
36 34
25 26
16 18
29 37
38 16
37 34
30 40
36 30
30 39
40 20
33 29
33 31
43 39
32 17
37 31
17 16
24 23
28 28
35 35
41 15
23 40
36 36
35 42
44 25
24 26
39 18
29 15
31 42
43 43
15 29
35 23
24 28
28 23
24 31
23 15
22 31
20 29
17 35
39 24
27 34
28 41
25 24
35 17
16 23
26 43
17 42
42 19
39 25
31 43
19 15
21 31
36 24
25 34
14 25
37 23
40 36
29 31
32 34
43 35
38 36
34 36
31 14
23 31
31 29
31 18
32 15
28 37
17 28
42 28
21 34
43 34
36 27
14 31
21 29
20 32
36 31
32 30
25 15
39 19
34 15
44 21
16 14
16 20
16 21
24 17
17 22
29 22
44 22
42 17
32 18
14 24
35 14
26 42
21 33
34 35
33 18
40 40
16 28
42 40
16 38
25 29
28 14
40 15
36 22
18 36
40 18
18 28
15 35
27 26
17 36
22 27
41 18
32 41
23 20
26 32
14 19
30 29
39 34
32 29
14 29
