59 88
20 19
25 32
19 38
37 27
25 18
15 19
21 42
40 23
28 27
23 21
43 43
36 43
24 42
33 39
41 20
30 23
17 44
42 36
32 42
19 28
19 35
21 40
38 27
27 22
30 32
42 27
24 23
19 30
22 31
38 24
38 19
16 28
28 19
36 26
34 42
17 21
39 25
40 41
18 44
19 26
39 20
25 38
15 44
28 29
44 28
30 44
35 38
19 25
39 37
26 35
33 25
39 43
32 24
28 16
31 25
40 21
16 23
32 21
36 36
33 35
27 30
44 18
36 25
22 40
43 28
32 39
23 17
29 33
20 43
29 26
36 31
16 42
40 42
27 37
35 34
29 14
35 14
30 22
22 17
15 25
36 33
31 16
43 32
30 31
30 15
44 22
20 17
20 34
