39 124
21 19
24 26
10 21
27 22
16 18
17 16
25 10
18 21
22 22
19 17
15 11
9 26
26 17
13 13
12 19
24 23
20 10
25 18
24 18
18 25
9 12
18 13
19 14
28 18
18 24
14 18
28 26
15 12
28 27
13 17
21 23
26 11
29 26
19 23
26 24
14 11
10 16
12 18
17 26
28 29
18 15
27 18
22 15
20 22
14 23
19 27
18 9
12 16
25 24
29 9
11 15
23 11
23 13
25 22
18 23
24 16
20 9
12 22
24 24
28 19
10 20
29 11
10 17
14 22
20 12
12 17
15 16
22 29
15 25
22 24
11 16
10 19
14 12
9 15
29 19
13 14
15 18
23 23
29 28
19 21
18 17
26 27
21 26
23 27
12 28
14 16
17 25
29 16
20 16
20 24
14 9
9 24
14 25
15 23
14 21
13 9
24 15
13 28
28 20
9 19
22 14
29 12
24 25
27 29
24 14
12 10
11 28
17 27
17 17
20 11
21 25
20 25
23 28
29 24
23 19
23 21
21 29
19 11
28 22
29 29
23 12
21 18
21 20
11 27
