41 118
14 20
15 10
13 15
10 13
23 20
25 18
17 29
11 20
10 23
24 25
10 16
10 18
20 28
12 28
29 17
16 12
27 28
30 21
13 11
16 16
13 23
15 11
17 16
15 13
24 15
24 11
11 30
11 29
30 19
29 13
23 25
17 20
18 30
30 12
12 24
12 22
12 21
22 14
13 28
27 18
30 16
19 30
16 17
27 16
13 10
19 10
26 18
17 18
16 29
21 12
13 12
20 24
25 10
22 17
16 26
23 12
21 23
15 14
10 28
18 24
29 11
11 27
12 10
27 19
29 20
12 11
15 25
26 12
30 10
29 12
20 13
14 15
22 23
27 24
16 11
26 16
11 19
25 17
11 15
11 28
25 12
30 28
22 12
30 15
15 16
10 20
13 25
10 26
27 30
21 20
10 27
13 17
12 23
18 15
25 11
12 30
30 25
30 23
20 20
23 17
17 24
28 13
15 27
17 12
23 15
23 30
10 15
21 17
11 21
26 13
29 25
11 22
22 10
14 19
17 27
25 21
21 16
26 22
