53 104
29 14
36 25
16 34
14 20
34 29
38 37
31 38
37 28
18 32
23 39
30 32
39 31
32 13
25 25
31 23
29 20
19 34
20 13
19 17
15 37
38 25
19 23
23 27
13 33
19 39
14 17
28 15
23 17
21 17
27 38
24 26
34 24
29 21
24 34
30 19
23 18
26 28
13 22
26 16
32 35
21 38
32 20
22 32
36 19
29 15
16 29
36 38
35 35
18 38
22 34
14 31
25 29
14 22
15 24
23 25
38 35
35 36
39 20
34 23
23 35
17 17
25 21
17 33
19 16
24 16
38 19
38 23
27 29
17 24
35 33
31 32
31 30
33 34
14 18
14 28
32 27
25 13
24 24
29 16
26 22
37 35
23 20
35 25
16 28
31 16
39 14
31 36
34 15
39 18
34 25
19 24
31 27
36 33
19 37
33 13
22 25
18 23
20 26
35 13
26 25
26 29
24 13
27 16
25 33
