49 127
21 22
35 34
19 15
34 20
34 32
20 29
15 21
12 36
19 18
34 24
14 30
32 13
28 36
18 25
15 17
36 25
36 34
24 13
17 14
16 21
33 26
19 24
20 21
13 18
20 23
30 22
16 15
26 24
28 17
33 28
26 31
31 22
15 22
33 25
27 32
27 27
12 12
24 16
15 14
14 22
14 14
25 12
16 20
21 28
13 19
17 17
16 29
17 36
35 32
36 20
36 30
16 33
12 29
26 34
31 30
27 35
13 31
24 21
24 26
22 14
35 27
29 20
32 32
13 24
36 12
14 24
21 30
18 18
18 20
21 21
24 27
33 13
35 17
29 12
30 24
24 19
31 13
19 13
21 16
12 31
25 16
15 23
13 34
20 27
32 30
30 27
20 16
17 13
30 15
16 19
25 36
19 32
26 14
28 25
23 32
13 32
25 27
12 35
23 14
31 25
32 27
24 36
27 12
33 15
34 17
31 32
34 28
30 36
31 33
34 22
21 33
29 25
23 22
33 22
33 27
30 18
19 23
33 34
26 15
23 35
21 14
21 34
33 16
30 12
15 28
20 19
12 30
