61 119
39 20
32 20
34 32
23 21
23 17
28 31
41 37
20 36
19 45
42 38
36 28
30 18
18 19
23 38
43 38
24 29
38 41
24 25
41 20
20 23
26 15
39 32
40 27
25 44
40 39
41 44
26 20
31 18
25 33
45 38
20 22
38 30
33 41
21 42
32 38
15 36
15 16
16 23
40 24
32 24
24 31
17 33
42 28
21 25
33 23
41 18
32 27
23 26
26 36
16 20
24 21
36 41
31 43
35 20
35 45
41 28
40 19
34 34
45 21
22 26
24 17
40 38
24 34
15 23
19 32
22 22
29 45
41 25
43 22
26 30
28 25
40 44
40 35
36 45
27 45
45 34
45 26
33 26
34 24
42 18
26 40
26 23
41 41
22 15
21 45
28 45
34 16
16 44
39 15
17 39
24 23
32 25
29 31
33 32
25 24
35 38
20 43
42 40
36 22
18 41
18 30
44 32
21 43
27 21
25 16
29 38
32 42
16 37
41 43
44 28
17 15
23 16
43 41
17 28
39 16
41 36
19 20
41 38
29 29
