41 102
26 26
21 30
10 18
16 22
21 14
12 23
22 21
27 17
22 16
24 21
25 20
15 16
23 11
28 14
26 18
12 29
29 13
26 22
25 18
10 26
13 28
16 24
26 21
17 19
10 15
13 27
25 12
10 25
27 26
14 29
16 26
19 14
25 17
11 18
21 21
28 11
16 23
22 18
23 20
22 27
14 22
18 24
17 30
19 26
22 10
29 30
16 14
30 12
24 23
12 16
26 16
22 25
21 12
24 25
20 22
26 25
20 20
15 25
26 10
12 28
15 28
30 11
22 17
20 21
24 30
25 30
17 11
23 21
15 11
25 24
17 12
15 14
26 14
13 13
25 13
12 17
14 20
23 10
18 22
27 13
18 19
28 29
20 14
28 26
23 19
16 13
20 24
22 30
15 17
18 21
30 14
16 29
29 22
17 18
20 27
24 10
26 30
13 16
29 25
20 16
29 21
24 14
