59 245
15 34
43 29
32 22
21 28
16 25
35 27
30 27
43 38
30 40
15 14
31 34
23 33
22 14
28 37
22 16
26 32
44 26
43 25
29 27
23 27
28 28
27 34
34 42
35 29
19 30
16 44
36 15
16 34
35 32
26 43
29 31
41 39
29 37
41 24
37 30
43 36
20 41
28 38
22 43
24 42
35 41
33 14
33 35
26 42
39 44
23 20
44 35
27 25
25 23
38 25
36 41
42 23
31 37
30 32
31 35
26 30
30 16
40 44
28 33
19 35
44 28
21 15
36 32
35 19
38 17
29 24
20 43
20 21
24 19
28 22
44 33
24 44
23 17
32 41
42 16
20 19
42 25
23 23
42 26
34 21
14 18
18 42
22 22
27 31
21 16
31 14
34 37
39 33
44 23
25 22
17 34
15 20
39 35
43 39
17 24
35 15
27 38
40 39
18 40
32 23
44 19
37 31
26 23
26 33
42 37
42 33
14 27
39 34
15 41
44 22
36 24
25 41
38 39
37 17
39 38
40 17
22 34
36 21
22 23
22 37
44 36
32 33
14 36
22 41
23 42
29 38
39 15
41 20
30 41
28 24
21 33
26 29
41 38
14 14
30 23
34 39
22 38
41 28
40 42
35 21
18 28
17 23
20 33
44 40
44 41
42 18
39 20
18 29
14 16
33 37
34 40
16 23
16 33
40 31
33 21
17 27
21 27
28 35
27 40
31 17
44 25
27 23
33 19
23 19
36 22
26 19
15 22
34 26
17 20
35 35
32 18
35 23
15 25
25 28
19 19
36 14
42 39
38 19
19 39
43 18
39 37
21 21
32 36
42 32
41 27
22 15
27 27
36 42
26 41
38 32
36 20
17 15
19 16
39 42
17 41
39 41
26 39
35 42
28 43
21 40
21 36
43 44
24 28
44 38
36 40
21 29
36 43
17 42
41 40
26 38
24 14
31 24
43 30
32 34
30 25
27 42
34 28
15 17
17 43
15 26
28 41
27 17
36 36
32 29
18 37
35 28
23 16
21 41
27 30
40 25
35 24
24 23
44 15
20 39
39 40
37 21
34 23
27 15
25 35
20 32
41 14
33 24
33 40
34 16
42 40
