37 105
22 20
18 24
23 27
22 27
16 14
23 24
12 27
9 14
14 17
10 27
15 9
10 24
9 9
17 18
10 19
9 19
10 26
17 20
11 21
23 13
9 25
12 21
12 10
13 9
18 15
13 13
20 14
16 19
14 25
12 25
25 11
16 18
21 20
11 11
13 21
18 17
20 15
18 14
24 9
14 16
10 22
11 25
9 13
23 10
9 23
27 17
12 14
10 12
27 16
25 23
14 13
19 15
14 23
19 17
23 15
14 27
19 27
14 14
27 18
16 26
13 15
22 25
26 23
11 22
10 11
26 21
15 11
9 15
22 16
25 25
23 14
15 26
27 14
21 25
19 20
14 19
12 26
26 11
19 23
15 19
24 12
15 21
17 23
12 15
10 14
18 10
10 25
11 17
11 27
25 17
25 27
21 22
11 9
9 21
27 25
11 10
18 19
15 18
17 12
11 19
24 21
13 25
17 11
15 13
18 23
