55 199
41 24
35 35
20 18
27 14
37 29
17 17
40 13
22 21
31 21
37 17
21 37
30 23
38 33
40 30
31 35
16 16
29 31
25 35
22 23
16 23
41 27
31 33
25 17
34 14
14 41
22 41
25 28
27 16
38 17
33 41
13 14
24 33
14 14
38 26
16 18
20 29
29 27
23 31
33 27
33 35
22 31
20 23
13 28
28 14
27 13
23 17
27 34
27 28
29 24
23 26
30 14
26 13
29 18
41 36
40 23
32 33
34 27
34 29
20 24
26 26
23 23
22 22
26 38
33 33
33 16
39 34
41 28
30 34
19 26
36 24
19 24
31 22
29 40
28 27
31 18
23 33
19 41
17 13
27 32
19 16
39 20
19 27
38 37
24 35
38 27
34 21
30 36
23 19
15 26
27 33
25 22
24 20
19 21
33 26
25 36
15 20
14 26
40 36
35 20
31 30
18 27
21 26
36 14
18 31
24 25
17 36
33 38
35 38
30 41
36 30
24 16
16 40
40 32
28 40
31 15
39 40
19 19
35 30
26 31
41 23
41 14
16 27
37 26
19 23
16 21
17 19
37 20
16 34
30 29
18 14
38 24
21 14
38 34
14 31
41 25
36 13
15 23
41 39
20 41
41 15
35 17
24 27
41 35
39 22
16 20
35 16
34 15
32 41
30 25
19 40
32 30
28 23
36 35
34 19
29 25
15 18
17 33
28 18
29 22
37 35
21 41
41 17
27 23
33 19
17 24
38 36
31 34
26 39
33 20
16 30
38 15
39 21
27 18
41 33
40 31
23 28
17 29
37 28
36 34
23 36
35 24
18 16
14 36
17 38
37 36
13 20
18 36
41 16
27 36
30 27
25 21
29 13
18 41
18 40
15 15
28 38
24 34
37 13
16 31
