39 100
20 20
22 17
12 15
25 18
11 20
15 16
16 14
24 11
17 29
18 23
28 19
17 21
29 21
21 25
16 29
9 11
22 13
29 23
27 19
23 20
9 18
17 16
27 15
22 27
10 19
24 28
12 19
12 27
24 12
14 25
23 12
14 18
20 18
17 23
18 15
12 10
22 19
26 25
26 23
11 10
17 17
23 17
21 19
23 23
28 14
20 21
22 15
24 27
25 29
17 20
21 16
24 14
11 17
28 18
28 12
10 17
21 28
13 17
11 29
20 27
17 15
11 14
29 26
16 20
27 24
23 16
13 29
10 29
14 9
26 18
19 27
26 12
10 26
20 11
29 10
15 23
9 27
16 24
22 21
27 21
15 28
27 29
25 28
11 11
26 24
29 28
21 15
25 11
10 10
21 23
10 27
19 23
20 28
18 25
29 20
23 10
16 22
25 9
29 11
26 21
