45 130
21 28
23 14
30 12
14 20
30 21
33 30
12 24
32 23
12 23
30 20
19 12
13 20
22 21
28 28
18 24
16 25
16 17
15 16
17 17
31 27
14 31
25 32
22 20
14 15
13 14
23 22
25 17
22 32
13 13
18 27
16 21
18 15
17 15
15 33
33 31
33 27
22 12
12 25
28 21
27 27
29 32
25 29
13 27
20 24
19 18
15 32
21 22
32 17
33 18
19 30
23 26
18 12
17 13
11 21
22 16
27 29
18 32
18 20
24 17
18 33
28 11
30 25
28 26
22 13
29 19
23 33
31 32
13 15
21 33
20 32
19 17
16 30
23 23
29 28
12 11
16 33
14 18
24 11
17 14
24 31
30 17
30 32
12 20
16 29
30 18
21 19
23 19
23 31
22 30
17 24
30 26
11 29
33 15
19 19
32 22
15 24
25 23
27 26
26 15
24 32
31 20
32 29
23 11
28 12
33 22
21 16
33 12
16 15
31 12
17 32
25 16
27 13
20 29
19 32
28 15
11 22
24 21
12 32
13 31
15 26
33 17
31 14
16 23
26 23
22 11
11 31
24 16
13 32
12 17
18 21
