41 83
23 14
14 13
16 15
15 20
23 30
14 24
29 19
14 16
20 15
21 11
16 30
22 21
12 29
27 25
11 14
12 14
19 14
25 23
30 22
30 21
25 12
20 14
28 24
23 11
11 17
14 21
23 15
11 24
16 16
22 12
24 20
10 26
14 12
27 30
10 25
11 27
16 11
25 22
11 20
20 17
24 21
18 24
25 26
25 19
13 15
29 22
21 20
24 24
10 14
28 23
27 14
22 22
29 13
25 13
16 19
24 13
27 27
27 23
12 18
19 13
15 26
30 19
24 10
28 21
17 19
30 20
23 20
23 27
22 28
19 10
23 18
18 26
24 18
12 17
26 21
26 29
20 22
20 24
28 17
21 10
11 10
15 29
29 11
