49 103
30 33
13 19
15 29
32 22
18 25
33 27
33 22
13 32
17 29
34 35
32 17
32 13
31 16
28 12
26 35
30 29
34 19
30 35
29 18
25 23
34 29
21 32
27 30
28 30
18 24
18 28
12 35
35 15
13 24
22 19
23 22
26 19
25 19
14 20
26 16
27 15
36 23
21 31
24 12
27 33
30 28
35 24
15 36
15 17
12 30
19 16
24 29
35 34
21 20
29 36
19 25
25 32
36 32
33 15
32 19
26 14
22 28
28 18
28 13
15 15
27 21
12 23
16 12
20 28
30 23
34 34
20 34
16 34
22 25
16 26
32 29
17 28
23 21
17 27
35 26
24 26
13 27
19 15
21 29
13 31
19 33
29 35
18 30
33 34
21 36
36 36
12 36
15 20
26 13
29 33
32 18
16 19
12 18
14 32
12 24
14 33
22 33
31 14
16 22
17 25
22 31
27 23
31 25
