43 102
14 32
10 17
24 14
19 21
23 10
27 12
31 31
17 18
29 31
18 16
13 15
20 24
14 12
32 12
16 24
29 24
16 27
22 16
22 15
15 28
28 22
30 24
30 21
14 23
32 18
29 15
19 22
24 30
24 12
28 16
12 29
25 10
21 22
19 12
17 17
17 24
13 18
16 11
22 28
16 17
30 26
11 10
26 32
32 17
25 11
26 18
30 18
30 32
24 29
26 24
13 27
25 28
23 16
17 29
15 20
25 14
29 30
27 19
31 26
11 14
17 11
10 20
20 10
24 18
29 25
24 31
12 22
26 14
20 12
23 20
20 26
24 10
26 13
10 28
29 26
22 22
21 16
32 15
31 20
10 31
30 23
26 10
16 30
28 13
30 20
21 24
27 30
24 26
18 11
19 30
21 29
18 32
22 11
29 17
30 13
18 28
12 32
21 32
28 17
24 15
29 32
25 30
