55 123
28 30
22 18
21 27
29 14
26 34
35 40
18 13
15 24
37 38
14 31
16 22
19 15
19 30
26 22
19 32
13 29
28 39
34 16
21 13
30 14
25 20
40 39
23 19
17 20
39 24
14 13
20 21
24 26
13 25
28 13
21 39
19 38
24 35
19 28
41 41
32 27
25 22
27 38
39 36
37 37
27 21
23 26
36 40
39 26
13 27
41 13
39 25
30 41
29 34
15 18
16 17
40 24
23 32
36 34
25 39
15 13
14 39
31 30
13 14
18 31
22 15
23 17
23 39
37 24
24 21
27 19
24 37
18 15
33 24
25 17
17 33
29 38
39 34
28 25
19 22
31 23
32 18
27 26
22 19
41 19
29 17
21 23
37 34
27 29
21 15
17 38
40 29
31 37
28 40
40 30
18 21
25 31
36 28
24 32
28 22
41 15
35 25
35 38
24 23
39 33
30 29
34 13
26 26
21 35
20 13
36 13
26 21
31 27
16 35
14 37
35 17
22 32
28 36
25 27
18 14
33 16
30 16
22 23
29 41
18 29
40 41
28 28
17 39
