61 171
27 40
25 27
38 25
18 29
40 18
31 21
21 32
42 21
29 44
25 39
26 32
45 31
31 42
23 30
19 25
32 30
30 32
29 33
33 40
41 45
40 27
27 25
24 28
28 18
17 36
27 31
23 33
42 27
40 16
30 38
45 18
36 31
16 41
23 38
15 27
16 45
38 16
32 27
39 32
15 45
41 26
31 15
45 28
27 41
22 19
18 43
27 23
17 40
36 16
21 21
18 24
44 24
19 34
26 23
41 20
36 33
27 29
28 41
27 34
19 21
33 27
28 30
26 37
20 44
34 21
44 19
36 37
39 42
36 34
16 43
32 38
39 22
35 40
20 38
39 21
33 21
33 16
30 33
24 37
16 30
21 24
15 33
28 29
35 29
29 30
30 29
34 32
35 24
45 42
15 36
26 29
16 16
36 41
24 31
30 18
40 37
40 22
23 18
31 26
35 41
27 43
27 35
23 25
25 18
37 38
28 34
32 16
28 22
31 29
22 21
38 35
22 31
18 42
29 28
27 18
15 44
23 43
16 27
38 40
16 37
28 40
26 40
21 38
17 30
34 24
15 30
26 18
30 30
19 44
19 29
16 36
45 39
42 30
43 19
24 17
24 16
32 17
35 17
22 26
28 38
19 15
36 38
25 15
32 45
22 32
26 25
25 31
32 24
41 33
19 37
17 24
29 22
43 42
22 39
18 20
43 26
17 15
36 29
18 31
44 40
39 29
15 17
38 28
28 21
43 33
30 26
23 26
36 36
32 19
16 34
32 40
