51 168
21 33
35 21
38 18
15 18
34 28
26 26
15 28
19 19
37 24
13 19
25 17
37 12
18 32
33 26
30 21
36 22
21 24
25 28
12 26
19 37
12 16
38 15
14 19
13 31
36 19
23 33
36 33
31 29
15 20
38 34
17 31
32 21
28 34
21 19
28 18
27 37
36 31
33 20
23 24
22 26
17 23
12 27
29 30
33 12
13 28
25 24
18 36
24 27
12 36
32 12
17 18
29 17
29 14
28 33
31 31
23 30
29 20
23 29
17 12
13 37
16 35
15 24
32 20
23 25
22 15
14 15
25 31
28 29
14 13
36 16
36 27
21 22
17 21
30 19
38 31
34 23
26 32
21 37
25 14
37 15
18 19
13 15
31 26
15 14
22 23
29 32
24 35
20 16
38 36
34 25
31 27
35 37
32 26
35 28
19 16
27 25
31 15
13 20
35 34
26 20
33 21
16 23
12 23
22 18
20 36
23 27
13 14
21 31
16 34
29 29
13 38
32 37
34 20
34 34
20 24
17 28
13 26
36 17
19 38
32 34
37 29
25 13
35 23
30 12
15 22
28 13
24 12
20 27
22 38
16 32
33 24
27 34
38 37
22 14
15 38
13 12
16 19
19 31
15 16
13 33
24 32
25 21
16 17
19 32
36 18
16 31
36 37
14 38
37 31
34 14
27 16
35 25
32 18
29 16
19 23
37 17
31 36
16 37
12 21
26 14
30 22
13 29
30 38
14 32
26 18
24 16
25 36
35 36
