45 155
22 26
31 31
27 26
25 33
12 23
29 29
23 13
19 12
22 15
27 23
19 24
32 25
14 17
28 27
17 18
22 33
19 17
31 25
14 19
17 21
11 29
30 17
21 13
20 18
26 23
16 30
14 18
19 13
32 28
25 24
29 26
28 20
16 22
18 28
19 19
17 15
29 21
24 14
21 11
29 33
14 24
28 24
20 29
20 19
18 23
11 23
26 21
24 15
24 16
28 12
25 26
15 12
18 11
14 11
28 17
22 16
13 12
26 12
27 17
19 15
21 19
12 13
31 20
18 26
19 33
14 32
25 16
29 30
14 29
18 13
28 32
12 27
15 17
19 20
16 14
11 28
11 13
25 14
25 23
19 30
26 17
14 25
20 23
31 17
15 31
31 24
22 22
23 12
23 29
28 13
11 20
26 18
18 16
26 22
15 32
15 19
23 30
33 12
14 14
18 33
25 31
33 28
11 31
29 18
32 24
13 20
15 29
28 30
22 13
23 21
17 31
20 16
32 15
25 20
30 26
23 24
13 24
32 16
29 31
32 17
21 21
12 29
24 31
16 25
32 18
26 27
31 15
18 19
33 21
33 14
33 13
13 25
18 14
30 23
19 23
28 25
26 20
25 15
26 24
29 17
33 11
31 29
33 22
31 12
13 23
16 23
17 20
29 23
11 14
17 30
29 16
12 17
30 31
30 27
15 23
