55 238
18 24
37 27
25 14
24 41
18 21
18 15
15 32
30 37
40 24
41 17
22 16
19 17
35 25
34 37
41 24
28 21
17 34
37 28
22 37
18 37
37 36
30 28
30 38
19 22
34 13
36 22
21 32
16 35
31 28
36 21
18 36
40 35
31 32
32 27
33 18
23 39
24 15
33 31
16 27
26 22
28 28
15 16
27 19
40 21
41 13
13 40
22 23
34 20
28 27
14 32
20 40
38 13
20 29
32 37
13 35
33 36
37 39
39 29
27 13
23 31
28 16
27 21
31 15
14 38
27 36
33 23
40 15
19 37
22 34
22 22
35 16
33 28
26 37
29 15
14 40
41 16
19 23
28 23
28 20
35 17
21 29
36 36
32 34
13 23
13 21
26 33
32 23
22 35
32 25
41 41
28 30
24 14
41 22
27 23
16 26
18 30
29 39
14 25
31 40
17 32
17 28
36 40
15 15
25 13
38 18
18 39
14 22
14 34
30 13
39 21
23 23
17 21
37 34
13 19
31 30
40 30
37 32
28 40
41 34
24 30
39 14
28 39
39 35
20 21
14 20
21 17
39 39
35 34
31 16
33 22
23 13
17 15
40 16
29 37
14 29
36 31
26 27
20 22
35 30
39 41
22 39
40 26
14 30
19 15
24 26
13 20
14 31
31 41
35 41
31 37
30 19
17 18
20 23
23 38
21 18
34 34
32 28
38 35
28 26
19 38
18 17
22 13
34 41
16 33
17 25
30 29
30 15
13 17
36 19
16 21
41 37
32 24
35 26
28 35
31 33
30 40
41 25
32 38
30 27
16 41
15 31
34 29
27 14
14 41
36 18
14 14
20 26
17 22
16 19
15 34
24 17
25 40
21 39
25 24
16 23
32 36
40 29
36 27
41 29
15 13
26 41
21 41
26 19
31 26
14 36
22 20
26 36
13 39
31 27
26 38
22 32
39 18
16 15
38 36
14 27
29 34
13 22
39 15
32 13
15 28
29 23
41 40
31 13
21 40
38 21
19 31
27 27
18 23
15 39
22 41
20 38
17 40
17 31
21 23
15 17
15 30
40 18
38 30
