61 197
44 17
34 31
25 31
19 25
16 42
37 35
27 39
24 29
45 27
16 36
24 35
15 45
19 44
32 32
17 41
33 44
31 28
29 20
17 19
25 33
42 36
36 29
31 31
34 24
39 23
42 32
37 16
41 32
28 20
20 21
28 29
31 29
17 24
20 34
39 38
26 30
27 36
31 16
25 37
44 24
37 41
20 18
31 38
32 35
44 31
39 35
41 21
23 28
38 32
25 16
35 24
36 22
25 41
36 42
15 16
41 22
15 29
28 35
29 28
43 20
19 42
21 26
19 16
15 28
25 30
19 24
18 38
23 43
19 28
31 22
20 25
35 34
37 44
38 17
42 41
24 30
36 20
32 44
33 31
34 28
37 43
30 41
33 18
43 38
36 31
30 21
21 45
40 43
44 20
37 36
33 30
39 15
31 32
17 18
34 38
28 23
30 44
28 37
37 40
43 30
40 36
21 40
25 23
27 29
41 29
26 45
32 36
45 44
33 42
45 20
32 45
30 31
33 29
45 16
44 45
21 42
45 24
28 24
23 18
40 45
16 40
18 21
32 24
26 27
37 19
24 15
31 26
33 25
41 36
44 16
23 32
22 32
20 35
22 45
16 15
31 40
19 17
20 39
31 45
38 20
35 36
16 35
42 27
37 25
30 38
39 27
41 37
27 23
20 19
35 43
41 31
33 23
15 24
15 22
36 16
16 37
28 25
18 17
21 18
30 30
41 23
15 27
37 28
45 45
31 41
45 38
29 22
26 25
23 45
27 18
45 43
22 39
44 40
29 25
27 28
26 31
17 28
15 42
23 26
37 37
34 25
42 20
38 15
26 36
39 24
35 40
34 15
25 44
25 19
22 37
43 39
35 25
42 15
27 32
17 44
37 39
45 35
