59 132
21 21
19 35
41 33
32 43
31 32
34 36
38 18
23 17
27 14
27 28
32 32
38 19
28 20
35 24
25 30
26 40
40 42
17 38
39 37
29 29
39 40
29 14
36 35
14 16
33 24
26 44
22 16
40 28
34 16
41 15
27 43
40 21
32 36
15 30
40 19
44 29
28 23
17 39
39 32
42 37
30 15
22 28
38 33
16 16
32 22
32 25
39 42
37 39
43 37
34 42
44 19
18 23
23 22
36 17
24 29
27 41
27 19
18 22
44 18
18 16
21 39
26 28
25 28
14 23
44 44
18 32
19 36
44 21
29 30
30 38
44 27
39 23
39 34
17 22
30 34
28 39
15 36
22 22
30 20
29 37
27 16
44 38
30 26
20 41
26 39
38 40
38 16
24 28
37 32
15 22
41 30
24 20
38 31
27 42
38 26
32 39
31 21
30 44
41 35
35 44
28 18
17 35
27 24
32 35
27 15
36 36
37 24
31 14
28 38
17 25
25 43
29 40
19 16
31 30
26 21
41 14
33 27
29 38
27 44
25 22
36 21
42 16
32 33
43 39
33 18
42 35
36 20
34 19
36 22
38 39
15 19
23 26
