37 113
17 12
18 12
21 25
12 17
26 21
20 15
14 11
24 24
17 24
23 11
19 20
15 22
23 13
20 21
23 25
12 19
26 24
9 21
21 12
17 23
20 9
20 25
25 9
21 13
23 18
23 17
21 24
27 20
13 20
15 13
25 27
22 13
18 19
15 15
16 23
14 21
20 12
26 20
21 9
9 13
14 27
12 9
19 19
21 21
19 10
11 24
13 26
23 15
21 11
15 12
19 11
16 27
18 20
26 27
20 16
21 22
19 16
27 14
10 21
18 21
24 27
16 10
15 26
23 12
11 17
9 26
24 15
17 16
24 10
11 9
17 19
27 15
23 24
22 14
11 16
9 17
27 25
27 23
25 23
15 11
26 17
11 27
23 9
11 14
12 20
15 16
18 23
22 17
25 19
13 10
12 24
13 19
10 18
24 12
19 13
11 15
20 24
26 10
21 16
25 25
14 20
12 27
27 26
10 12
23 14
17 22
22 16
21 26
11 11
15 9
27 9
12 26
9 12
