59 117
42 44
41 32
16 37
40 27
41 34
31 21
38 40
14 14
26 20
18 18
44 43
44 36
35 34
23 27
23 34
35 41
24 39
36 31
32 34
30 30
31 43
29 31
20 28
21 19
16 35
16 27
28 22
42 30
27 27
34 36
20 32
24 21
40 20
34 29
24 16
44 18
41 27
40 21
23 18
35 18
43 16
43 19
31 33
22 35
38 29
22 27
40 29
44 39
16 21
29 42
19 44
28 30
20 38
20 14
32 30
29 39
38 15
17 17
43 33
27 44
38 27
26 17
18 41
21 20
39 17
44 22
22 34
40 32
30 19
22 28
15 40
32 24
16 15
17 37
21 37
26 37
17 36
24 40
22 41
26 25
35 21
39 28
19 26
17 41
35 24
15 30
24 14
40 19
40 16
43 25
23 35
16 17
14 27
18 17
26 31
25 16
38 28
24 31
27 36
25 42
27 17
38 43
18 23
33 19
18 34
28 14
27 23
18 19
19 21
38 37
26 22
31 31
20 37
29 24
19 22
17 31
33 25
