53 132
34 27
25 33
28 24
21 39
35 24
24 14
13 30
35 35
29 39
38 36
17 30
14 25
31 30
22 34
29 26
18 19
33 20
27 26
17 35
30 19
38 24
38 13
21 29
35 28
33 37
23 37
39 31
17 31
16 32
13 21
34 32
31 27
31 29
18 31
36 17
14 23
37 37
27 25
26 30
16 22
18 14
21 15
17 14
32 38
34 25
22 37
25 26
18 38
16 26
32 18
23 27
32 25
25 16
28 15
18 29
21 36
13 18
34 35
31 16
36 18
22 26
13 17
21 23
14 30
39 29
39 32
39 13
38 33
33 35
36 21
26 37
15 29
13 14
24 19
37 16
32 30
36 32
35 36
27 15
22 20
19 25
16 37
23 15
26 24
23 25
35 17
26 34
31 24
17 33
18 20
32 13
14 27
38 19
23 19
39 37
14 21
27 39
20 15
17 23
29 38
33 18
17 28
19 24
16 28
35 31
32 14
31 15
28 21
26 26
18 30
20 38
21 19
30 24
22 36
22 29
18 35
24 17
20 34
15 34
37 25
38 20
34 20
21 32
34 24
16 35
13 22
16 34
25 23
19 16
16 33
38 14
37 26
