51 163
33 28
22 18
28 17
17 15
31 22
17 24
38 30
14 22
35 28
24 19
19 24
33 13
12 27
16 17
22 33
17 28
19 19
23 31
23 18
31 28
20 37
37 28
18 26
26 24
16 16
22 38
17 35
32 34
37 13
37 17
28 23
31 23
37 21
20 25
15 33
31 17
13 34
29 28
17 26
19 13
28 12
26 30
27 24
19 21
14 31
27 33
23 33
23 17
25 13
37 14
21 18
36 16
16 35
17 20
13 19
16 30
28 15
13 33
26 13
28 32
37 15
24 18
38 13
26 23
23 29
31 27
37 27
20 31
23 21
17 32
14 30
18 14
30 28
24 28
32 33
18 28
15 38
22 17
24 21
33 16
29 32
38 14
17 12
18 31
23 36
20 15
20 23
29 37
17 16
36 29
32 24
22 20
14 24
28 36
22 21
21 25
28 34
36 21
15 16
31 25
29 21
28 29
30 31
32 37
19 37
13 35
29 17
21 21
17 17
25 36
12 18
31 24
29 29
18 37
27 18
32 28
31 34
30 33
27 35
17 13
30 17
36 31
30 16
12 35
13 31
30 36
22 24
23 20
38 23
28 20
33 20
36 27
36 17
20 22
33 29
31 35
13 22
13 29
27 13
12 34
32 36
14 38
22 31
14 29
25 20
14 35
21 32
32 19
16 24
30 14
31 29
34 22
24 22
24 23
26 18
16 14
26 32
21 28
38 32
29 34
15 30
35 38
37 16
