47 101
31 30
11 11
29 24
29 19
31 24
29 20
30 21
12 18
18 34
28 18
29 32
35 21
20 33
20 24
13 11
26 30
14 32
17 14
11 26
13 31
15 12
25 12
23 26
16 33
21 35
31 32
27 35
34 16
19 26
17 12
19 34
31 14
35 34
15 26
26 14
28 20
12 29
23 21
17 29
32 11
12 34
11 12
32 29
21 31
22 23
32 21
32 28
26 17
25 30
15 34
25 23
20 25
29 12
30 20
28 29
22 25
19 32
17 15
16 14
29 23
16 31
33 23
29 18
15 29
31 20
13 15
24 25
22 32
24 24
12 12
15 35
19 22
29 26
32 16
13 27
23 20
22 24
27 22
28 21
32 30
33 29
35 24
30 19
23 17
14 17
33 21
28 35
11 30
27 34
31 16
14 27
32 13
11 33
35 19
33 13
28 22
25 20
13 28
17 32
13 35
11 28
