51 171
33 21
24 22
14 19
19 29
21 37
36 37
16 16
17 32
12 20
34 34
18 37
14 37
30 19
28 37
23 36
36 29
18 38
35 35
25 20
22 30
22 19
19 32
30 31
27 16
33 22
17 24
16 27
31 23
19 33
21 24
15 20
29 31
12 25
30 28
14 15
24 32
19 34
14 29
28 21
19 25
14 35
37 13
29 12
36 25
13 20
36 18
29 18
16 28
30 25
36 20
23 32
13 38
31 37
18 16
13 15
28 31
23 30
33 35
25 15
18 36
17 13
18 18
23 23
27 29
12 37
19 16
15 14
22 32
22 37
34 27
28 20
17 30
23 25
23 37
37 17
24 29
12 27
19 14
12 38
37 12
19 23
34 26
20 13
14 26
16 34
38 19
21 18
30 27
28 24
28 32
27 23
28 38
33 16
34 13
26 38
25 13
30 14
12 16
15 25
28 27
36 32
22 16
16 33
32 12
25 21
32 34
13 25
25 19
23 19
17 23
29 34
16 37
25 32
12 35
15 28
14 25
29 32
35 18
35 17
38 36
32 36
22 35
18 30
15 32
34 38
33 23
38 17
37 35
28 35
21 16
25 27
36 31
33 37
34 20
35 24
31 26
29 36
31 32
21 19
19 22
18 22
22 12
20 16
35 22
13 37
20 32
29 25
37 18
18 34
26 20
29 23
14 31
34 12
19 35
14 36
37 29
16 20
27 17
38 35
19 19
38 14
32 32
12 30
38 25
26 13
13 26
35 36
29 26
32 23
30 35
15 16
