57 205
31 15
31 33
18 31
20 33
32 23
22 37
33 25
16 38
16 28
17 30
35 21
33 33
38 28
37 32
34 25
16 37
30 42
40 33
23 41
26 21
40 14
39 24
36 16
31 39
37 29
26 30
42 14
34 15
35 28
23 25
38 34
14 23
38 39
27 32
39 29
24 21
42 27
23 38
19 33
27 29
41 33
23 32
28 14
17 34
18 24
38 14
31 22
18 41
32 33
18 38
41 18
26 38
37 28
30 27
18 17
19 17
36 18
33 23
34 32
39 41
17 17
42 37
19 39
38 26
17 40
35 19
26 37
30 28
32 40
28 34
35 34
20 35
29 35
21 31
27 33
35 23
33 26
18 27
41 35
42 22
33 37
30 15
28 31
17 41
36 24
17 21
31 31
19 19
25 27
29 36
28 37
24 27
36 29
14 14
30 40
23 23
35 22
23 39
41 41
32 18
23 42
41 30
26 42
31 18
34 28
40 16
42 17
42 31
20 16
29 37
31 30
23 24
36 20
15 16
33 39
15 21
29 33
42 34
41 15
14 25
27 39
37 21
34 24
28 19
22 36
14 31
21 28
26 23
21 22
33 35
36 38
40 23
26 28
25 39
36 30
38 24
31 26
16 20
23 29
33 17
24 15
20 22
40 27
23 20
22 26
31 35
20 24
38 21
41 19
24 41
25 29
33 31
25 25
20 42
39 25
37 17
33 28
21 36
28 42
14 34
16 34
17 15
28 33
32 24
23 33
33 16
16 29
21 24
35 20
28 39
31 42
31 40
17 22
30 19
41 26
15 22
19 41
39 30
36 32
27 30
24 42
22 35
14 20
14 24
19 32
28 36
32 38
19 24
34 41
34 14
30 18
28 32
37 16
23 31
22 19
16 42
16 18
30 16
28 20
24 31
16 40
28 26
39 23
23 26
25 21
