57 242
16 21
15 16
38 21
25 24
15 37
28 37
38 35
18 26
23 28
23 14
31 23
17 16
31 42
31 28
25 26
31 36
26 26
24 16
32 34
29 23
34 27
28 42
41 28
40 30
16 26
38 41
27 16
17 22
32 14
30 29
33 28
40 42
33 22
31 38
23 41
40 38
33 35
42 34
34 33
37 17
27 18
23 20
26 42
22 31
26 14
41 32
27 37
26 31
25 30
27 38
17 19
35 23
20 20
38 42
23 21
18 38
32 27
34 28
22 41
15 17
29 33
18 22
25 33
37 16
36 32
22 22
39 35
39 40
26 32
34 37
33 32
18 36
21 41
15 32
14 18
30 27
21 35
40 27
37 35
30 30
24 21
41 19
23 19
41 18
14 25
40 34
23 15
38 20
42 14
38 14
30 15
42 37
29 28
38 36
29 41
39 14
32 15
24 17
36 41
15 23
27 31
14 27
37 20
14 20
14 37
27 19
18 25
16 31
39 21
37 42
17 14
30 24
35 18
38 15
30 25
18 37
20 14
32 29
38 22
20 27
38 29
24 22
33 42
34 41
20 24
14 36
22 24
28 24
14 28
35 29
31 21
16 25
23 17
29 14
39 26
25 35
35 15
17 32
25 19
38 19
22 15
41 38
19 39
27 32
27 42
41 22
25 28
34 36
27 20
28 18
33 38
24 25
17 27
25 21
31 25
37 21
31 27
35 36
25 38
17 24
20 22
33 40
29 31
39 32
26 24
18 21
28 17
19 20
19 38
29 19
18 40
39 17
23 24
37 28
34 22
30 14
18 34
36 34
20 34
27 17
20 18
34 15
15 22
15 26
36 29
23 36
32 21
39 18
30 35
28 28
34 19
34 42
21 31
16 20
40 15
35 40
26 40
32 36
35 38
21 14
32 39
15 29
30 39
16 38
27 25
27 14
41 33
22 30
34 21
33 19
40 24
35 37
31 30
36 37
28 14
17 41
19 23
14 32
19 18
27 21
16 40
39 22
32 22
38 28
24 42
15 39
41 25
14 42
21 23
30 34
19 37
30 18
41 36
22 20
30 42
33 14
25 41
38 32
24 19
41 30
25 17
25 31
