57 89
17 27
28 15
42 32
37 25
19 22
30 25
34 19
23 14
32 39
20 28
18 29
36 17
35 34
39 14
38 42
22 28
42 19
19 30
35 21
15 39
19 26
41 35
16 33
32 36
15 37
20 30
25 22
14 29
27 39
22 21
35 17
22 33
21 15
42 41
15 31
18 31
33 31
23 17
25 35
42 18
36 16
21 40
41 23
36 14
17 16
23 22
39 34
20 27
22 20
16 30
21 22
29 29
31 23
40 34
42 38
33 14
40 32
18 35
31 19
40 19
40 39
17 23
18 18
24 29
31 40
30 19
36 26
33 33
21 18
25 37
42 26
37 30
40 30
29 31
20 37
34 33
18 27
15 14
35 26
14 14
20 32
19 17
38 41
17 33
20 35
19 36
28 33
23 38
22 27
