45 123
20 25
33 28
28 29
31 23
18 13
30 25
13 29
22 15
15 33
33 33
23 18
19 28
22 28
11 31
16 23
11 11
13 27
31 24
13 16
13 15
26 24
18 25
31 21
22 12
21 26
20 28
21 24
24 24
23 14
11 12
28 26
12 32
32 13
18 24
13 12
21 28
23 22
16 25
18 27
19 26
13 17
28 19
25 15
22 32
24 23
22 33
22 13
24 27
17 33
23 31
31 13
33 17
33 16
30 11
31 31
30 15
31 33
27 16
11 27
17 29
33 12
31 17
19 13
17 25
22 20
15 15
26 33
33 25
29 13
30 29
33 30
16 24
16 17
31 19
13 24
22 31
19 17
25 12
32 20
21 14
28 12
11 22
24 13
27 33
14 29
28 17
27 27
16 19
16 30
31 15
18 29
20 19
30 31
28 21
33 23
31 12
21 33
20 11
20 21
27 31
13 18
20 13
32 28
29 23
12 27
30 30
17 20
32 21
18 18
12 31
31 20
27 18
20 18
19 22
21 16
25 13
19 32
11 32
23 33
12 30
17 28
22 16
22 29
