39 102
14 11
13 11
16 17
13 20
17 10
20 12
22 20
27 25
29 26
17 9
19 10
17 28
13 22
24 29
29 19
9 25
9 26
17 19
17 11
12 18
22 22
27 26
19 9
25 13
21 19
15 25
17 21
24 18
22 11
11 16
9 15
22 26
14 27
28 23
22 23
13 14
28 10
20 11
19 24
15 10
18 19
10 23
21 18
19 17
23 26
21 11
27 12
10 11
20 27
12 19
24 24
11 13
24 25
21 22
18 18
27 29
20 15
23 23
24 23
12 15
16 11
12 29
14 26
9 29
26 29
29 17
27 13
11 9
17 25
29 23
28 12
11 23
28 16
18 14
24 14
13 21
28 13
25 27
13 27
29 13
9 16
19 23
18 25
26 24
15 17
18 26
20 17
24 19
16 15
28 20
16 13
11 14
18 12
29 9
13 18
25 25
21 21
15 20
21 28
26 28
26 12
25 20
