57 122
31 35
42 33
18 27
32 24
23 26
21 21
15 33
31 23
30 40
35 33
35 31
29 35
21 30
36 41
42 20
25 14
30 16
14 15
32 38
32 18
38 32
21 35
38 36
28 25
14 25
32 14
31 28
18 35
32 23
28 19
32 39
22 25
31 18
24 39
28 30
18 36
28 32
34 19
40 25
21 38
36 18
26 14
24 21
15 25
27 42
15 18
19 16
21 42
30 33
36 30
39 30
39 17
14 17
24 25
20 27
38 34
16 33
18 22
39 41
31 15
41 22
15 17
21 39
33 18
37 36
18 19
14 29
24 16
20 21
42 22
30 39
26 21
17 29
14 38
39 18
40 41
20 41
42 32
28 40
33 27
23 40
28 20
42 17
36 27
16 29
35 37
35 27
40 35
28 36
31 38
38 29
20 15
37 29
38 41
26 25
28 15
28 27
33 20
40 21
20 40
20 28
22 30
35 28
17 32
34 36
34 34
15 20
29 32
25 22
20 26
17 40
30 18
38 37
25 42
23 33
40 40
28 41
18 31
32 42
14 34
30 17
23 16
