57 148
21 28
32 17
37 20
33 32
20 35
32 41
37 40
34 21
17 19
29 40
39 33
20 16
16 25
17 21
42 42
32 25
31 42
24 26
35 34
36 37
41 18
37 16
19 20
25 28
41 16
42 15
34 38
17 14
21 37
37 33
38 32
31 39
19 33
29 14
42 27
18 15
41 41
28 31
38 18
36 17
21 17
33 21
40 29
34 15
26 17
38 38
20 24
39 38
40 37
40 27
32 42
14 28
42 29
41 25
25 26
39 31
31 22
26 40
19 31
25 35
34 34
32 28
30 30
36 38
36 23
33 37
19 18
20 33
41 17
29 29
19 34
23 36
15 22
14 33
22 25
42 28
23 42
17 31
38 39
24 32
21 19
26 31
32 18
30 42
18 17
26 33
14 17
17 23
15 40
31 21
33 29
32 22
36 22
38 14
29 17
40 40
33 27
38 31
15 28
40 14
16 16
28 23
39 34
20 18
35 42
35 36
32 23
18 24
38 19
29 23
16 15
26 18
25 38
24 42
30 15
29 41
28 16
39 35
21 15
19 40
35 29
15 33
40 16
17 29
36 26
32 40
34 40
17 41
17 18
17 36
37 39
15 14
28 27
31 33
31 26
26 38
36 41
17 27
29 25
27 34
22 14
37 24
41 24
39 19
41 37
19 14
33 25
19 39
