53 156
36 29
32 16
19 24
13 14
34 38
21 31
16 31
15 26
28 22
36 38
22 31
26 35
16 15
14 36
26 14
31 20
38 35
20 33
36 15
29 31
38 21
14 34
20 32
20 16
37 26
18 27
14 17
31 15
17 16
24 19
37 34
25 21
32 37
17 13
15 37
39 33
33 19
16 16
29 35
27 37
39 36
13 36
27 31
24 29
16 27
30 14
26 19
25 33
30 26
19 14
25 16
13 20
37 21
34 39
34 16
24 32
23 28
16 18
16 23
20 15
39 20
35 21
25 17
28 15
25 15
16 28
26 25
34 21
36 34
28 32
29 39
19 23
19 33
33 18
23 33
14 38
29 21
19 17
16 37
39 13
23 15
25 29
30 25
22 14
39 21
17 14
28 25
22 27
33 31
21 39
32 38
13 37
34 36
36 22
17 20
18 39
14 15
21 13
30 38
21 18
16 39
20 26
21 17
32 39
34 25
18 19
25 28
17 32
33 24
16 38
28 24
27 35
15 28
33 14
25 13
18 15
21 36
33 37
32 31
26 38
21 25
33 13
38 31
16 22
32 34
37 29
38 19
31 30
24 39
23 18
16 30
26 36
20 27
21 14
21 30
18 25
32 23
27 23
27 16
22 13
25 24
26 39
20 23
31 16
16 17
20 20
34 13
37 37
23 25
36 21
29 33
17 26
30 33
20 31
39 37
18 28
