59 133
43 42
16 18
32 14
20 27
19 41
16 42
39 31
29 29
44 34
16 40
36 28
32 32
17 24
35 38
14 36
32 41
26 27
16 38
20 41
15 16
26 30
40 38
20 43
15 15
25 24
20 37
14 42
44 28
34 24
17 40
17 17
17 26
38 36
30 44
43 20
40 44
31 15
44 41
25 21
31 25
18 30
36 14
25 44
39 20
43 26
15 43
41 29
30 24
37 15
35 29
18 25
38 22
29 21
33 14
31 26
28 34
16 25
43 44
38 44
40 37
22 24
16 15
42 43
15 41
34 23
34 31
41 16
32 28
27 30
29 44
41 42
40 42
39 43
16 34
25 43
14 35
23 15
40 41
27 37
14 20
15 24
18 22
40 26
23 38
37 35
26 29
14 33
39 24
25 26
31 28
17 22
27 39
30 39
43 36
15 25
41 17
37 32
22 26
32 43
32 20
15 29
38 25
43 28
39 15
21 38
24 15
43 27
41 33
16 32
27 24
37 24
19 19
18 20
34 37
22 30
32 21
29 41
16 41
20 23
26 19
26 37
39 39
17 39
23 35
23 20
30 41
41 18
23 30
33 26
37 16
30 22
26 35
37 37
