45 148
18 22
29 16
32 25
33 29
22 13
24 16
16 20
30 14
14 17
19 11
24 22
19 27
12 25
19 18
32 17
32 20
11 23
17 29
33 32
31 19
28 22
25 23
15 29
18 20
12 26
31 31
28 25
30 17
26 25
25 30
21 18
31 23
26 11
16 32
17 21
19 14
31 33
14 28
14 14
15 30
11 11
17 19
14 15
33 19
31 26
25 19
20 33
11 13
20 17
16 13
16 14
24 11
18 13
20 21
31 29
23 27
20 24
12 18
16 16
29 20
14 32
26 23
15 15
14 12
25 18
16 33
27 21
27 33
18 23
33 28
11 32
13 32
25 14
16 22
20 16
28 15
18 21
17 31
23 18
14 21
12 22
29 25
22 33
17 22
12 28
13 13
31 32
27 20
15 16
24 26
11 14
12 14
17 33
25 22
16 28
31 14
20 22
15 17
19 31
26 22
12 33
15 11
27 16
31 28
26 29
20 15
23 33
21 26
11 12
29 17
26 20
11 25
33 25
18 33
20 23
12 19
26 31
23 22
33 21
32 26
27 26
28 20
13 21
25 20
32 29
26 13
33 16
25 29
25 24
22 32
18 18
15 14
19 20
30 28
27 14
33 17
30 20
21 14
13 27
15 32
14 18
15 20
27 30
15 22
15 27
20 19
25 21
11 28
