49 128
19 19
32 14
29 29
16 25
30 32
13 13
22 29
27 16
19 35
25 18
26 15
26 35
23 22
19 21
34 24
28 19
25 26
14 34
21 26
14 29
28 24
31 20
31 23
35 13
33 24
29 16
32 34
16 27
14 19
17 26
29 36
23 24
16 36
35 12
23 23
33 19
12 23
36 21
22 31
28 35
17 13
24 23
14 35
23 32
31 28
19 36
23 12
30 15
35 35
13 22
14 33
30 21
19 33
24 26
20 34
30 34
18 31
15 18
24 28
14 30
33 23
31 13
15 15
36 36
15 20
35 27
13 27
18 27
20 12
25 13
21 33
31 36
17 20
19 14
21 30
32 21
24 33
19 28
24 31
23 17
13 15
34 33
23 20
12 20
27 34
31 12
29 21
23 18
30 28
20 21
29 12
21 14
19 12
31 25
19 25
28 18
31 14
29 31
26 20
16 23
33 31
19 20
32 17
35 36
34 12
36 22
18 25
22 22
31 24
24 18
15 35
12 13
17 33
25 15
12 21
13 32
27 17
12 34
25 33
26 26
16 19
15 29
13 24
32 29
33 33
23 26
18 12
17 18
