59 181
39 17
35 14
40 30
39 40
36 38
24 33
33 14
27 39
24 37
40 29
36 42
21 24
14 33
19 16
43 23
22 34
15 23
32 32
27 38
25 37
26 30
15 35
33 39
20 14
33 36
18 29
30 44
36 25
41 32
29 28
21 27
21 31
42 38
18 41
16 22
36 37
32 34
36 23
25 14
43 40
24 40
20 21
37 42
21 19
38 26
16 19
40 23
29 36
38 40
38 37
35 35
44 14
28 30
19 23
17 37
19 43
36 28
39 20
26 15
23 40
27 37
14 17
20 37
43 25
14 24
15 28
29 20
22 37
39 30
21 43
39 22
23 14
42 26
37 35
42 43
15 24
28 14
26 24
44 15
17 17
41 23
20 16
18 20
24 31
26 43
35 17
16 21
36 39
26 42
17 25
14 36
22 17
23 28
27 26
16 24
14 38
14 15
29 23
35 32
44 28
32 41
36 29
25 28
20 32
35 21
27 36
26 26
38 29
26 40
44 21
22 41
37 38
40 34
30 19
21 30
31 26
30 42
31 32
33 20
41 24
16 38
40 32
21 38
31 24
38 43
22 25
20 28
28 22
19 22
41 29
44 35
39 26
36 17
43 29
33 32
40 15
22 21
25 44
44 16
32 20
19 41
34 20
23 38
19 44
29 34
27 14
26 16
39 18
20 26
23 34
42 32
34 31
16 30
28 24
23 41
44 34
38 25
19 26
22 28
27 35
23 23
32 26
14 28
40 42
27 32
36 30
37 40
25 24
24 20
33 17
41 35
20 19
33 44
18 44
20 31
40 35
33 23
34 19
38 21
38 41
23 35
