43 123
10 29
22 13
20 17
25 19
14 21
19 31
14 15
18 32
11 10
10 31
19 17
26 11
17 22
16 18
23 30
20 10
23 27
30 28
11 27
29 29
23 25
16 24
28 22
22 21
17 18
15 23
23 14
28 11
12 29
29 11
10 22
23 18
18 23
32 15
19 32
27 17
13 24
22 17
23 17
15 31
32 31
15 26
20 28
25 32
32 19
23 24
30 14
21 11
15 32
20 22
28 23
19 25
14 28
16 11
17 24
14 12
26 28
28 12
15 21
10 28
11 12
16 14
15 13
16 29
25 17
13 14
16 10
21 28
12 25
30 32
31 10
25 20
25 26
13 15
11 21
12 31
13 13
16 19
16 15
13 27
31 28
13 25
12 12
13 11
31 32
24 30
20 12
13 32
32 13
29 10
27 27
27 18
10 27
31 16
19 11
26 14
29 13
24 26
22 30
27 25
15 27
29 23
29 25
13 21
27 20
24 27
27 19
12 15
15 24
10 21
29 20
29 31
24 18
11 24
12 17
27 28
26 15
12 28
14 23
12 18
32 20
24 16
31 25
