37 113
27 24
18 19
27 17
18 16
15 14
15 23
15 21
23 10
22 9
13 22
22 23
22 16
12 27
22 18
24 9
18 13
27 27
20 20
19 16
17 20
23 16
23 18
25 9
24 16
12 20
23 20
27 26
18 11
17 23
11 13
27 19
25 22
10 25
12 17
21 15
22 26
13 10
14 15
22 25
25 10
19 25
24 25
13 25
23 24
12 14
13 26
16 10
13 19
25 13
13 12
21 14
12 16
12 23
20 19
23 11
17 17
21 11
19 9
10 17
19 17
25 26
14 24
15 13
17 18
18 21
15 16
19 13
17 22
21 21
27 9
16 14
11 18
17 26
18 18
26 21
26 23
25 18
14 12
9 19
17 12
12 11
14 17
10 16
13 15
13 21
27 11
10 15
16 19
25 27
9 17
24 12
16 13
9 21
24 15
10 24
19 15
25 25
10 19
23 15
21 19
15 20
10 12
11 25
26 16
18 17
17 15
26 12
21 13
20 24
14 25
18 14
11 26
13 24
