53 103
22 16
39 21
27 22
21 37
21 20
31 38
27 16
22 27
20 27
25 20
39 20
38 26
17 13
29 37
32 22
22 21
36 37
34 19
18 28
13 20
23 13
14 32
18 36
20 13
38 18
16 19
37 14
37 16
21 31
19 21
26 36
14 22
24 34
28 14
26 23
18 25
30 30
37 27
35 14
19 26
22 18
22 33
27 37
18 19
29 33
28 17
31 23
17 37
29 34
32 16
24 21
19 29
30 13
39 29
30 39
17 23
31 14
29 23
31 13
24 31
37 29
25 39
36 38
29 32
39 25
19 18
28 28
20 25
18 27
35 21
23 20
20 32
16 37
15 39
32 29
38 27
33 30
33 29
32 37
31 32
15 37
29 39
14 37
28 18
24 26
32 28
33 28
34 26
14 19
13 19
16 14
32 14
26 14
26 15
35 16
25 21
29 18
19 22
35 38
14 30
21 18
30 17
27 36
