59 245
14 35
22 43
17 41
38 35
28 23
34 35
31 40
23 23
16 33
24 40
14 23
16 27
19 27
44 32
29 32
20 35
22 27
30 18
33 23
17 14
26 21
40 22
16 22
27 22
28 28
36 17
41 14
30 22
26 34
16 15
37 41
18 31
43 36
18 18
39 20
25 19
43 34
42 32
32 44
36 19
36 37
33 35
17 44
43 21
20 40
35 33
19 42
32 18
38 19
21 28
37 14
44 21
39 32
19 23
22 30
26 16
23 43
22 15
22 24
41 31
31 19
37 22
34 36
21 15
33 30
17 26
24 24
39 15
27 15
17 21
27 39
40 43
23 21
24 35
23 15
19 43
20 31
40 36
34 40
38 14
29 18
40 14
25 34
28 31
19 28
25 29
16 14
41 18
29 42
40 28
30 35
39 24
29 33
25 25
35 16
20 28
25 26
21 22
30 23
37 18
37 28
24 26
19 32
39 19
22 22
27 17
23 30
20 15
29 16
17 23
44 34
16 19
15 21
42 42
29 29
44 38
37 42
27 24
35 38
32 14
25 33
31 38
14 15
41 20
43 24
43 14
17 31
19 17
17 16
30 15
44 39
17 38
26 25
35 19
41 24
34 33
44 23
23 39
18 35
22 18
16 39
26 27
34 41
31 14
42 16
40 15
36 32
18 28
29 27
27 42
29 23
30 43
28 39
32 30
42 28
23 17
32 37
32 26
40 33
14 44
39 18
24 22
19 20
20 19
40 38
44 14
26 39
35 44
20 17
38 33
41 28
20 37
35 39
27 33
41 17
26 28
27 25
21 18
33 16
24 38
16 29
14 31
35 30
34 26
28 19
21 14
36 41
43 20
27 30
40 20
27 26
33 33
28 34
31 22
35 34
37 44
43 27
29 24
26 43
44 41
31 24
41 23
18 32
37 31
27 18
43 25
16 35
17 18
44 17
34 15
39 16
34 44
42 18
16 23
18 23
14 40
21 16
17 39
22 36
31 44
40 32
15 17
42 26
38 17
20 44
39 14
24 29
29 19
14 19
39 22
29 30
44 29
41 25
37 36
18 16
17 40
20 21
31 34
28 44
19 33
36 15
29 26
30 33
18 15
19 40
