55 157
17 36
34 32
39 32
33 30
39 18
21 24
21 26
25 39
26 28
41 33
37 23
32 29
28 21
16 36
18 32
40 40
39 39
34 25
25 15
21 36
22 21
24 33
31 35
41 37
38 20
17 27
31 40
32 37
38 37
14 15
23 18
28 19
38 40
38 36
16 18
30 34
35 30
30 39
38 28
41 36
39 24
35 31
27 29
19 22
20 13
28 39
21 15
29 26
21 14
25 16
34 22
14 34
38 35
30 27
26 19
27 18
22 17
26 14
33 17
24 31
38 13
24 20
16 20
14 21
30 17
29 28
32 22
21 35
20 38
39 35
37 22
20 40
37 17
20 37
41 41
36 24
29 41
15 15
35 41
20 23
26 40
13 35
39 25
15 40
39 16
30 31
27 36
37 39
30 16
20 32
26 17
38 29
41 19
20 25
17 40
32 40
33 25
33 32
28 29
33 13
18 41
28 13
28 23
38 34
22 27
14 40
28 26
35 13
27 15
24 26
34 16
29 35
19 24
13 31
13 23
25 20
36 18
16 41
34 24
36 23
39 34
19 31
24 17
17 19
37 28
16 23
37 37
21 30
14 27
15 23
18 19
27 34
25 41
35 24
25 29
15 36
35 25
30 28
14 33
40 35
17 38
38 26
37 40
31 22
39 36
16 26
32 31
35 27
30 36
36 14
15 34
33 40
15 14
30 20
27 38
22 40
41 15
