59 164
32 25
35 39
17 44
40 21
14 23
39 16
18 33
41 17
39 14
22 18
35 29
30 17
35 22
27 28
35 34
39 23
27 31
15 23
31 41
19 25
18 32
28 44
21 26
41 33
32 23
31 36
19 22
22 15
17 39
22 42
42 39
18 14
28 34
29 39
14 40
17 43
28 35
16 21
17 24
42 23
38 16
26 32
29 23
23 23
40 40
32 18
14 41
15 18
15 37
31 35
28 38
36 31
21 33
41 38
41 22
31 23
34 37
20 44
15 43
43 35
25 15
26 16
15 39
36 25
26 29
42 25
39 34
42 37
21 15
34 15
31 18
26 31
32 39
38 34
31 33
22 34
18 43
41 16
22 16
34 16
37 43
25 37
42 27
41 40
28 14
38 17
26 37
35 31
41 14
33 34
31 17
39 36
25 23
23 18
39 40
17 25
35 27
26 18
18 20
21 25
26 33
37 30
34 17
33 14
35 36
37 40
29 15
43 31
23 22
27 27
27 39
15 32
29 44
37 19
38 18
17 18
29 42
35 40
32 32
28 18
37 14
17 26
21 35
39 15
40 16
22 26
36 35
44 40
23 44
35 41
30 19
42 34
16 42
19 29
27 21
17 32
33 37
40 19
19 17
44 17
37 44
20 17
27 37
19 44
21 39
37 25
24 16
36 36
15 28
14 29
35 30
22 43
33 29
39 35
25 14
43 21
30 33
40 33
32 15
21 19
22 20
35 33
18 39
18 29
