53 101
13 15
18 23
29 17
39 21
15 20
24 32
14 31
18 31
16 38
16 31
26 34
19 20
29 36
22 35
33 37
38 32
16 19
28 26
34 39
30 21
26 27
30 19
36 13
16 24
14 25
21 17
25 39
32 14
35 30
16 17
31 19
34 26
17 26
23 14
34 29
15 34
20 29
31 28
19 26
28 34
15 14
20 14
24 38
27 33
25 17
30 13
37 23
35 35
33 32
20 20
23 25
21 19
35 26
33 28
39 15
15 28
39 26
15 15
31 25
33 22
23 17
21 37
29 32
38 23
13 39
15 25
35 28
30 30
17 14
19 25
17 33
23 19
15 18
18 28
25 38
19 16
24 16
29 27
14 14
35 20
31 29
21 22
29 18
14 33
36 36
22 29
30 23
34 35
36 35
38 19
28 29
13 28
15 29
25 24
25 20
38 39
33 24
22 16
33 25
13 21
23 23
