57 100
34 32
16 27
34 34
32 41
37 18
33 21
23 35
25 26
14 21
32 31
23 16
40 39
23 29
25 28
20 22
37 17
23 27
28 16
15 33
32 33
21 30
39 21
30 41
17 41
23 33
26 42
42 35
31 22
21 42
32 39
31 31
22 42
18 40
24 41
16 34
33 38
34 21
36 16
32 25
28 21
30 18
42 15
24 16
19 25
38 20
22 25
38 25
15 23
41 42
28 39
33 17
14 22
26 19
18 35
33 40
31 15
41 33
35 26
23 31
19 14
41 22
37 34
16 31
19 31
38 16
21 24
14 40
17 15
14 27
32 34
40 29
29 33
40 18
17 34
41 15
41 30
22 18
34 40
40 25
33 14
27 21
15 41
20 37
20 26
42 36
15 21
32 30
25 33
19 36
17 35
40 37
29 23
25 21
19 16
17 29
25 41
27 15
29 28
27 23
20 31
