45 83
29 33
31 17
24 28
16 11
29 15
31 19
13 20
25 17
26 24
23 15
12 25
14 22
28 31
15 27
14 28
22 13
28 28
14 18
14 20
21 26
26 19
33 18
14 33
31 31
15 28
23 22
17 17
17 12
12 13
15 19
23 18
30 20
30 26
30 16
20 16
30 31
15 32
13 17
16 24
27 25
16 31
22 21
20 13
18 33
15 11
21 20
14 16
20 30
23 20
31 28
29 12
32 22
29 32
26 31
24 30
14 11
23 28
15 30
16 12
11 30
26 12
21 14
14 15
15 12
11 13
22 24
26 20
11 19
32 26
15 14
24 27
22 11
21 28
16 18
28 18
21 32
29 11
11 12
24 17
26 17
27 26
17 25
32 33
