61 258
41 28
22 39
29 32
45 29
41 37
38 22
45 42
41 32
24 27
27 44
32 40
27 15
15 32
23 41
20 44
39 26
39 20
43 32
34 32
41 15
45 44
29 17
41 34
29 23
25 45
35 40
42 15
19 17
41 24
19 36
19 19
15 45
20 40
23 38
17 23
21 41
23 16
33 24
38 17
23 18
18 29
39 37
24 15
41 38
35 44
18 41
26 24
24 35
37 42
33 23
24 44
22 17
31 39
34 44
25 39
25 41
18 23
36 25
38 45
20 21
18 17
22 18
44 15
15 19
16 26
25 37
33 31
19 37
30 38
26 32
41 39
33 36
36 18
45 31
17 31
32 18
29 16
29 21
43 18
19 18
30 18
26 42
18 42
39 16
21 43
20 35
33 32
22 37
35 35
19 33
22 23
37 38
21 19
21 21
44 36
42 35
19 16
45 41
39 32
34 31
36 27
20 37
22 15
18 45
40 35
16 28
36 40
15 37
23 40
38 27
22 22
42 23
31 35
37 18
19 27
20 39
26 27
44 38
21 29
23 34
44 39
20 26
23 22
33 41
32 30
45 34
31 33
41 16
28 27
43 35
26 19
36 30
44 43
27 32
19 23
41 44
35 21
40 17
29 39
45 21
24 43
16 42
35 33
27 43
18 21
44 26
21 38
15 31
26 37
21 31
36 23
16 33
27 18
22 44
16 25
32 26
38 31
43 42
25 19
18 24
37 16
39 27
45 45
25 26
28 32
34 43
17 24
25 32
44 31
40 36
25 44
33 30
42 37
34 24
37 26
23 39
24 24
37 19
43 15
34 27
17 43
17 22
35 16
32 28
43 22
24 20
25 40
16 44
44 23
40 40
16 40
31 34
25 34
19 30
28 26
16 23
22 35
36 16
30 19
23 29
24 33
16 43
22 29
31 45
36 41
23 26
33 35
34 22
23 36
40 28
31 31
30 26
32 38
30 33
16 36
35 32
44 22
38 28
40 19
28 22
16 24
36 26
22 30
18 32
16 41
40 34
18 28
17 39
30 36
32 23
37 44
21 34
35 27
15 17
39 41
39 17
25 21
29 19
35 34
21 26
45 24
30 16
28 20
44 30
43 36
38 36
38 26
24 21
33 29
33 20
28 33
22 43
42 17
38 30
16 18
35 38
37 20
15 26
