59 213
14 34
44 39
36 28
40 25
34 41
31 37
30 16
15 32
33 44
42 15
31 35
39 28
43 36
18 36
25 37
31 23
26 34
16 25
14 24
14 44
39 27
31 41
36 44
17 38
33 27
28 15
43 24
26 26
44 24
28 32
40 34
41 35
30 27
14 38
33 39
38 30
14 27
18 44
28 22
16 44
32 35
26 40
25 24
24 44
23 35
30 22
28 37
25 18
17 17
43 29
32 23
37 15
25 16
44 32
15 14
16 17
16 15
21 19
38 41
42 24
29 43
16 36
34 36
32 39
35 44
14 19
21 37
27 40
23 31
38 19
19 42
42 30
42 28
43 26
35 32
25 36
20 34
18 25
20 14
43 21
32 34
33 32
21 34
44 28
43 20
22 38
24 29
27 23
38 26
37 36
38 32
21 35
33 34
42 42
29 35
32 14
33 24
37 26
37 37
19 41
18 27
14 42
19 43
18 17
43 34
25 25
16 29
26 35
44 27
37 38
31 19
15 27
20 30
17 37
35 24
38 38
23 16
28 16
27 20
36 30
14 43
32 18
17 15
17 35
30 17
43 17
29 31
17 40
40 26
16 14
25 26
23 28
30 26
35 31
26 28
30 20
15 19
44 16
34 16
34 38
33 25
29 40
31 31
16 37
39 40
38 37
40 24
21 28
22 16
33 26
29 33
22 36
35 16
41 22
39 25
21 36
16 43
41 27
26 22
31 22
33 22
42 40
21 42
21 32
42 39
41 20
20 20
19 32
18 18
23 33
41 23
26 38
16 22
35 35
28 29
18 33
22 34
41 33
14 30
36 26
22 17
39 33
25 21
23 21
35 40
22 25
44 17
33 23
36 42
18 35
29 27
27 39
23 17
27 18
22 39
14 32
39 18
19 25
27 34
22 23
29 29
30 36
32 42
26 14
24 33
30 34
41 40
19 20
35 38
38 34
19 23
31 25
22 42
