37 93
26 22
9 23
27 20
20 18
18 26
18 13
18 24
19 26
21 19
22 27
19 9
16 15
27 16
22 15
17 14
13 13
22 21
25 14
21 15
23 12
21 13
19 18
26 20
10 25
11 15
11 23
15 13
25 13
18 16
12 15
11 10
15 17
25 22
27 15
25 26
14 24
10 26
20 19
23 16
12 21
13 20
14 20
24 18
17 23
12 13
19 24
14 10
11 9
15 18
25 25
23 25
14 9
27 11
20 20
20 11
9 22
20 16
21 14
12 20
24 16
20 22
9 12
16 19
26 24
10 18
24 12
12 23
19 13
13 21
10 22
20 12
17 13
23 13
24 19
9 15
19 15
26 27
13 15
18 12
22 16
9 14
10 27
13 23
16 25
23 20
15 11
15 26
26 15
12 17
26 16
20 24
27 18
10 10
