59 232
37 41
23 29
21 14
29 44
30 25
42 40
30 32
19 25
27 15
31 33
18 17
33 20
37 32
33 40
40 23
15 43
34 44
27 23
37 18
31 14
30 23
31 23
17 33
34 36
39 24
20 35
43 31
23 19
23 41
23 36
26 20
43 18
44 36
29 17
19 24
33 14
27 14
32 38
33 18
23 14
20 15
27 29
41 42
37 28
20 38
14 29
44 33
33 42
17 16
25 30
39 19
41 32
31 34
37 19
18 23
22 27
42 23
38 19
20 27
24 39
26 44
26 14
39 14
33 41
25 32
17 39
32 31
20 28
25 22
28 21
44 29
24 25
27 16
35 19
29 21
16 22
22 37
19 29
27 33
14 18
42 25
33 34
17 41
44 25
22 38
44 15
42 29
15 37
42 18
20 23
42 30
17 22
39 41
35 16
19 37
30 29
30 16
36 20
31 17
29 18
32 26
42 14
28 32
14 34
28 40
41 34
41 31
21 41
26 19
16 30
31 40
32 25
36 17
15 30
37 40
34 31
19 41
39 35
36 31
18 29
33 33
14 15
14 16
42 28
41 36
36 18
43 26
25 31
21 26
28 31
35 17
37 37
25 24
15 38
25 16
37 24
28 18
24 31
37 38
39 28
43 38
32 15
18 40
23 25
44 28
42 17
14 32
32 14
23 24
22 19
38 16
40 26
22 14
28 15
33 27
43 40
19 40
37 30
44 44
27 18
39 30
25 34
32 36
14 22
24 24
27 39
33 24
43 14
27 20
34 43
27 44
25 26
43 27
29 26
31 15
25 36
22 40
16 43
27 40
15 16
43 34
21 20
28 17
20 44
18 35
44 39
23 22
35 28
39 25
16 24
18 38
37 17
15 40
22 16
15 15
28 26
19 32
22 18
27 17
24 15
19 33
42 38
33 19
14 40
38 41
19 36
29 19
17 23
44 14
38 28
38 20
44 19
41 23
33 32
36 35
19 31
40 29
41 38
24 22
39 32
19 21
36 27
44 42
18 24
36 24
19 20
17 28
44 37
34 19
27 21
40 43
15 20
