37 104
9 16
21 18
21 17
21 23
17 23
21 10
25 27
25 26
24 10
17 27
21 26
24 17
26 22
11 13
21 21
26 26
16 24
21 14
9 17
12 13
12 23
10 26
9 23
26 18
21 13
9 14
24 20
24 23
9 27
19 17
15 16
9 9
18 11
13 27
21 20
19 27
27 12
26 17
22 24
16 25
12 17
17 26
19 25
14 20
9 12
10 24
24 16
22 20
22 13
24 11
17 10
18 20
15 10
22 12
16 27
24 21
17 9
16 17
21 11
13 23
14 14
18 21
24 26
24 18
12 9
21 19
11 21
22 16
20 12
23 25
20 15
24 9
27 25
23 20
15 18
17 17
13 11
16 16
26 20
9 26
24 19
16 15
26 19
25 18
21 9
17 11
18 13
14 10
27 26
13 9
14 23
17 20
11 14
17 14
23 18
18 17
13 18
26 9
20 20
18 9
22 21
14 27
18 27
9 20
