152
33 454
149 329 365
264 323 41 333
375 121 391 13 68
0 74 53 331 3 336
310 289 44 30 410 378 358
158 293 59 81 117 146 27 130
273 291 119 86 411 64 16 439 461
211 374 38 380 285 181 172 325 462 404
281 186 340 371 388 277 256 230 140 367 337
124 350 359 142 91 464 432 241 123 93 236 294
144 62 356 43 156 450 194 112 320 32 82 420 315
300 456 220 155 339 35 24 70 221 455 262 234 428 4
153 111 174 405 85 327 143 145 342 252 231 183 286 89 407
148 197 259 265 40 227 191 101 209 10 97 343 107 330 335 451
372 204 22 278 301 347 200 305 224 352 51 133 457 8 163 360 84
448 402 170 141 210 297 79 345 418 334 433 26 218 11 328 314 131 159
435 201 138 57 113 267 379 214 261 353 426 258 87 319 458 136 296 75 180
105 5 92 122 184 440 304 108 341 441 162 52 446 151 431 192 389 275 42 313
445 438 238 165 203 373 387 386 78 161 413 396 417 318 382 427 223 215 282 1 20
17 237 137 98 213 400 217 424 15 416 246 99 126 385 2 324 434 160 128 245 362 240
251 463 381 60 56 94 235 376 147 399 364 423 284 377 322 120 361 442 222 21 65 443 394
266 25 219 205 206 447 190 283 248 287 23 125 118 430 36 114 276 63 253 150 393 317 193 459
225 100 106 164 449 354 157 247 357 169 421 298 135 73 369 199 95 90 243 50 55 303 344 271 309
274 419 348 76 346 102 71 233 45 370 18 139 254 19 368 311 226 7 208 178 110 460 46 412 244 272
61 104 403 444 355 453 306 175 96 66 6 312 436 366 302 58 390 173 49 83 398 280 189 134 316 295 299
132 47 409 406 326 408 109 39 228 116 263 188 28 395 288 167 127 177 14 255 239 260 392 269 195 349 80 249
69 103 196 232 129 34 37 229 77 429 332 338 250 397 168 290 202 321 351 176 292 182 54 268 212 308 29 166 9
279 363 72 171 179 207 425 422 187 216 415 401 12 48 88 270 185 414 154 257 384 383 307 242 31 198 115 437 452 67
