289
284 394
168 23 40
444 376 344 430
408 69 180 335 211
10 339 18 251 219 89
337 345 248 236 349 202 190
441 237 174 199 61 33 32 206
275 7 313 399 205 55 247 354 208
183 462 200 195 226 324 68 63 286 390
359 51 301 97 293 59 66 398 375 288 270
240 133 192 409 140 298 373 351 196 46 352 128
389 0 334 252 160 242 361 12 426 268 161 75 260
35 152 4 434 138 317 302 382 158 458 214 96 331 385
276 139 19 391 142 163 333 300 121 341 314 70 405 221 91
193 346 134 22 119 122 453 60 439 435 233 151 448 47 274 322
26 178 420 166 229 383 37 353 392 287 216 45 332 291 98 433 362
328 191 241 87 150 74 171 159 129 8 296 143 156 29 283 43 278 243
90 255 463 239 377 101 107 110 120 265 304 290 397 186 449 106 42 155 77
366 203 297 340 82 71 130 173 58 167 137 24 404 86 209 273 189 57 80 374
30 323 437 454 187 105 215 326 227 102 104 48 103 367 49 230 307 282 14 428 65
386 443 427 123 11 21 393 53 378 422 356 184 325 319 407 355 198 204 127 111 450 201
364 79 126 135 13 447 117 232 372 136 316 464 92 225 99 181 272 429 108 113 451 176 197
67 25 308 250 36 424 50 425 217 144 455 231 461 41 436 271 207 299 222 310 456 149 438 412
253 84 165 238 384 414 413 88 312 336 303 442 224 318 256 440 249 177 457 460 28 395 112 294 360
212 347 258 213 369 400 34 452 194 3 402 114 320 185 327 305 27 157 125 141 445 118 146 263 370 179
338 38 292 44 257 277 170 1 85 154 95 148 423 234 145 459 266 162 39 295 9 172 358 228 210 411 100
432 401 419 330 6 343 365 235 387 223 254 285 131 56 446 431 380 109 246 321 309 396 269 388 62 72 169 244
267 348 220 93 153 261 259 20 78 115 5 76 350 381 73 371 31 83 15 281 116 379 416 175 311 403 264 315 188
16 124 417 54 406 218 306 182 279 147 357 2 280 421 415 52 164 368 81 17 329 245 132 418 64 363 94 262 410 342
