256
258 308
266 464 177
291 241 26 336
63 13 394 295 272
287 442 361 360 212 294
108 31 221 408 324 280 302
431 147 417 288 50 170 95 45
10 438 232 37 216 3 136 368 149
132 327 307 80 40 9 75 271 310 343
351 226 203 283 352 254 0 143 142 172 428
153 118 349 339 317 282 79 298 325 34 377 248
242 463 48 388 23 337 28 330 98 432 373 447 4
81 213 400 370 52 160 53 91 109 454 131 217 321 448
326 194 450 270 41 156 19 209 260 99 402 435 239 208 129
247 166 78 264 398 197 144 446 461 73 77 218 224 49 365 281
318 151 323 301 420 335 459 25 164 300 376 434 51 93 84 62 121
18 457 424 11 233 59 413 116 423 296 169 69 124 42 395 33 278 372
105 72 328 263 319 148 240 403 198 309 103 115 422 269 427 176 43 138 111
195 338 140 416 379 358 399 364 17 279 383 462 120 113 150 396 214 350 146 161
455 71 46 230 243 92 228 126 20 128 252 443 24 38 227 15 102 184 341 173 322
273 274 371 331 235 386 1 185 158 385 445 163 107 449 238 359 32 97 236 104 174 204
101 162 8 344 7 5 384 54 12 460 179 70 125 257 196 21 27 433 64 191 378 215 418
117 392 404 444 334 245 426 366 44 293 122 29 68 329 61 369 178 430 421 180 220 199 380 16
83 193 94 345 175 346 390 456 100 207 246 407 439 251 415 112 268 391 332 249 223 56 374 145 425
133 30 55 315 58 222 189 311 405 356 123 39 219 357 141 452 139 406 205 306 410 231 85 192 253 188
2 210 90 114 201 250 82 440 304 155 86 152 229 225 284 381 157 134 130 261 255 67 237 14 165 244 292
265 119 333 286 135 88 382 437 354 182 206 171 285 190 87 74 387 362 290 289 401 303 409 127 375 347 429 389
259 340 355 65 183 186 60 35 167 76 312 262 181 436 36 154 159 89 393 414 397 200 187 305 367 297 411 316 363
320 57 211 275 234 137 47 458 96 168 267 314 451 110 441 66 353 412 277 202 299 313 276 419 342 22 348 453 106 6
