291
283 228
461 130 383
232 337 275 424
308 85 149 349 463
362 292 220 234 344 271
368 392 259 193 219 352 97
142 68 159 205 146 4 195 364
112 28 294 108 32 210 98 194 96
393 175 16 188 395 204 255 196 55 104
320 185 218 36 394 390 33 399 428 67 150
41 10 148 207 430 330 84 121 173 346 13 89
455 325 54 35 439 441 22 72 46 45 412 247 403
353 293 377 464 288 225 322 297 14 57 29 369 350 208
340 386 376 276 206 427 140 354 145 310 449 213 244 415 132
170 417 82 418 423 136 179 201 222 252 73 274 391 31 181 59
124 56 257 419 216 43 388 400 75 156 123 426 69 266 303 321 66
107 296 398 448 199 9 74 324 373 385 158 401 236 109 163 70 440 101
249 180 451 113 256 116 62 396 290 21 345 312 380 83 384 339 273 371 425
76 357 50 93 304 328 264 94 434 301 44 164 144 155 217 459 306 367 409 86
95 79 187 0 110 192 323 279 387 11 20 133 382 447 280 176 40 432 37 317 289
445 431 375 258 167 405 299 23 129 165 313 8 295 307 329 381 397 358 154 203 336 250
261 314 119 178 407 47 355 118 221 351 298 332 238 125 315 172 88 197 122 356 137 103 99
138 411 91 177 190 100 302 433 316 200 335 457 442 404 126 5 229 454 182 223 300 226 348 58
378 437 39 80 191 458 444 342 231 184 26 453 161 282 162 450 363 15 408 263 134 278 248 267 365
341 166 422 30 243 135 34 27 18 233 460 333 284 174 379 287 17 1 160 338 214 334 120 402 90 285
421 183 406 53 235 87 262 438 102 326 372 48 360 429 331 241 260 19 157 269 60 309 435 169 171 114 446
224 42 413 416 139 92 311 268 410 128 436 12 361 212 106 443 230 318 286 38 168 6 281 111 78 305 64 24
347 462 389 61 240 202 3 152 420 186 239 198 189 131 452 251 52 327 51 227 147 414 105 143 215 272 319 151 374
141 7 211 65 359 456 25 254 2 115 77 153 246 245 277 270 117 366 242 209 49 265 127 237 71 343 81 370 63 253
