3
228 238
328 221 414
293 246 137 298
138 37 271 210 142
229 277 370 456 107 256
214 308 268 167 19 252 76
208 423 131 410 63 460 46 174
224 42 185 264 227 58 321 74 203
257 153 189 375 216 323 339 286 48 67
395 367 259 429 92 364 278 359 307 123 194
180 424 396 225 398 401 172 365 389 290 101 29
344 230 16 248 110 244 338 122 350 276 130 435 374
240 366 212 182 273 171 340 305 285 169 93 291 327 330
1 381 302 266 90 140 349 108 100 11 360 15 315 351 149
262 450 267 177 30 462 33 255 283 72 431 43 132 441 314 269
352 418 129 200 13 332 5 7 54 34 440 417 464 26 144 379 369
78 326 386 300 179 354 245 141 116 432 223 232 154 176 322 452 363 134
282 168 419 211 408 254 345 454 443 69 239 341 28 393 411 313 95 0 437
275 380 119 279 199 201 20 205 335 390 400 356 9 195 85 217 77 265 412 292
87 191 311 120 284 426 62 448 392 317 336 35 106 6 372 158 38 113 458 190 263
97 178 121 439 102 18 4 434 371 405 81 415 444 384 50 105 115 253 383 157 333 161
2 173 21 304 325 104 186 80 274 114 25 287 44 75 358 64 347 348 447 241 342 261 382
250 135 334 41 368 103 8 156 329 463 139 151 306 125 303 312 57 220 430 442 175 402 83 362
378 425 280 301 391 324 219 32 416 53 409 258 403 73 226 420 289 159 166 124 68 79 436 446 270
320 428 98 346 165 309 316 457 14 234 145 94 89 126 187 84 70 247 207 24 118 288 40 231 117 421
438 295 111 461 55 27 455 209 404 31 202 148 399 164 206 36 60 299 23 198 150 61 310 413 449 343 65
387 433 445 52 361 112 319 12 184 236 406 297 136 22 243 377 155 215 183 318 196 109 373 331 91 422 82 59
133 353 459 388 242 152 204 376 188 56 160 337 51 45 451 294 99 66 39 385 96 71 193 197 272 127 147 213 394
170 163 357 260 10 296 235 143 192 222 407 49 251 162 17 355 181 237 397 86 218 281 233 146 47 427 128 249 88 453
