71
10 387
332 438 60
130 252 84 174
186 318 222 298 371
312 313 143 442 277 454
122 391 38 287 236 427 144
323 259 292 115 310 93 4 183
89 129 65 178 269 98 133 293 243
451 447 165 229 90 21 422 157 198 111
256 180 191 29 14 452 363 279 212 345 142
94 368 188 112 392 393 401 13 81 250 251 330
25 245 295 156 95 441 346 102 119 11 296 289 434
121 106 398 429 435 105 101 52 141 366 220 182 108 265
399 201 272 164 153 262 331 155 62 125 170 104 45 421 2
276 57 459 30 242 76 66 160 228 400 408 46 461 146 445 418
377 396 99 413 167 20 166 285 209 118 375 356 192 70 381 116 54
388 352 359 355 246 154 286 190 370 411 455 80 196 379 333 147 450 195
239 215 240 219 322 249 261 369 342 437 302 311 444 280 184 73 28 304 253
317 162 227 179 6 263 244 206 436 47 433 278 340 325 268 177 34 426 430 248
241 9 39 357 35 264 309 16 409 68 443 258 353 128 294 462 362 448 82 297 216
187 50 113 173 200 88 132 299 136 271 197 169 255 314 103 42 336 425 307 114 453 344
97 327 405 428 24 449 40 59 231 373 193 419 274 194 267 238 347 432 96 55 49 117 456
138 226 334 83 1 230 74 303 247 341 161 213 202 395 420 273 51 337 390 394 135 12 350 457
305 360 33 8 126 205 32 385 56 79 424 319 53 75 139 260 152 0 100 72 150 37 48 92 175
225 404 172 15 270 378 380 233 410 324 288 158 281 168 64 110 282 339 316 199 5 189 416 77 364 145
211 343 365 221 338 140 3 41 290 232 43 185 159 237 58 44 224 204 87 431 214 124 383 358 134 284 329
417 217 210 22 86 439 181 320 69 382 414 351 91 374 257 446 31 306 384 315 85 376 207 203 326 7 149 19
137 301 412 218 440 367 328 458 61 407 460 464 176 275 36 361 291 386 403 321 254 308 415 127 463 107 208 131 402
349 17 120 235 223 171 389 266 234 23 354 300 335 283 26 397 423 63 67 78 123 27 148 18 163 348 406 372 151 109
