30
230 282
372 415 404
154 137 73 52
116 458 133 109 430
263 4 390 397 195 249
316 103 399 236 128 333 290
21 452 344 323 312 136 180 44
341 24 339 197 334 168 319 118 99
337 37 382 14 414 19 20 135 305 29
220 398 222 446 413 77 247 365 266 12 129
261 187 394 349 460 289 201 322 225 209 83 383
122 115 246 245 462 416 113 284 150 80 275 314 429
264 173 421 176 202 308 354 347 124 214 461 293 27 286
148 379 211 49 95 64 88 393 335 380 368 281 177 65 256
8 199 410 71 51 140 299 292 438 81 90 395 250 386 126 300
377 206 200 63 229 388 311 268 216 262 96 9 239 297 17 375 100
234 158 108 302 97 156 384 255 138 422 373 278 127 409 355 107 31 358
231 417 67 54 402 5 212 327 91 207 48 346 370 369 443 46 152 7 85
159 259 260 53 432 356 271 276 34 41 277 170 400 291 357 188 420 164 1 101
36 304 59 183 273 134 43 351 396 163 251 181 366 270 303 132 424 448 274 360 228
435 439 16 280 69 248 105 182 240 213 459 456 32 175 378 106 92 254 367 252 160 401
226 191 227 419 392 6 39 35 23 437 204 50 42 463 194 141 313 331 11 451 445 441 237
350 119 82 98 407 328 434 56 315 431 217 376 428 61 436 25 324 403 45 454 348 86 242 33
149 68 18 57 342 185 318 112 320 317 343 179 144 444 306 330 223 143 178 153 87 219 79 84 166
265 411 22 332 307 114 203 426 162 310 405 449 161 192 224 123 340 298 447 104 267 26 62 408 38 371
301 146 321 309 464 15 205 285 94 238 102 210 433 374 125 117 329 296 121 359 385 294 295 406 74 326 93
361 145 457 111 364 412 257 353 325 131 60 66 40 110 58 455 142 283 425 418 387 155 336 423 130 279 2 75
47 440 10 78 215 338 28 345 13 243 184 269 76 167 287 221 453 171 169 232 186 208 244 363 190 218 258 241 450
198 233 352 381 174 288 196 0 165 120 72 253 193 157 70 362 427 151 89 139 3 442 391 147 55 235 189 389 172 272
