186
3 381
113 205 348
286 45 179 110
360 370 95 322 245
217 283 392 244 155 271
292 248 23 146 414 270 356
145 264 362 22 359 211 230 249
416 161 16 77 435 14 116 291 396
199 118 191 450 343 215 218 207 241 195
62 408 347 190 56 188 41 208 239 387 319
263 159 317 284 417 260 301 4 61 52 391 169
269 376 394 299 324 458 439 53 74 412 288 310 142
58 366 104 226 358 9 445 275 21 320 112 254 449 228
189 365 265 229 2 279 19 174 390 18 42 20 71 305 257
214 124 330 351 421 425 165 98 11 456 293 194 128 59 442 455
198 40 5 81 328 297 156 10 127 437 163 372 147 403 168 93 413
30 176 331 164 223 26 426 462 43 383 380 276 222 130 282 339 64 158
353 311 432 85 290 278 25 452 401 333 92 428 369 323 63 384 231 204 181
39 80 273 261 108 162 312 137 167 105 144 287 327 313 410 281 459 415 422 134
157 433 431 122 314 460 407 216 187 125 336 12 373 236 87 200 368 405 393 385 253
440 232 117 94 148 183 79 315 451 389 448 152 91 234 99 129 126 423 354 308 210 296
235 357 83 298 335 70 66 177 154 325 262 464 1 0 306 453 224 57 344 375 82 332 6
206 219 420 350 342 272 242 133 90 295 221 367 196 246 119 429 382 294 355 400 17 47 374 170
398 48 225 238 378 300 173 36 277 267 340 184 430 259 397 67 171 386 240 247 182 55 121 438 123
75 303 256 101 361 73 35 252 180 377 237 13 88 388 209 7 419 289 202 395 443 321 31 233 341 138
203 307 78 444 197 153 160 364 337 318 131 135 406 139 212 143 29 363 97 151 285 220 349 65 402 379 178
136 243 49 96 60 76 54 132 463 250 251 72 255 111 33 106 371 32 338 316 103 461 166 8 409 280 404 115
201 141 268 266 100 399 258 102 50 51 346 434 457 84 114 193 15 436 304 192 68 24 37 309 27 326 120 329 34
441 213 302 352 424 454 150 447 345 227 109 418 140 274 28 175 149 411 172 69 107 185 86 44 427 334 446 89 46 38
