17
139 287
133 456 394
289 3 418 237
276 447 71 442 73
291 179 243 238 150 244
313 93 404 41 453 373 319
266 322 369 206 271 201 345 435
95 24 60 377 335 407 108 258 122
336 462 145 253 362 29 382 321 158 212
402 72 455 21 326 191 309 96 372 267 374
194 190 300 424 204 329 451 283 406 213 370 438
269 51 220 47 87 260 34 273 10 420 341 318 430
386 174 38 358 225 6 193 176 461 279 361 460 446 297
25 270 217 339 117 383 274 0 15 457 58 195 146 40 250
184 298 110 65 91 241 350 242 399 355 126 333 252 196 169 81
257 459 59 129 342 210 387 265 75 311 249 9 390 197 151 68 182
175 32 128 149 99 343 92 22 16 293 166 88 419 44 299 148 332 199
144 86 348 70 50 159 109 202 45 251 62 403 428 432 327 262 315 74 359
101 140 76 155 229 167 354 312 301 39 97 56 277 292 177 26 248 445 245 325
85 64 405 200 364 280 112 275 288 66 161 411 115 305 4 458 344 463 356 235 209
203 384 207 302 118 107 89 180 385 173 120 365 452 363 37 285 33 414 294 221 130 400
415 308 239 416 143 7 27 192 131 215 379 132 168 198 46 449 464 247 188 54 103 214 141
246 78 263 57 375 121 53 320 162 82 20 48 165 125 138 410 77 328 18 152 360 281 412 433
256 134 324 441 1 295 14 49 426 157 106 208 55 178 13 421 30 160 264 119 338 231 90 317 230
218 444 12 42 304 255 395 224 376 116 439 61 310 111 98 216 127 398 102 440 100 69 334 391 401 422
296 367 366 236 337 396 254 240 417 233 5 227 353 408 393 282 189 136 323 80 35 84 8 28 286 368 371
448 346 163 43 183 113 349 316 23 187 303 11 436 170 36 226 31 351 443 340 278 259 413 19 154 79 425 222
290 181 427 104 223 142 392 331 205 135 137 123 156 347 83 211 330 380 52 219 378 454 147 397 429 185 272 232 307
172 357 105 94 114 381 388 234 437 314 153 431 306 124 389 186 164 63 450 409 352 2 284 268 228 67 171 261 434 423
