136
400 446
236 323 103
129 368 178 38
416 309 302 295 42
415 89 448 241 369 132
55 337 33 306 74 158 352
329 364 454 138 274 139 427 384
16 46 112 348 190 326 425 110 430
346 135 321 393 186 149 284 372 9 8
370 461 131 86 185 119 401 325 70 404 108
48 460 307 28 144 191 355 101 35 406 409 207
222 78 212 316 26 273 156 98 39 161 353 342 397
198 27 359 277 111 105 221 438 3 279 67 206 22 219
201 351 422 437 314 97 12 259 374 392 1 386 349 29 31
209 199 239 299 87 155 113 213 195 121 267 204 152 315 382 258
254 420 71 106 226 334 322 54 340 184 179 280 312 237 249 115 399
77 366 362 300 122 69 373 408 375 82 268 265 457 116 148 256 294 166
5 81 286 32 332 56 396 272 66 60 417 379 251 65 288 229 211 414 234
99 266 356 433 367 290 429 455 292 140 167 51 10 109 61 394 301 233 176 389
142 343 381 4 40 173 282 93 271 102 328 344 398 52 36 85 333 45 308 181 63
431 75 126 361 428 43 331 95 182 183 59 260 320 261 380 440 246 177 244 285 391 412
385 172 217 15 357 443 230 452 360 327 73 20 88 216 388 403 451 124 133 175 159 232 94
24 358 154 68 23 164 263 203 194 19 165 188 25 160 11 395 418 240 143 218 17 365 270 80
214 41 192 253 423 205 127 13 441 223 445 402 376 419 411 169 7 390 6 49 298 313 147 130 447
242 0 444 421 174 283 117 197 114 459 319 434 128 345 50 310 336 224 228 91 57 79 410 83 76 64
220 252 275 104 339 107 157 227 92 247 341 330 262 84 137 278 317 125 378 304 338 297 18 383 235 202 37
120 231 255 168 405 193 146 281 303 442 170 171 72 34 296 162 200 377 196 347 141 458 363 123 90 350 464 387
335 100 96 225 62 243 215 432 413 449 293 289 371 210 163 53 187 436 439 424 58 318 407 456 208 151 180 245 238
463 134 305 311 426 264 462 118 435 269 354 150 44 324 250 2 257 248 21 453 276 189 450 291 145 14 153 287 47 30
