235
110 165
37 435 53
270 267 409 220
419 41 462 178 54
63 320 362 80 111 56
157 9 234 291 135 259 25
407 2 411 329 278 121 401 59
262 372 149 287 408 423 297 351 182
355 317 205 324 207 93 274 33 4 240
171 156 384 20 443 17 308 370 303 330 94
359 208 142 239 134 300 45 209 76 280 309 245
227 95 43 283 191 368 218 96 69 48 434 265 264
214 222 269 99 261 192 374 160 84 451 325 213 223 109
15 339 432 290 232 79 251 106 148 306 228 276 388 389 189
46 458 289 404 358 36 62 231 168 176 188 313 343 107 383 296
55 437 295 186 8 89 453 19 18 101 337 253 112 145 395 136 376
10 318 125 361 413 163 350 436 141 263 348 119 425 82 161 73 58 314
133 1 233 406 426 90 393 335 243 311 332 293 344 452 390 124 281 103 420
23 159 256 217 237 97 198 116 427 377 139 249 201 5 98 126 81 162 151 271
421 30 147 244 169 331 166 382 206 387 326 342 461 279 319 246 397 224 386 26 307
12 230 83 158 250 248 34 367 154 52 385 441 102 360 117 438 464 440 77 127 328 0
146 152 123 254 108 65 405 292 129 433 255 203 380 399 115 275 312 403 459 446 373 418 137
187 66 88 184 78 449 354 197 174 181 114 31 378 150 200 100 428 266 130 316 381 87 215 365
422 282 51 439 272 39 143 414 122 301 363 28 85 412 321 67 172 450 216 167 347 72 284 74 193
410 86 57 105 132 21 298 138 113 424 285 38 199 323 238 177 447 47 430 13 364 183 91 16 194 257
394 104 252 334 71 398 49 24 242 371 170 140 415 219 375 392 305 391 3 247 448 29 179 457 379 333 204
463 302 322 315 128 346 164 340 6 225 14 32 40 212 288 310 44 229 445 460 456 155 400 357 118 396 356 444
22 352 416 304 431 60 175 366 190 241 345 417 268 196 210 336 341 221 202 120 429 327 42 50 180 70 195 402 273
11 258 153 349 185 442 64 226 92 260 294 277 173 338 369 144 353 61 236 211 131 286 68 27 299 7 454 455 35 75
