270
88 237
120 275 375
293 266 57 166
317 403 413 13 127
175 99 74 248 408 25
56 279 335 53 288 179 277
427 220 357 396 167 49 333 341
311 22 416 432 336 63 261 157 221
332 176 378 324 102 379 64 117 224 454
255 262 226 182 409 381 121 464 110 461 241
246 217 126 367 148 321 155 129 326 82 259 213
55 303 439 268 208 398 59 3 356 402 170 281 452
79 103 66 263 249 463 448 2 392 391 316 67 411 319
340 211 153 253 37 7 370 71 41 436 433 0 209 174 172
133 4 137 329 247 407 384 46 62 83 306 337 149 431 289 132
145 205 135 98 264 142 89 304 115 21 123 171 405 190 188 283 128
72 93 43 108 444 40 284 26 359 50 422 183 272 109 1 105 361 325
223 456 186 131 160 151 141 389 73 371 294 458 125 296 354 96 139 287 440
360 449 451 256 265 210 410 250 33 238 292 156 232 94 8 260 146 450 198 344
158 273 334 48 61 421 302 330 267 342 229 297 14 106 194 339 320 70 233 20 189
193 60 308 426 420 178 69 460 119 240 140 363 212 75 104 16 27 286 295 382 385 377
291 225 81 400 85 163 390 230 97 5 165 84 418 138 438 369 9 177 353 169 373 118 76
143 345 446 130 206 351 38 300 42 429 309 19 159 35 312 34 184 331 161 32 192 168 164 18
459 173 428 134 252 322 417 147 107 278 200 196 301 23 447 393 328 95 111 271 406 222 441 347 434
87 387 352 350 364 349 310 202 414 12 112 313 362 100 318 365 274 228 397 338 204 327 343 239 462 201
236 91 285 51 443 258 36 234 113 219 180 282 374 305 399 191 203 242 455 368 235 372 31 39 280 218 181
86 215 395 412 28 388 376 380 358 437 299 394 323 401 185 101 415 47 251 315 65 257 453 80 348 162 445 457
197 15 430 442 30 77 45 68 424 187 90 152 276 419 144 199 245 52 386 122 227 231 154 124 314 298 92 54 254
243 290 216 244 435 11 207 116 24 29 114 136 366 307 423 195 404 10 383 355 44 346 269 17 214 6 150 425 78 58
