307
181 448
345 61 305
177 135 282 285
380 9 359 123 428
450 159 329 199 6 293
451 90 16 316 236 339 460
136 75 131 314 318 446 54 100
105 244 227 324 209 82 270 241 163
40 438 127 151 298 210 73 214 118 125
202 391 174 59 323 388 234 287 311 31 327
215 457 445 207 42 249 83 165 48 449 452 233
462 300 191 328 91 166 441 198 320 330 408 132 385
158 200 60 250 5 21 192 33 186 25 23 423 299 148
375 228 194 78 231 389 456 110 102 353 156 183 72 346 128
461 343 379 30 306 106 417 39 201 409 418 89 101 344 46 247
126 259 399 370 262 277 14 121 237 120 263 410 368 439 266 63 295
143 254 444 11 349 361 173 160 393 454 189 116 129 272 239 364 413 212
252 154 180 0 113 152 185 362 411 286 230 367 67 325 26 41 36 308 50
303 70 280 235 421 275 20 321 337 429 268 342 396 354 386 57 187 205 140 35
77 104 168 350 264 281 376 255 142 332 265 347 447 81 425 392 44 436 458 319 315
66 172 296 348 164 246 211 232 150 442 402 424 289 248 96 144 1 383 224 157 47 336
217 13 178 19 218 10 22 434 193 28 138 188 43 351 274 141 155 197 74 243 341 390 17
464 37 333 256 162 240 433 130 15 459 196 206 382 38 261 195 238 167 260 149 93 79 85 422
294 276 381 122 51 415 309 161 273 52 8 171 398 400 112 204 430 124 412 220 213 103 463 401 190
45 64 257 76 98 363 288 7 134 119 24 253 92 219 251 179 147 301 290 352 414 27 365 397 58 443
3 331 137 404 403 117 313 355 369 431 65 358 55 176 32 420 216 97 338 53 419 86 453 374 153 387 258
427 357 283 245 366 49 291 84 405 377 169 229 426 394 115 334 170 221 284 18 99 312 304 139 317 279 34 302
71 435 269 356 56 440 182 297 145 108 271 12 133 69 310 432 4 114 416 87 208 146 2 278 267 68 203 80 107
62 88 94 371 222 184 455 360 326 437 395 111 225 292 226 373 175 223 372 109 384 322 406 29 340 242 335 407 378 95
