370
373 335
463 76 289
286 275 158 390
257 406 11 296 116
422 248 411 334 93 84
400 64 78 273 432 431 232
131 255 423 209 415 47 363 152
367 242 44 265 287 0 329 90 434
110 417 102 135 336 433 228 398 368 459
221 121 51 130 404 350 330 229 324 12 396
144 173 108 426 28 457 43 40 211 143 117 61
260 238 356 394 139 210 171 250 107 199 120 168 167
288 369 181 410 437 333 145 245 75 134 52 23 205 106
304 132 322 193 88 222 10 343 136 213 133 355 7 252 383
402 35 358 429 413 454 92 271 270 15 365 371 285 272 183 99
165 391 276 37 179 95 436 113 300 405 97 235 129 25 345 256 202
320 346 315 227 67 274 277 170 234 9 176 34 447 419 246 388 409 126
385 218 401 114 111 461 13 39 258 268 267 397 387 420 127 243 86 430 71
450 295 262 328 407 263 159 54 384 395 319 321 109 424 378 292 427 440 347 91
123 178 453 100 29 233 137 283 460 56 24 198 157 190 195 452 341 48 230 280 2
104 311 308 59 98 214 428 21 353 200 81 207 87 421 55 357 156 340 386 82 149 191
53 282 17 83 339 62 77 348 31 73 338 441 399 449 416 186 261 326 337 303 314 302 317
351 217 163 359 19 50 362 96 151 241 293 375 408 185 105 192 444 4 279 42 6 187 204 140
216 124 89 354 414 141 115 464 240 65 438 112 244 14 294 307 412 249 174 316 443 63 389 128 26
188 1 344 36 318 169 366 223 247 239 364 253 418 360 297 237 175 290 138 309 458 60 251 342 212 180
361 5 313 118 392 147 70 291 49 184 225 46 446 372 68 425 182 284 310 254 58 161 41 393 231 194 30
150 79 442 201 215 224 155 377 142 69 32 352 323 325 146 162 154 376 177 164 189 403 33 448 18 219 38 85
22 331 196 332 305 166 160 16 281 226 220 208 20 72 445 57 172 80 101 269 125 119 435 74 382 278 374 380 197
455 94 327 236 349 259 451 381 301 66 266 8 379 456 312 103 206 203 153 45 462 306 3 264 298 439 299 27 122 148
