126
247 268
160 89 203
410 127 0 372
189 464 461 330 343
333 296 286 394 441 167
389 422 351 245 204 455 246
259 176 276 25 62 96 442 450
4 45 84 277 397 133 60 275 23
139 360 78 257 224 414 136 329 349 186
93 85 119 456 313 436 337 402 8 142 49
212 300 131 100 263 463 377 225 318 325 79 72
382 412 120 359 227 401 90 371 298 220 457 339 230
208 31 110 112 99 399 121 363 258 242 295 181 56 420
164 47 280 15 346 102 107 195 305 238 319 304 243 303 256
353 278 71 462 101 354 416 205 341 39 302 206 417 396 287 345
216 29 407 209 378 63 379 409 387 294 314 5 66 376 352 430 273
103 432 214 108 323 192 340 357 52 165 190 154 260 355 425 235 180 75
237 322 315 17 215 74 95 350 22 244 222 135 388 405 109 419 423 88 223
446 51 134 197 193 228 10 210 365 171 282 255 161 6 443 92 178 301 152 111
115 82 191 265 373 386 448 453 194 324 348 41 226 114 332 358 40 77 179 374 458
20 53 234 344 169 86 80 141 140 292 308 375 200 413 113 431 261 213 149 67 123 370
317 168 347 184 284 151 391 264 58 61 68 199 33 290 207 299 293 249 43 271 426 424 306
91 42 187 105 254 196 439 57 125 124 310 395 50 201 27 252 449 130 326 117 9 137 380 170
309 83 155 19 342 266 221 253 98 104 3 274 128 185 36 34 369 129 288 13 427 217 229 177 231
59 415 55 327 159 384 198 404 451 148 433 232 435 97 434 87 383 362 116 54 452 12 38 37 182 392
390 122 65 166 398 11 236 143 281 157 219 368 289 240 248 147 364 328 312 445 106 7 46 14 76 335 269
331 444 270 73 163 291 202 233 64 338 1 2 241 150 48 211 408 429 118 81 69 18 35 174 311 393 447 307
366 26 144 279 418 356 218 297 70 334 188 30 153 460 162 94 146 44 172 316 183 285 437 459 454 158 320 16 32
428 156 438 321 283 421 272 267 367 138 381 250 336 21 385 400 411 406 262 24 132 145 173 440 361 239 403 175 28 251
