139
102 103
429 426 127
397 399 377 326
148 26 422 419 204
121 83 105 410 344 212
391 347 359 334 411 298 65
308 138 211 46 145 135 69 104
252 170 39 233 167 374 407 37 437
363 264 342 221 226 289 224 100 230 63
268 31 192 248 369 291 74 203 150 402 56
51 48 322 54 195 275 131 319 283 101 172 360
280 350 64 364 217 36 223 285 97 193 209 338 253
205 262 274 282 89 279 446 151 106 108 321 44 40 178
171 14 234 208 75 401 325 315 435 288 155 324 132 251 129
59 442 173 96 259 218 124 152 447 184 427 143 405 128 82 398
243 180 381 35 38 9 168 169 361 115 27 140 310 340 434 329 440
351 114 80 393 240 19 119 232 445 188 30 28 303 376 112 276 77 5
53 8 158 130 185 316 305 424 335 455 25 287 210 7 327 66 70 452 10
354 366 277 352 85 99 198 450 451 378 228 436 120 62 255 430 122 68 296 160
4 154 423 45 400 123 197 302 126 443 182 317 246 215 225 387 438 418 454 328 118
202 432 196 3 307 382 461 2 78 110 417 260 301 91 425 181 379 199 174 219 415 201
294 464 71 18 55 395 43 231 216 42 362 67 117 284 257 237 263 86 144 265 388 358 323
137 194 346 300 330 258 162 408 88 386 414 141 206 272 90 161 95 373 371 23 134 175 273 87
383 11 336 457 156 247 462 52 293 412 133 320 235 345 343 207 34 439 413 339 375 1 24 333 312
213 179 60 332 295 29 107 58 449 441 227 392 365 458 93 229 318 249 250 313 406 190 409 245 271 306
163 421 341 299 236 165 222 270 370 92 72 389 49 256 266 244 113 61 267 254 164 142 453 309 111 420 241
183 157 311 47 428 57 348 22 33 460 109 372 269 390 456 353 187 261 146 355 6 396 176 125 331 15 238 286
459 166 380 177 94 147 394 278 16 81 403 98 314 191 337 32 214 290 220 448 416 41 189 149 79 356 76 153 73
242 431 463 136 444 116 385 367 304 21 281 20 200 0 357 84 404 13 239 50 433 384 368 159 349 186 12 17 297 292
