13
370 323
100 272 417
328 301 146 198
395 451 309 366 387
258 26 435 177 63 401
61 371 23 178 246 449 397
377 54 140 139 336 110 243 119
304 412 294 424 261 171 420 151 179
317 93 83 308 277 361 19 207 248 457
278 459 45 303 36 148 342 448 98 255 256
147 362 265 411 67 97 388 346 136 192 353 280
4 382 429 393 153 125 38 169 166 105 182 12 214
290 428 213 442 226 454 440 218 131 446 287 373 409 39
173 128 113 20 332 253 408 276 216 152 5 427 357 94 425
443 77 385 363 9 89 340 306 399 150 250 461 279 86 130 360
390 231 405 43 386 195 161 35 165 205 120 232 413 109 229 212 84
273 101 18 121 316 220 351 416 404 189 190 254 221 34 172 324 104 222
441 46 452 410 202 297 167 99 224 210 249 51 157 418 329 305 215 16 228
431 242 72 64 126 17 163 80 6 197 335 334 33 31 396 168 32 28 245 44
455 11 142 204 211 437 193 433 456 127 118 223 21 203 133 406 234 180 102 138 141
257 58 330 463 186 379 74 392 251 260 344 233 286 263 209 117 194 174 95 414 81 59
217 76 347 227 208 383 3 241 53 419 124 237 158 400 372 88 70 285 314 318 289 123 422
122 82 355 296 183 337 10 302 27 196 156 162 322 338 60 326 313 247 42 199 380 22 415 49
311 450 293 68 144 85 291 132 160 238 78 364 129 423 343 341 114 14 0 230 398 464 264 262 73
87 181 206 349 52 307 239 7 269 134 2 106 185 298 368 37 135 111 48 116 235 300 458 92 66 365
155 170 112 339 389 24 225 8 30 348 381 325 266 331 460 187 115 288 445 274 96 41 267 55 367 391 252
275 394 184 434 447 108 107 439 421 312 176 403 236 154 354 143 91 40 240 345 356 259 191 292 453 310 333 375
69 376 47 327 15 29 402 56 271 319 103 426 299 149 369 281 200 79 378 25 159 57 283 352 436 438 62 75 350
384 430 358 407 1 321 145 315 444 90 359 65 201 270 164 244 432 268 188 295 282 320 71 219 50 374 462 284 137 175
