418
446 428
76 251 407
198 65 313 304
435 382 298 409 233
394 90 414 325 190 290
323 285 363 403 417 301 49
170 355 306 91 149 71 263 69
142 427 257 145 378 434 185 127 219
105 367 386 260 3 14 364 356 108 84
136 302 380 340 430 312 28 189 317 362 113
388 408 20 35 43 166 358 442 41 237 184 133
62 321 457 176 172 411 194 83 139 294 415 5 373
23 261 109 67 124 182 6 246 346 158 97 116 376 152
125 197 433 153 110 423 75 324 87 206 462 307 54 227 273
397 416 143 38 58 32 120 361 374 193 195 45 226 276 223 339
146 335 131 387 343 453 159 406 160 267 337 455 57 395 365 155 9
314 231 24 10 181 178 179 122 13 82 92 347 0 33 134 103 348 222
115 280 279 168 405 200 217 399 94 161 4 187 422 203 138 398 345 299 147
1 330 204 258 79 126 129 80 432 17 310 424 259 22 344 154 68 277 162 114
150 250 333 289 236 448 15 413 372 118 459 262 360 265 100 156 192 202 104 296 288
232 191 208 295 128 439 199 370 297 452 315 21 42 464 171 271 254 270 74 456 300 421
36 334 148 243 72 357 107 175 404 282 392 177 7 396 228 117 205 151 51 144 218 425 305
327 77 402 449 375 353 81 389 426 119 253 16 52 169 350 225 211 286 379 438 252 173 269 61
240 101 78 238 441 309 93 429 212 37 112 268 318 371 349 410 73 30 249 50 245 123 444 48 234
27 447 137 450 383 220 247 25 316 341 244 196 241 359 436 163 272 454 31 34 214 188 98 275 157 210
451 331 242 167 320 12 8 111 336 11 99 283 229 385 201 40 390 164 63 351 284 443 352 412 248 59 311
53 458 39 384 431 135 19 381 328 342 64 419 354 165 209 102 369 95 89 85 213 174 121 66 366 319 445 461
44 401 368 329 55 18 216 88 60 274 106 70 391 463 293 221 132 322 303 46 400 2 281 239 292 215 140 437 86
255 332 183 235 377 256 224 420 207 264 96 338 180 393 266 29 278 56 186 440 326 47 287 291 230 460 130 141 308 26
