18
182 52
389 291 171
304 22 28 249
361 460 280 206 288
300 139 241 136 400 109
101 69 169 308 292 405 388
24 120 194 70 131 447 316 79
347 8 372 90 148 178 398 1 14
352 97 380 25 209 401 268 145 114 45
118 143 257 116 296 326 60 236 375 183 272
151 368 260 299 261 279 175 30 64 201 210 463
219 62 63 160 184 395 77 32 165 200 204 196 53
307 431 20 91 158 234 346 144 281 413 293 16 358 324
6 245 407 66 155 188 74 258 166 12 3 51 176 68 417
332 457 95 130 315 197 83 270 384 419 251 390 383 369 104 162
247 399 41 61 298 238 450 243 277 290 305 93 355 253 221 108 57
364 427 244 381 335 448 227 29 105 167 164 15 2 161 222 397 103 422
382 442 124 340 111 274 220 110 333 429 309 123 449 356 282 430 117 27 100
102 373 262 462 379 119 386 354 412 96 89 254 348 240 329 224 65 287 264 318
263 72 156 152 366 190 98 233 436 459 56 163 107 437 250 198 278 360 59 403 341
127 177 273 428 112 122 416 54 202 377 252 133 441 132 58 456 73 39 168 302 128 424
321 242 365 266 10 418 42 82 229 301 47 71 455 393 391 141 404 31 181 228 135 317 11
153 157 78 443 446 185 434 345 218 35 343 328 92 464 159 385 193 86 5 212 44 265 126 440
367 173 37 205 319 370 142 415 303 314 312 36 461 444 283 106 13 313 438 180 125 396 121 284 179
146 458 203 226 285 216 113 336 297 320 357 19 50 26 149 75 17 140 339 76 426 207 363 420 409 150
306 337 7 349 410 213 99 445 67 189 88 267 432 351 439 402 38 214 230 211 9 23 192 55 223 331 134
259 322 362 80 215 378 239 271 406 275 237 85 81 344 255 453 451 330 414 21 115 425 34 256 40 87 276 334
33 217 452 154 423 174 172 311 43 350 191 0 435 170 147 84 323 94 199 376 48 187 225 433 325 359 49 411 137
327 394 295 269 4 454 387 408 129 186 421 374 232 338 235 248 246 286 195 342 353 208 371 392 46 294 231 138 310 289
