116
141 26
391 199 134
324 137 119 346
392 301 251 365 135
96 124 79 129 310 449
399 417 378 277 38 295 389
186 390 330 235 367 320 92 268
193 160 356 122 131 240 395 74 53
130 220 81 155 148 165 434 308 322 56
110 228 87 401 280 93 152 348 211 85 42
43 409 461 177 419 120 234 215 188 361 335 377
387 24 407 184 171 174 60 185 256 325 9 317 66
254 140 117 212 445 218 225 108 58 95 385 106 456 232
421 156 31 269 336 157 102 80 223 276 420 52 355 238 150
217 98 372 88 175 427 460 190 425 457 179 46 15 261 4 149
411 11 263 450 270 442 181 54 236 412 286 462 172 360 430 139 68
105 205 379 101 44 158 89 125 426 200 13 403 455 173 59 144 266 344
221 305 194 100 239 353 210 381 37 39 281 245 300 394 154 288 233 332 94
170 260 374 19 73 257 396 48 338 10 285 75 28 284 204 146 345 50 441 82
292 371 464 198 414 406 347 438 398 388 23 341 133 267 145 282 349 22 62 202 99
265 176 358 180 206 452 226 3 34 32 70 275 435 67 161 302 40 287 153 416 113 258
229 168 363 384 164 65 246 162 359 458 364 402 451 433 400 273 453 169 289 213 283 17 49
136 2 187 36 104 343 327 64 201 138 376 393 83 337 459 309 437 224 128 405 183 21 5 127
114 77 313 350 209 230 20 342 291 271 410 248 311 30 191 294 142 334 0 241 253 214 440 318 7
97 69 424 297 333 8 418 278 166 63 415 132 237 203 274 299 27 422 182 111 107 227 76 408 196 163
244 121 178 78 6 71 326 380 86 447 262 303 195 57 159 357 255 314 167 312 319 103 432 279 304 315 316
55 383 272 404 454 293 397 219 197 192 429 25 446 231 247 16 444 368 373 147 423 189 443 1 51 208 362 72
249 151 323 12 354 14 298 428 222 321 35 307 29 340 413 47 370 143 216 366 382 448 369 339 329 463 290 109 439
123 264 118 33 242 431 243 112 250 126 328 252 84 259 386 436 331 61 45 41 352 18 375 115 90 91 296 207 351 306
