102
210 375
27 156 254
177 353 278 49
37 104 258 464 135
212 283 165 96 117 411
113 432 343 160 218 235 163
319 137 136 397 29 91 13 289
326 81 232 342 178 195 404 328 63
416 444 352 230 159 367 284 321 222 265
94 173 65 32 364 402 98 42 256 15 340
288 435 185 141 50 202 445 179 122 438 90 66
450 280 308 351 387 3 188 433 182 457 298 322 260
292 248 405 132 312 266 372 396 143 429 409 463 244 120
68 414 330 270 112 392 97 198 314 146 229 401 317 18 6
88 31 23 380 250 99 425 253 446 448 220 395 192 408 203 286
166 403 420 175 41 106 26 389 40 209 365 151 379 366 336 217 436
305 148 344 318 8 158 417 290 385 133 358 231 30 101 255 11 139 186
167 376 251 279 193 356 142 128 154 415 406 53 338 187 386 246 215 80 384
355 76 382 323 109 12 140 208 22 388 304 204 277 398 38 337 131 169 377 191
412 257 361 371 213 413 157 233 10 453 161 70 300 410 57 303 21 107 240 45 206
72 184 170 320 354 124 52 247 443 297 460 67 407 33 264 301 51 332 74 39 276 393
439 1 126 43 5 95 84 108 262 391 64 123 427 100 434 14 282 201 127 381 61 147 341
236 85 287 60 295 183 35 272 34 419 194 329 456 424 378 459 227 174 92 234 103 423 197 315
152 437 294 369 249 224 162 333 334 357 422 281 428 116 214 238 44 237 221 207 447 172 153 373 75
363 239 426 350 299 205 442 242 310 307 171 150 58 118 71 155 69 285 125 82 394 86 28 110 56 223
138 400 121 346 200 180 399 331 440 268 291 211 273 145 345 164 87 114 105 461 368 458 325 48 313 451 134
36 7 115 9 296 263 144 219 275 362 374 168 47 271 269 190 181 77 274 20 130 430 360 339 449 293 241 83
347 54 93 2 421 189 4 302 55 306 252 431 245 462 79 418 228 17 327 261 390 324 73 149 359 370 16 349 24
46 267 129 311 455 111 196 78 335 348 225 59 25 452 89 176 259 226 454 243 62 19 0 119 383 441 316 216 309 199
