57
460 65
73 288 155
342 47 328 435
7 78 133 50 345
185 182 416 138 18 369
119 60 390 82 215 301 404
252 402 204 340 380 83 213 189
463 58 212 130 90 271 346 68 39
108 134 188 376 127 317 348 152 464 193
428 303 10 38 35 135 371 415 85 21 198
101 296 125 421 411 281 364 331 399 292 405 187
291 8 169 221 16 290 0 218 61 249 106 53 420
344 374 36 280 17 192 314 75 27 142 425 162 338 242
243 145 324 56 216 451 247 230 393 336 240 455 410 84 67
424 99 63 287 116 361 274 263 343 118 202 273 418 427 160 66
227 239 442 171 436 372 375 246 297 111 423 137 356 88 44 154 226
59 244 312 161 140 77 166 3 334 337 445 95 92 180 197 282 52 432
214 253 203 370 126 228 422 449 123 457 294 121 441 91 231 254 409 229 70
329 79 461 265 71 232 330 128 354 430 339 335 305 293 181 385 299 323 408 129
139 396 302 98 310 157 190 172 89 209 28 224 40 102 270 377 306 401 103 1 260
124 93 311 426 132 86 41 412 206 199 439 433 417 107 258 146 440 15 251 400 326 394
397 358 438 175 151 80 167 382 413 319 105 153 308 403 276 55 201 349 452 363 115 406 148
147 72 341 2 184 347 9 207 367 110 245 267 109 97 112 256 322 23 54 179 278 327 30 320
289 283 269 248 14 48 150 100 264 5 307 378 241 255 223 165 22 275 295 13 233 122 383 210 437
144 250 434 163 87 386 387 332 286 325 19 268 398 149 443 200 316 141 158 300 136 237 419 235 205 173
333 261 217 444 234 117 194 431 456 407 350 104 74 458 62 29 11 20 34 219 365 391 238 49 31 257 392
174 191 196 352 459 96 259 164 114 225 183 186 266 12 46 414 446 366 357 395 159 462 313 170 143 353 454 389
26 195 208 453 45 113 315 284 262 279 6 69 222 379 309 120 131 236 368 298 384 429 450 448 168 32 94 304 156
359 24 220 388 285 447 362 272 4 211 176 373 81 321 43 64 355 318 42 360 76 51 351 178 37 33 381 177 25 277
