252
125 180
29 145 448
442 91 455 230
77 269 290 86 176
301 460 406 93 118 435
237 111 295 384 387 207 275
83 239 307 359 302 268 416 419
85 429 453 219 37 270 163 356 383
157 299 129 64 119 97 258 33 159 380
173 52 177 218 54 370 316 106 296 170 181
201 4 146 251 412 278 450 254 48 32 188 215
203 261 405 160 374 171 262 96 88 294 108 204 214
276 246 313 122 31 371 158 224 409 445 410 169 13 136
139 194 193 420 321 200 10 253 81 161 78 427 104 256 309
318 440 348 149 6 288 46 40 92 396 12 327 89 74 59 189
368 35 220 117 209 47 404 1 358 18 250 121 282 266 227 422 415
198 73 300 344 459 94 21 439 53 80 283 274 286 222 398 308 293 115
167 50 280 185 314 337 432 202 147 426 444 447 244 367 417 142 66 36 132
336 131 156 279 124 63 7 369 334 205 292 150 183 373 206 324 350 191 354 402
306 71 297 389 240 102 95 17 379 343 312 436 364 353 449 456 172 116 210 144 216
464 166 247 8 326 338 39 315 128 328 310 443 126 174 135 329 263 298 175 208 155 123
24 235 277 67 152 407 69 305 70 431 90 30 148 304 461 320 376 333 386 232 241 133 15
265 143 382 413 112 360 87 26 243 342 231 281 2 76 255 285 430 424 45 403 325 195 346 345
84 42 452 378 199 236 451 34 107 428 141 82 100 361 58 351 187 28 393 408 381 16 65 260 223
134 179 62 390 44 446 212 363 341 226 366 400 421 355 349 154 377 303 331 151 140 3 213 68 110 138
289 311 38 284 153 434 352 330 385 397 365 60 23 162 0 79 101 20 103 41 5 9 248 165 437 196 238
322 75 22 19 190 458 137 178 287 49 411 291 164 462 229 259 72 401 271 457 186 99 105 242 317 249 233 335
197 234 433 414 463 184 192 61 357 182 114 55 127 425 11 113 323 25 438 264 272 217 98 211 57 362 43 130 257
441 273 221 375 339 56 388 395 392 372 228 319 267 418 347 391 120 109 454 394 168 14 423 245 399 27 225 332 340 51
