4
10 159
242 435 187
138 202 213 428
52 417 350 241 210
298 154 120 399 390 5
409 410 125 330 266 11 286
95 291 152 395 347 63 389 155
333 188 360 20 110 355 281 393 344
174 284 420 456 455 74 183 391 257 0
144 212 278 323 397 464 400 70 442 283 337
357 246 16 21 109 83 26 433 57 46 47 346
121 77 238 268 193 454 295 133 398 448 166 325 414
307 256 388 370 136 115 28 30 244 1 76 331 195 408
308 440 293 339 366 303 351 368 258 141 274 290 228 72 156
320 265 316 12 275 317 153 299 321 260 312 296 61 194 116 158
179 411 432 342 186 217 53 423 374 55 367 88 380 439 288 363 185
119 309 424 287 38 225 173 300 463 364 253 205 94 403 99 425 23 13
39 264 25 314 452 148 3 259 29 277 31 60 419 431 348 44 240 279 372
192 392 17 250 86 80 444 326 168 263 384 373 184 191 251 356 227 457 427 36
189 171 404 443 164 239 222 328 276 371 7 32 461 449 245 261 98 221 412 108 232
341 359 2 340 280 97 220 378 15 175 243 377 51 161 318 270 218 64 416 106 345 22
231 234 292 353 126 112 226 127 310 19 85 162 89 6 311 84 87 129 458 272 436 93 65
143 379 252 9 75 100 375 361 338 117 58 137 199 45 59 255 211 237 441 230 352 71 169 285
40 334 68 8 297 453 102 302 101 122 429 73 50 81 305 90 182 381 114 181 396 150 315 176 462
170 48 413 118 329 56 142 140 426 201 236 447 139 207 382 131 24 369 358 92 130 273 306 69 438 91
383 172 343 123 105 437 219 204 294 385 216 18 434 203 223 35 267 147 132 262 407 402 224 451 49 145 200
111 422 78 82 271 96 365 160 103 206 335 313 215 376 248 269 406 79 254 459 163 66 322 415 354 349 319 446
124 233 167 190 282 304 289 332 362 387 54 229 67 386 43 33 104 14 418 41 180 107 34 405 196 198 401 460 208
157 37 128 113 214 197 249 42 146 134 336 151 149 421 247 177 235 394 178 430 301 209 135 27 445 450 324 62 327 165
