46
343 21
43 159 79
422 348 34 136
100 151 400 172 247
373 346 436 275 428 299
211 80 217 194 295 440 171
358 307 56 383 401 273 304 325
310 402 329 437 111 276 308 403 374
75 189 227 397 37 51 203 116 360 202
255 226 258 165 225 12 393 253 438 144 326
224 140 312 49 104 386 359 132 460 39 261 364
320 426 87 215 124 181 363 179 81 84 323 347 328
432 387 103 270 318 284 291 167 345 220 65 412 38 157
97 457 208 456 316 408 445 55 212 274 180 459 45 450 166
218 77 410 170 303 213 25 101 334 134 209 10 186 391 409 351
444 250 127 454 128 123 443 330 155 117 381 150 433 146 251 301 355
72 311 319 327 260 205 95 160 163 162 302 241 89 42 415 214 158 396
462 199 112 63 339 453 421 137 452 29 418 420 149 196 52 47 20 254 183
399 204 382 93 192 395 252 90 173 283 278 120 68 53 365 296 335 164 229 233
129 4 392 35 57 0 317 282 22 439 240 175 238 210 115 376 33 449 85 424 245
324 190 384 429 435 264 182 369 195 139 113 64 394 125 135 390 298 290 24 300 61 243
461 178 201 246 332 354 193 28 349 114 5 385 321 228 148 141 294 416 411 9 105 131 447
235 108 142 6 368 448 71 78 8 267 380 58 184 407 441 336 244 249 313 18 257 455 130 15
197 266 378 370 74 463 289 11 372 147 314 464 350 239 315 446 458 7 168 431 174 272 96 337 176
31 356 417 404 306 154 342 322 76 30 293 268 23 285 331 99 161 366 425 66 451 206 1 281 388 353
288 216 54 86 126 222 122 119 277 110 60 153 19 362 200 297 92 234 69 379 2 98 143 263 236 152 67
367 237 230 118 333 287 36 16 309 169 102 430 50 3 305 265 107 442 405 187 185 94 256 48 40 414 269 156
279 377 198 231 191 280 232 32 434 133 286 83 138 73 91 371 427 389 109 262 13 26 248 398 121 41 361 221 341
242 62 207 44 88 145 59 344 27 82 223 423 106 419 14 271 177 338 219 188 413 70 259 357 292 375 406 352 17 340
