99
35 280
81 400 109
317 284 86 89
139 61 223 29 38
413 298 152 13 344 196
375 228 260 171 65 282 464
21 106 129 108 302 187 258 360
389 428 357 254 83 180 91 386 332
4 438 145 236 138 54 63 266 136 380
87 142 326 23 443 396 135 47 256 253 220
185 90 100 341 348 137 409 175 327 160 277 436
11 401 311 50 462 343 328 51 335 170 347 49 177
364 406 446 293 55 371 46 34 88 191 345 273 9 114
66 300 93 456 460 198 362 76 133 209 331 418 346 210 338
285 174 140 434 30 201 156 162 264 274 214 28 420 101 289 272
461 283 407 172 218 383 358 421 324 113 337 263 169 39 397 370 416
318 217 422 414 64 424 392 379 215 312 323 186 14 157 384 12 68 18
292 80 330 22 195 304 163 333 297 178 118 429 314 57 132 33 290 310 141
393 239 225 339 325 296 95 381 56 374 148 119 24 377 432 122 224 94 41 390
107 147 20 435 72 42 70 350 404 355 353 366 84 455 17 307 454 301 270 144 193
240 123 154 184 43 440 131 219 117 340 247 202 229 261 36 313 208 212 62 319 334 199
306 342 203 79 2 367 275 437 78 308 221 408 235 405 415 316 322 427 453 207 197 305 276
378 417 279 31 286 189 356 359 124 449 441 252 259 176 234 226 426 155 10 40 329 444 320 303
451 299 32 242 382 387 243 425 388 433 45 111 231 361 159 194 368 48 295 211 77 431 205 167 267
125 1 309 244 74 73 216 249 363 448 69 19 412 164 92 134 188 245 116 105 5 369 251 166 458 241
459 52 126 402 96 262 365 182 291 281 278 336 121 143 352 246 233 410 7 37 181 452 447 372 82 165 104
445 395 411 110 27 158 351 419 179 354 271 206 200 232 394 183 250 457 230 376 150 349 222 463 25 265 257 238
190 15 153 287 213 130 112 97 60 294 442 398 227 8 288 53 71 255 321 128 115 248 315 102 237 44 58 3 120
26 98 391 423 149 59 450 161 373 127 439 103 430 85 16 0 75 268 269 6 204 192 399 168 67 151 403 385 173 146
