330
68 184
241 310 72
244 270 344 125
206 399 203 20 280
336 435 335 230 139 400
450 187 460 417 416 50 263
257 388 155 351 222 247 232 93
80 402 178 130 15 283 95 77 345
420 158 38 278 404 373 64 248 43 376
340 74 412 288 58 150 227 143 214 226 311
193 253 113 228 217 306 371 297 195 352 210 2
329 250 285 448 202 258 14 123 6 377 231 282 368
319 33 443 424 180 252 148 29 197 90 219 464 430 145
213 405 48 338 190 49 411 273 149 372 121 198 413 215 315
397 7 54 414 312 94 409 393 32 154 389 301 260 327 116 170
237 398 255 274 407 383 156 236 235 159 266 31 40 165 61 320 182
302 3 42 1 408 56 286 287 82 41 322 157 419 126 451 141 401 218
70 136 431 437 324 284 308 289 242 453 23 314 367 316 18 140 395 365 390
73 26 452 294 11 69 104 364 186 55 19 216 128 22 353 162 24 339 349 277
300 238 163 100 406 37 229 204 342 108 298 384 63 347 246 449 375 456 291 183 295
354 269 332 290 446 188 363 65 325 459 151 387 299 259 147 88 445 386 359 191 166 12
403 86 142 391 98 279 337 46 272 102 264 10 343 164 51 220 79 458 207 81 201 355 28
461 209 303 221 84 175 360 421 334 439 444 124 25 92 313 370 97 440 350 30 392 153 331 101
71 106 13 245 425 181 87 281 66 225 0 189 378 208 317 426 276 122 292 129 385 410 212 137 305
152 110 107 5 333 357 200 44 127 179 436 223 109 432 62 463 9 234 173 59 254 146 103 382 194 78
75 35 454 67 224 262 196 321 105 168 185 169 251 256 233 380 358 447 434 429 117 362 346 369 111 379 249
57 96 76 167 415 53 99 304 309 131 265 323 135 428 52 171 144 267 243 177 293 211 356 8 328 318 17 120
27 423 422 462 381 275 115 160 34 307 271 118 394 21 119 83 16 85 457 45 112 361 418 134 261 455 91 205 442
132 374 47 174 133 138 60 341 89 240 366 326 296 433 239 348 438 199 268 192 161 172 39 4 427 176 114 441 36 396
