264
272 219
451 63 289
160 316 166 234
175 336 369 277 420
356 421 38 26 290 262
388 111 255 127 196 280 337
48 353 326 51 204 283 181 396
233 267 202 120 261 433 125 253 387
216 427 462 156 215 205 7 343 33 114
195 39 22 169 81 360 121 73 459 132 275
57 212 279 392 307 328 232 41 23 257 260 414
199 210 173 380 428 398 10 162 418 30 399 434 301
278 448 164 84 74 88 123 172 80 248 40 389 171 34
407 422 273 61 286 75 44 375 419 394 313 217 190 320 329
174 374 443 357 163 157 229 327 424 368 55 72 276 347 198 117
340 180 461 417 151 395 348 452 208 240 49 457 334 66 458 167 373
308 179 77 129 101 35 64 440 28 383 429 299 6 36 405 317 358 449
82 310 105 351 98 291 354 76 213 243 332 425 95 268 112 251 266 91 238
145 244 78 453 315 404 361 282 312 32 170 352 372 197 207 413 391 309 21 159
300 252 131 445 161 259 463 69 37 367 149 271 235 408 188 305 62 146 115 47 311
141 133 46 242 52 209 456 239 50 152 94 426 43 142 270 136 223 168 431 416 15 464
324 366 154 16 297 147 338 25 193 349 303 379 298 411 214 19 304 106 295 246 247 335 70
438 446 134 325 460 454 182 296 211 321 113 155 158 109 194 45 323 150 89 226 249 103 124 79
18 90 288 221 102 365 231 192 85 118 376 56 250 116 359 12 228 285 230 31 189 58 378 339 293
96 17 409 292 206 13 406 385 186 363 176 11 128 412 59 191 436 400 450 322 9 200 333 130 441 60
99 104 437 4 183 415 393 364 27 107 455 390 203 382 237 435 344 184 442 254 241 245 71 143 119 3 83
108 432 342 370 314 2 265 439 0 225 345 87 14 100 447 410 256 126 68 371 350 177 201 355 294 42 139 341
185 20 224 187 92 110 386 377 93 53 402 397 330 24 148 8 281 263 97 153 227 384 138 67 302 222 284 65 362
54 403 331 269 274 444 346 135 220 319 86 287 236 137 178 144 5 1 401 430 258 423 165 140 381 29 122 306 318 218
