368
232 339
398 110 30
360 458 152 101
107 132 174 389 302
346 449 77 335 379 274
204 424 161 272 268 27 255
98 399 92 41 409 336 372 362
84 42 194 273 111 239 326 62 438
178 94 122 81 310 396 369 296 287 143
169 248 242 390 294 419 187 20 374 309 263
342 435 127 413 186 179 219 185 400 136 88 206
102 386 354 65 80 95 181 166 406 364 142 5 305
116 415 146 436 164 199 278 412 340 117 14 180 247 50
43 350 245 440 452 218 45 229 425 48 426 209 282 220 114
453 198 365 134 447 423 22 70 420 348 308 378 103 444 404 40
357 430 113 319 78 158 312 367 249 397 311 196 371 450 115 120 329
106 231 170 156 290 455 295 259 13 301 75 9 257 73 52 34 384 234
4 331 338 236 264 60 125 358 407 344 123 17 433 464 417 171 267 210 228
416 177 12 193 39 439 332 10 157 454 207 289 307 408 131 333 370 401 118 277
119 215 353 306 224 130 57 155 230 135 316 261 355 279 411 427 104 83 93 49 421
183 108 29 304 250 269 15 434 292 256 283 21 347 71 322 381 86 184 291 318 377 149
343 428 133 25 11 61 59 85 403 298 44 286 214 189 213 139 251 74 391 67 222 280 51
190 431 227 266 138 69 153 0 270 317 212 26 445 324 221 330 79 460 463 182 96 32 200 168
54 258 275 16 361 375 235 97 58 320 442 432 323 53 163 366 46 145 373 299 262 429 451 173 33
160 148 246 356 76 414 205 99 405 7 461 150 422 252 151 188 448 91 385 87 63 233 109 265 217 334
216 38 28 23 260 35 410 203 392 140 271 351 162 19 1 437 456 82 238 191 402 68 418 300 137 100 225
383 154 337 66 18 126 175 72 55 243 345 202 349 388 6 167 144 313 457 253 380 284 128 395 2 327 241 124
89 314 376 31 8 328 297 237 208 446 281 223 165 211 443 359 3 192 64 129 47 394 462 36 288 441 352 24 254
37 363 240 147 276 121 159 387 201 293 341 56 459 176 141 325 244 285 303 315 112 105 197 393 172 195 321 226 90 382
