145
120 266
346 215 252
321 43 186 288
201 88 181 359 228
449 294 219 76 424 137
175 98 124 218 26 453 240
263 377 407 204 58 89 152 148
350 17 232 129 352 250 208 168 366
22 316 367 104 403 1 408 287 72 342
435 438 296 27 418 426 97 311 227 410 334
136 277 365 256 430 376 126 77 115 51 225 393
284 10 140 68 301 237 202 206 411 212 226 247 257
262 434 23 0 42 82 369 7 293 354 143 31 222 448
328 198 230 243 131 325 417 32 361 150 30 113 24 344 85
309 299 347 74 190 78 399 413 320 47 127 310 360 110 429 100
281 415 333 207 53 416 95 324 211 147 251 298 370 406 133 358 45
83 440 349 280 239 50 37 422 436 173 462 391 264 248 15 38 154 414
214 387 441 242 12 59 20 396 29 2 60 456 336 3 300 268 157 315 13
362 445 57 419 463 105 394 258 351 304 153 372 405 203 11 14 73 305 221 259
194 437 380 200 339 345 420 313 86 62 457 46 135 18 458 36 307 40 116 444 138
260 381 335 265 389 174 290 231 286 295 236 261 55 340 216 155 99 245 283 343 306 19
338 398 392 44 179 454 141 409 119 302 109 397 170 101 70 142 341 318 180 292 9 146 117
388 6 443 111 421 93 87 374 125 332 428 54 270 451 28 431 165 118 63 102 223 375 213 39
386 433 446 390 383 217 48 160 337 69 35 452 459 273 123 183 255 297 285 224 91 353 382 439 254
312 355 52 178 67 94 161 267 348 159 96 291 164 244 114 371 196 177 249 188 275 108 329 303 122 61
163 404 205 464 364 269 25 106 363 172 401 384 272 189 233 103 289 197 317 271 199 356 274 246 308 33 423
79 128 461 442 331 400 151 229 192 71 319 107 238 171 21 80 455 56 187 193 4 385 209 16 322 378 323 368
66 144 182 326 395 425 191 5 176 75 241 149 314 379 373 235 357 134 279 167 112 276 158 195 253 90 92 132 432
162 460 184 185 327 220 130 41 65 81 210 84 412 169 156 450 121 166 330 8 278 427 139 402 447 234 34 282 64 49
