254
434 113
266 240 147
20 404 448 214
140 313 365 1 269
144 177 149 259 186 123
152 314 336 32 318 355 160
146 363 9 155 107 115 420 193
267 307 421 308 378 172 120 38 136
169 357 87 72 413 454 79 111 239 289
405 358 285 288 433 16 403 197 35 220 354
344 248 373 384 124 54 141 459 389 194 171 426
359 323 422 150 2 379 276 6 0 15 195 117 231
196 40 47 43 375 225 445 129 394 456 192 299 345 33
222 51 67 327 21 148 61 185 226 106 443 295 92 142 442
3 90 64 82 258 430 428 343 287 213 346 300 173 242 377 219
108 93 381 278 234 296 154 230 96 457 76 438 97 333 410 335 274
265 370 132 75 22 46 78 163 275 396 286 134 68 458 294 13 425 94
451 330 182 139 321 280 316 133 151 411 301 127 260 44 409 36 126 23 187
121 17 348 89 83 202 122 263 447 191 101 228 251 439 461 238 257 436 291 444
446 432 210 387 74 55 338 408 118 221 281 95 455 385 216 73 164 143 48 272 416
8 86 372 247 91 50 7 28 170 88 119 369 59 176 188 116 112 376 324 180 400 367
279 249 138 246 304 218 159 58 305 25 162 11 232 229 252 161 334 57 440 339 42 351 361
114 244 332 125 382 198 102 243 366 337 81 349 201 315 463 241 293 261 19 312 427 200 406 34
5 431 39 441 37 207 206 24 183 435 66 204 80 250 309 424 31 65 271 105 98 227 368 419 104
190 418 156 70 205 85 137 145 395 310 189 407 69 311 460 450 417 362 217 297 464 253 56 53 262 388
52 290 268 360 236 273 264 298 270 414 178 49 235 179 174 10 215 29 166 199 203 184 415 233 402 168 181
399 412 319 364 453 84 284 211 131 30 341 380 306 449 350 393 452 71 303 26 208 383 326 153 371 110 320 353
128 317 63 100 255 347 283 397 322 462 237 352 130 398 282 429 245 392 401 302 157 99 60 328 158 390 356 45 103
175 437 165 62 423 329 209 331 292 4 109 41 18 12 27 167 277 256 135 340 386 77 223 212 374 325 342 224 391 14
