44
286 71
365 0 303
448 443 210 155
281 278 153 50 16
455 57 12 360 59 314
172 367 171 349 199 341 135
67 118 217 422 80 233 279 76
117 381 107 216 264 342 68 414 410
190 26 235 464 69 308 211 48 294 150
225 307 31 20 144 174 222 158 292 317 435
3 231 157 164 293 421 282 8 255 43 205 423
154 218 401 219 141 173 156 42 33 138 130 358 94
270 214 17 417 302 393 442 60 385 339 375 232 45 23
111 408 188 21 391 304 463 335 356 285 253 407 310 370 459
142 170 389 316 301 288 338 392 320 234 101 321 165 195 425 90
49 192 348 431 355 384 340 439 182 40 371 86 326 221 256 236 347
183 327 398 213 446 336 267 238 96 291 56 160 337 368 41 383 208 353
319 418 145 38 300 266 456 261 372 445 14 146 309 128 54 36 396 312 28
127 91 329 61 79 224 99 52 268 73 151 32 229 204 299 143 85 84 18 124
237 412 29 420 78 131 328 70 83 185 306 184 334 409 382 53 359 377 63 331 209
161 93 462 405 295 87 105 390 149 82 102 201 379 305 95 115 323 133 35 424 277 345
380 27 119 114 416 137 19 461 112 181 297 39 126 318 246 361 436 457 289 433 46 374 432
226 230 324 450 399 397 152 395 25 97 357 51 387 284 187 106 343 400 77 364 258 30 148 177
163 441 64 123 429 250 290 403 239 428 313 167 350 162 98 197 65 252 4 215 271 240 207 15 92
193 7 376 103 228 47 440 388 58 458 89 262 378 257 169 140 386 402 452 352 322 363 430 259 202 276
394 55 62 223 120 283 74 178 332 189 37 122 72 325 109 346 100 66 254 1 81 344 427 413 166 206 265
460 9 159 10 5 419 330 333 113 415 273 315 121 125 11 203 451 168 272 147 287 362 139 298 373 275 354 88
22 449 269 243 369 227 438 13 248 200 404 179 447 212 198 366 24 311 194 260 406 280 191 116 132 75 249 411 110
242 129 434 244 437 104 263 176 136 220 444 296 186 245 180 196 426 251 453 454 274 351 2 34 241 247 134 175 6 108
