32
271 299
301 63 289
428 43 10 308
450 75 430 207 104
330 205 192 262 163 137
288 402 332 15 7 278 326
460 143 83 116 52 380 242 437
451 36 154 59 368 400 46 261 67
252 355 259 71 25 123 341 373 14 457
334 415 196 369 388 382 267 175 456 150 127
190 103 300 304 322 331 183 40 349 335 151 280
216 189 282 45 94 13 173 228 60 129 206 55 463
337 197 92 391 418 89 236 161 204 56 435 390 62 170
22 1 307 114 198 371 78 47 328 142 362 336 139 147 253
323 195 53 462 464 416 23 148 376 101 257 39 269 249 200 360
231 69 138 434 439 225 449 397 224 426 433 387 347 333 42 459 178
340 213 316 392 122 367 6 64 363 404 385 174 125 446 274 188 319 86
230 167 281 239 12 417 199 244 443 427 279 72 306 16 256 309 172 124 58
359 364 266 133 265 77 21 321 412 409 11 408 65 29 51 432 118 38 263 422
156 302 445 24 342 149 182 378 177 9 135 345 181 423 425 229 324 220 258 84 237
297 320 452 221 291 399 96 202 214 454 107 444 293 185 420 159 212 313 37 90 286 18
438 203 41 217 57 105 294 168 232 318 61 406 251 405 112 152 283 26 458 128 160 295 27
97 403 136 91 165 215 218 226 184 338 153 377 241 235 310 366 88 303 74 270 353 30 277 219
115 28 273 66 440 311 339 85 436 357 95 292 411 424 82 421 246 131 350 317 31 401 374 169 384
327 272 144 329 70 134 4 98 20 68 119 389 234 375 448 227 351 157 8 158 130 245 222 254 33 81
410 361 108 290 394 407 100 305 386 447 140 442 419 117 325 429 453 180 260 284 343 243 372 296 201 93 132
344 287 49 352 44 248 223 193 431 356 166 238 211 348 398 19 3 370 255 461 126 298 121 79 441 73 176 315
413 155 346 247 5 396 35 171 102 395 208 99 76 209 365 379 276 250 109 80 381 145 48 285 191 354 187 414 393
146 141 358 54 106 50 314 34 113 164 162 275 87 240 233 194 120 268 383 312 186 210 111 179 0 455 17 110 2 264
