12
374 6
362 249 402
286 228 119 303
123 258 192 230 46
334 101 168 410 372 357
275 176 454 344 219 66 157
54 412 30 399 131 257 139 278
435 49 102 225 14 245 205 280 430
11 214 438 154 377 433 265 310 27 396
42 379 247 329 55 181 348 392 148 38 165
394 339 9 222 292 373 446 45 298 424 314 175
80 346 449 290 25 155 409 10 140 274 414 187 390
436 44 353 378 196 197 326 129 145 172 337 239 152 268
79 200 71 445 383 391 29 355 213 28 460 384 107 65 241
455 462 342 404 397 254 108 177 318 204 20 417 370 415 237 287
199 106 84 33 406 134 343 78 8 83 246 22 103 260 96 400 369
88 238 76 425 212 173 1 62 215 223 272 171 118 463 395 236 142 56
336 461 16 166 255 432 19 450 441 0 244 82 309 143 60 426 190 284 156
279 26 115 273 299 251 295 137 86 365 439 418 289 74 31 91 61 248 98 283
160 95 288 311 218 51 420 184 277 7 302 69 382 335 331 316 413 327 451 393 448
121 35 281 81 164 356 167 13 68 169 271 206 5 306 456 427 364 111 63 15 234 146
437 350 291 440 366 361 136 193 127 2 442 100 267 104 41 149 269 363 135 259 93 368 276
52 43 319 133 308 124 116 422 132 70 23 421 282 444 150 367 122 151 389 229 195 130 333 117
189 99 387 324 17 323 94 434 97 39 345 322 209 312 398 262 57 159 174 198 263 24 233 253 141
87 429 203 242 32 147 457 431 163 266 293 179 211 354 178 317 120 188 75 403 407 352 375 264 110 459
250 90 320 18 183 4 194 300 313 341 243 458 216 59 158 48 126 207 186 328 208 411 226 240 297 330 388
347 144 349 58 210 428 401 185 304 380 37 256 72 325 332 34 315 270 235 360 423 3 114 201 307 452 453 296
21 220 305 447 89 92 113 231 376 340 50 301 416 464 224 294 338 351 371 408 85 161 217 182 73 138 64 77 53
386 162 67 153 285 261 125 385 47 381 321 112 40 419 221 36 180 202 191 232 359 105 252 358 170 405 109 227 443 128
