141
432 36
351 420 136
206 414 134 374
311 332 120 385 429
49 281 133 239 150 96
394 370 91 363 23 92 185
32 338 303 430 59 132 454 68
226 436 306 171 48 362 257 54 274
301 323 154 187 334 77 117 309 123 142
427 2 416 233 155 318 94 464 255 212 156
38 327 279 312 167 441 375 119 401 262 73 359
143 70 152 140 146 39 273 148 51 439 173 333 259
75 188 354 399 297 186 245 290 9 85 397 339 151 158
104 450 20 405 114 352 300 87 381 40 93 396 265 115 220
249 400 336 112 47 409 280 258 288 65 126 458 176 277 426 53
238 242 175 225 17 462 178 254 60 217 0 356 404 164 422 216 122
55 194 138 71 22 19 129 349 127 5 180 204 191 219 383 310 380 161
214 313 45 234 444 328 324 44 252 101 461 157 453 78 269 12 364 50 111
341 302 137 69 26 207 377 459 52 412 100 231 286 27 200 298 415 64 373 326
293 98 384 331 121 116 108 25 406 407 72 215 195 431 243 344 211 325 402 272 387
209 1 278 266 81 15 304 291 35 378 392 440 80 296 457 31 190 391 230 388 3 166
159 460 433 84 184 203 386 256 358 228 196 224 437 317 244 335 253 235 124 41 145 237 463
445 79 232 24 343 353 268 355 106 227 169 246 210 347 97 213 88 56 8 221 183 321 398 193
7 322 314 408 86 299 90 16 62 250 424 271 390 365 410 37 289 33 34 275 28 434 107 452 125
13 236 109 283 403 263 448 451 446 456 346 340 276 197 241 21 330 57 153 366 6 449 369 248 172 371
189 264 43 319 218 428 423 442 282 292 144 58 417 177 103 63 421 305 199 360 247 147 372 294 82 379 202
208 110 267 350 395 284 205 270 447 438 411 149 76 113 342 367 29 95 139 389 425 285 10 99 295 201 287 337
413 74 46 307 435 455 128 83 361 14 135 18 348 240 67 315 179 61 30 419 105 251 182 368 42 163 162 382 4
308 345 418 11 320 118 165 160 443 170 192 260 222 357 261 131 168 223 316 393 229 89 329 66 181 102 174 198 130 376
