373
5 132
46 282 378
443 446 41 360
65 205 405 91 254
49 449 173 7 11 103
386 365 407 445 451 423 158
161 428 119 394 248 142 340 53
120 382 128 432 85 32 339 246 300
395 57 277 400 193 88 16 222 52 333
210 78 25 331 324 162 349 316 412 75 0
422 155 383 74 156 229 404 80 370 375 68 47
276 60 358 87 414 444 263 3 253 372 111 413 59
348 200 45 163 346 332 102 462 175 61 321 336 124 93
44 436 416 62 297 152 81 460 409 311 82 135 84 286 255
330 430 144 64 266 18 457 281 388 176 354 171 139 406 384 273
184 429 20 361 418 130 83 325 252 415 198 364 385 239 398 13 187
216 194 439 270 15 326 195 185 459 450 206 26 379 212 123 323 167 219
380 37 154 234 1 314 241 396 14 146 101 374 225 36 265 10 245 207 425
232 166 289 284 381 251 178 217 220 261 168 356 399 427 389 95 291 437 192 458
126 308 50 99 149 136 40 347 66 189 203 387 359 227 35 250 39 116 233 298 391
221 223 243 188 208 197 28 179 177 337 401 237 58 353 235 424 351 112 56 301 464 96
224 129 402 461 419 151 440 260 368 268 22 70 30 367 274 435 92 283 441 267 69 110 230
288 79 215 180 134 334 122 141 27 199 447 376 456 272 231 309 23 226 107 94 186 153 244 397
322 115 307 34 63 278 169 320 86 12 363 313 392 160 238 454 294 453 24 357 6 371 213 279 214
328 9 157 38 463 204 191 271 31 295 55 411 164 426 97 127 143 90 369 306 109 183 133 350 108 408
257 433 121 262 366 209 452 159 377 98 4 269 315 293 410 455 51 341 145 71 125 319 312 150 344 100 147
170 292 318 285 299 33 106 17 73 236 338 140 165 304 290 242 362 448 431 131 327 42 256 174 8 240 182 355
113 352 196 148 403 89 29 54 105 421 249 287 118 280 172 181 138 201 317 137 258 345 305 264 43 114 310 117 434
343 77 438 48 67 393 202 442 228 335 302 296 259 303 2 329 218 417 390 420 21 76 72 275 19 342 247 211 104 190
