155
36 126
406 330 335
225 130 222 195
111 319 368 280 30
10 376 458 301 18 95
163 234 86 318 351 378 283
241 315 362 300 304 325 372 257
371 1 270 345 434 297 72 261 220
429 389 457 340 216 198 41 187 239 431
421 90 407 184 439 428 201 369 48 329 67
96 98 266 307 71 365 342 214 350 174 136 395
284 263 413 230 388 265 172 374 78 278 211 51 196
347 11 5 13 45 255 386 92 396 366 65 248 91 451
17 258 16 247 289 327 173 442 99 84 120 274 35 337 28
181 364 23 190 167 346 175 425 254 182 331 355 332 121 156 221
453 62 191 233 459 150 133 370 245 122 423 444 432 339 279 433 152
76 404 31 412 26 316 146 162 271 74 177 443 410 217 87 73 80 194
251 260 52 213 309 69 4 147 440 79 185 227 308 106 464 202 228 134 139
398 14 377 381 55 137 322 20 462 0 336 40 392 298 64 450 391 354 256 107
100 118 104 197 178 390 168 397 341 416 353 15 115 400 302 8 105 253 158 209 70
405 401 380 93 348 290 460 27 262 237 112 408 37 358 272 328 420 44 311 292 131 238
226 246 154 207 129 141 192 250 306 455 114 231 344 145 357 143 97 180 159 117 422 385 321
204 109 125 323 102 165 343 189 9 403 312 128 324 59 188 94 360 148 334 461 236 445 426 81
161 446 75 124 127 282 288 361 170 47 135 212 438 218 409 333 142 249 82 206 42 411 402 39 54
210 60 25 242 88 454 149 427 281 349 264 33 103 441 291 430 436 314 384 49 34 373 305 29 387 267
356 132 166 22 367 296 77 199 456 382 119 448 299 58 414 7 394 43 176 224 153 66 21 252 219 393 223
46 229 160 171 57 303 310 203 375 83 268 273 269 285 186 449 437 200 101 183 205 232 287 240 244 383 157 417
463 6 24 169 317 208 435 164 50 352 338 19 259 123 320 140 68 415 32 399 113 293 275 2 61 235 215 85 295
110 179 379 116 89 56 53 38 108 452 3 138 277 418 326 243 12 276 294 424 313 144 286 447 151 193 363 419 359 63
