260
393 22
7 146 325
212 352 251 93
358 21 196 343 451
204 211 302 333 171 242
46 147 404 81 463 410 154
328 386 127 436 310 270 30 385
284 240 153 369 123 186 414 140 113
121 390 435 258 95 8 299 129 223 415
168 152 366 309 405 55 132 340 384 383 259
266 330 142 262 134 256 321 28 237 128 439 159
54 257 70 155 245 205 331 221 16 66 235 347 291
304 231 193 105 75 164 419 407 208 50 56 83 269 2
63 108 444 372 399 373 450 20 441 31 336 35 218 371 206
184 381 40 179 301 214 433 71 77 136 456 459 220 29 100 438
109 319 316 243 280 282 135 421 162 233 254 448 217 460 111 349 279
151 133 39 271 183 250 378 311 49 76 323 239 272 107 94 87 10 137
457 89 96 62 156 230 429 48 51 173 72 116 18 452 188 296 67 411 265
160 396 148 112 416 236 180 356 307 295 58 455 367 6 44 143 327 334 232 0
379 344 209 267 403 449 332 98 348 69 337 199 45 65 118 207 185 286 190 313 80
442 5 445 244 175 289 360 167 163 298 434 454 255 362 84 14 210 9 314 41 104 102
126 1 215 47 91 318 201 406 376 32 36 222 274 61 187 53 213 357 275 11 247 90 12
192 200 317 326 443 174 197 294 359 117 363 33 4 312 397 181 412 177 315 229 430 351 203 3
418 303 253 306 401 170 216 368 191 382 172 447 420 238 42 219 437 388 25 276 377 427 353 422 354
226 82 78 264 194 85 338 324 458 462 391 273 288 119 398 189 375 249 124 417 176 198 305 287 138 169
423 110 292 165 60 428 248 15 125 103 195 426 365 440 308 161 413 145 297 150 166 228 408 73 402 320 361
278 380 364 27 425 261 59 246 355 339 157 17 290 130 34 392 432 268 464 79 453 283 139 43 115 114 178 335
387 370 68 13 19 281 263 141 101 252 131 57 24 389 424 400 241 329 461 149 182 92 52 409 322 86 74 144 64
99 38 342 37 341 374 285 97 293 431 224 23 395 122 106 227 26 300 225 350 120 88 202 345 234 394 277 446 346 158
