266
445 239
9 211 430
319 419 290 245
169 109 151 249 147
291 425 168 355 207 222
25 145 215 72 177 285 277
408 4 236 69 77 433 57 440
234 359 299 343 164 257 175 439 447
371 219 101 48 362 83 22 91 51 139
451 336 149 452 386 401 113 284 202 141 462
316 136 114 162 360 27 163 448 76 252 225 54
367 364 409 105 363 108 52 418 56 7 188 369 242
53 429 156 318 264 317 393 118 66 454 348 281 206 161
38 180 157 81 254 455 321 259 172 238 400 417 155 392 337
12 268 405 148 280 127 8 166 233 407 39 15 62 59 221 390
132 96 313 100 82 324 384 293 18 446 183 287 335 341 463 110 227
95 385 464 34 456 410 368 244 197 40 232 182 414 347 441 60 173 356
10 253 134 189 388 372 201 71 80 437 235 412 342 431 103 276 70 152 46
0 126 85 381 325 213 323 438 5 302 344 121 93 379 218 370 210 272 23 301
305 36 190 186 241 315 247 374 65 426 209 250 55 442 278 117 397 420 340 58 453
171 84 167 310 99 357 74 2 89 75 137 328 286 87 11 329 154 1 216 444 460 436
350 194 331 396 64 411 231 224 327 102 112 282 13 107 28 449 199 14 338 255 140 295 44
461 283 150 322 345 297 267 106 178 138 304 122 443 195 153 124 191 380 26 402 97 133 353 352
311 142 307 226 32 275 119 212 229 389 158 208 67 78 17 358 228 41 240 450 246 135 203 415 406
424 220 243 146 375 20 21 354 306 387 294 111 30 3 351 230 68 131 170 334 35 6 423 366 37 120
47 50 458 94 16 274 413 421 79 88 435 123 248 125 303 349 403 174 49 176 308 399 256 205 428 398 43
159 196 214 434 204 270 298 377 269 312 265 373 326 251 365 260 292 143 422 457 382 296 193 217 45 339 273 198
271 63 73 289 314 394 19 92 333 258 42 404 179 160 432 300 29 128 33 383 129 130 361 181 185 376 223 427 459
346 416 261 116 165 192 200 104 24 187 330 98 309 320 237 184 31 279 144 391 378 86 90 395 288 262 263 115 61 332
