105
262 173
296 31 384
290 376 256 190
210 109 233 359 463
368 224 70 193 194 175
49 355 399 303 167 380 333
157 344 271 403 140 440 414 13
119 268 101 410 67 343 148 215 294
177 150 96 89 182 348 183 415 369 25
446 232 5 372 408 86 85 292 311 62 223
48 341 46 38 381 29 32 71 318 225 395 50
283 249 212 152 454 217 278 147 264 280 51 200 0
342 17 179 78 353 322 435 60 207 11 421 1 276 216
116 432 461 108 334 99 132 195 258 73 55 229 442 259 130
275 392 98 156 417 91 95 433 114 135 336 462 325 36 428 419
141 279 45 159 366 448 387 72 235 250 284 131 291 6 251 305 4
338 205 110 324 288 383 246 405 64 453 181 188 316 174 16 198 286 77
285 68 230 204 308 265 274 447 306 323 247 40 377 335 378 396 161 329 221
245 118 82 10 211 3 124 351 297 127 122 272 164 35 42 310 228 94 238 106
57 277 237 394 176 371 146 402 34 120 143 90 234 186 165 423 209 367 61 464 214
12 23 126 9 267 365 282 66 445 84 382 65 83 113 388 390 63 370 107 59 358 169
231 76 330 243 170 458 43 171 87 295 192 424 27 218 222 273 145 241 138 374 321 160 339
88 307 187 420 287 111 79 19 115 373 301 123 412 41 439 30 443 244 219 239 404 451 201 56
413 460 97 154 158 185 363 312 385 397 430 346 434 379 163 44 356 398 327 406 345 54 112 364 133
347 429 125 47 151 172 75 340 203 240 457 444 320 208 196 74 459 26 236 153 352 401 166 360 20 8
162 281 93 18 39 178 52 80 206 104 362 289 438 227 117 263 24 197 2 53 389 102 437 254 260 69 184
37 456 425 22 354 269 168 298 15 449 317 7 202 418 220 270 100 426 199 92 242 315 411 14 441 407 128 144
252 350 452 375 129 436 261 255 332 257 300 149 331 191 226 304 139 416 180 309 136 409 326 21 58 248 337 213 455
266 328 293 427 319 155 422 349 314 28 189 253 431 299 391 33 386 134 302 393 137 361 357 142 121 450 313 400 81 103
