391
238 0
45 362 77
304 74 449 157
80 375 416 202 214
28 201 167 343 47 433
319 178 274 338 316 60 118
236 372 171 40 6 206 130 293
321 61 263 443 312 257 150 313 81
53 121 347 342 34 230 203 270 102 33
99 75 320 377 168 110 113 385 212 275 13
420 401 195 208 213 140 197 299 331 351 224 239
104 175 290 368 20 160 163 229 244 271 309 22 414
5 19 255 243 170 58 448 363 210 260 301 254 249 227
251 96 296 180 141 461 276 421 154 39 278 79 183 231 85
277 457 418 390 181 68 267 327 232 145 87 233 453 3 192 169
103 54 215 438 353 237 191 216 329 124 27 78 355 57 411 204 35
383 155 158 200 65 330 166 259 107 350 69 42 115 177 136 264 426 447
422 137 307 361 164 240 460 221 190 93 409 322 117 193 241 256 345 378 30
161 417 25 297 344 50 262 317 431 63 223 162 235 36 356 51 135 120 59 11
407 228 246 337 380 295 24 16 373 442 384 405 105 430 410 26 37 444 129 406 56
352 400 156 196 15 149 126 187 222 211 367 10 360 386 369 404 303 184 41 108 265 289
134 100 389 381 328 298 402 258 12 207 427 153 209 324 29 445 374 76 14 463 446 393 423
435 359 464 122 314 346 436 143 348 339 419 451 300 114 302 138 1 186 84 357 323 71 198 396
310 366 18 458 450 282 284 408 218 173 388 358 151 280 106 64 17 335 142 285 205 226 23 273 147
454 394 399 112 73 2 308 32 242 279 131 125 253 21 294 398 219 376 318 247 159 225 89 182 46 94
364 144 440 456 403 395 139 437 311 340 281 283 397 31 148 67 52 250 370 9 111 95 109 146 245 172 266
38 462 189 123 83 217 292 66 248 127 261 55 432 72 133 354 199 392 452 101 415 234 434 272 269 116 97 287
286 132 82 152 387 176 220 334 48 7 333 165 412 441 174 288 49 252 8 4 306 439 455 194 305 44 349 425 371
179 185 291 326 98 91 62 128 382 365 428 379 424 86 336 413 429 315 43 88 92 325 70 459 332 188 119 268 341 90
