168
263 319
132 209 394
236 197 50 108
55 174 65 45 344
11 200 78 336 400 304
266 447 134 128 340 38 243
267 53 250 235 264 311 122 368
258 67 114 158 146 440 449 249 25
405 74 96 64 425 271 39 387 13 285
48 43 244 418 450 416 214 79 275 414 297
442 159 173 234 420 399 40 72 438 371 334 246
372 436 381 138 352 107 262 308 422 270 7 119 346
99 408 147 398 382 216 220 445 83 44 302 421 136 169
90 186 239 160 176 24 58 333 201 343 27 103 385 15 294
167 33 409 377 139 98 54 433 41 229 199 427 282 9 97 28
23 51 240 260 226 183 233 444 8 224 181 252 106 362 26 111 165
153 419 278 374 144 112 366 279 441 283 241 19 301 109 392 367 166 337
213 211 92 17 307 204 276 322 81 330 202 261 272 375 89 290 222 49 177
14 359 378 100 412 221 185 296 232 305 321 189 137 178 184 1 12 428 289 198
88 402 84 410 458 338 341 18 113 86 384 284 230 406 20 403 101 118 187 376 269
361 295 251 429 237 332 390 324 317 393 21 161 77 70 194 2 348 379 37 386 397 73
452 347 315 60 61 349 265 423 291 312 415 124 151 331 94 255 280 360 339 93 190 59 68
217 437 141 218 170 126 193 238 155 30 391 457 326 451 462 46 453 104 310 365 152 62 180 242
154 355 149 383 6 16 56 57 277 292 459 335 182 188 22 388 195 314 327 286 123 148 309 404 208
196 353 380 142 63 4 401 323 268 69 434 443 228 42 373 66 357 245 35 247 461 424 116 34 120 299
163 162 172 129 298 329 356 369 207 455 117 456 203 273 413 303 192 396 345 87 431 80 47 318 274 358 223
206 407 75 135 306 259 140 215 125 460 105 320 363 328 448 150 0 156 432 157 253 313 227 3 31 145 389 143
248 446 364 131 293 426 300 110 417 82 316 36 115 342 210 212 231 133 350 254 102 52 71 430 395 164 171 256 121
179 32 225 76 191 439 91 257 130 351 287 463 411 325 354 29 435 219 5 205 370 10 464 85 454 281 288 127 95 175
