197
216 353
201 79 219
14 428 38 425
403 256 184 133 297
367 245 7 60 423 140
40 241 151 212 333 135 438
399 303 326 379 214 69 417 30
152 442 435 261 96 98 191 424 171
26 163 243 157 386 90 381 165 115 356
366 154 287 329 412 463 285 336 283 153 36
355 291 457 4 206 390 210 292 325 136 401 456
121 343 337 54 92 247 53 455 431 364 441 225 1
114 222 220 145 208 436 289 330 124 37 211 306 189 460
81 396 409 70 82 32 415 221 41 45 374 393 437 203 461
5 196 105 19 274 242 21 359 147 407 406 300 129 104 290 31
264 162 116 95 389 314 207 350 229 164 284 23 270 200 363 130 304
172 109 199 148 439 397 59 170 18 62 187 254 10 238 35 138 233 156
232 213 271 315 61 179 236 448 432 278 128 202 65 332 160 464 107 449 209
56 309 34 327 462 126 322 440 310 299 420 372 383 134 149 178 275 166 118 413
451 317 380 231 223 174 338 158 122 354 263 198 252 139 251 144 205 458 319 224 395
281 430 349 2 450 218 3 246 346 72 46 94 131 226 234 27 446 101 50 89 405 248
11 110 294 48 159 286 454 426 244 67 453 316 410 88 13 371 342 269 117 192 419 361 357
308 378 161 217 444 84 22 434 182 43 113 190 277 44 253 75 142 447 288 348 262 259 87 55
429 66 365 340 422 6 235 39 52 404 125 411 173 394 347 250 183 376 168 86 265 80 155 204 120
180 358 12 99 24 188 132 331 74 20 268 78 273 150 73 311 392 421 230 102 176 106 302 47 215 111
387 335 51 68 370 103 71 373 328 296 15 301 418 255 267 181 344 377 137 362 143 452 64 167 9 324 16
8 108 58 25 385 228 339 459 83 29 185 175 249 391 384 33 351 77 76 427 91 398 272 323 169 28 312 17
257 298 443 240 85 194 93 369 258 276 388 193 320 313 146 445 318 112 279 266 227 49 352 295 186 63 177 282 414
141 416 360 402 123 237 195 127 382 400 345 408 280 368 334 375 341 0 321 42 100 57 433 260 307 305 119 239 293 97
