215
140 305
371 337 363
401 428 408 191
209 158 225 455 283
57 340 33 410 238 1
389 173 31 207 32 311 59
243 312 23 313 28 272 341 205
292 308 179 421 220 117 229 360 13
132 354 155 330 373 47 84 263 376 106
194 405 55 142 268 414 83 79 134 181 463
356 206 231 195 398 16 126 442 100 453 208 76
289 415 152 180 411 219 345 15 78 53 248 320 295
420 58 282 395 402 72 319 433 141 444 374 325 199 314
25 34 234 186 284 5 300 280 176 10 51 22 239 80 427
271 45 109 221 432 52 96 409 161 147 317 93 107 281 125 120
3 94 353 118 188 223 168 137 361 352 324 38 119 183 287 197 301
392 29 397 407 163 359 323 108 441 30 14 17 101 252 167 224 310 369
226 0 434 175 285 457 452 265 349 399 77 42 355 400 436 136 412 129 228
150 249 89 112 131 177 146 102 378 7 328 309 269 403 332 139 368 275 169 54
217 210 111 88 358 367 2 159 443 121 255 429 426 164 375 214 251 396 4 187 329
174 387 222 145 262 304 297 447 182 247 435 431 154 348 8 104 288 86 138 62 233 9
90 446 384 127 122 232 162 241 216 259 156 362 307 103 344 114 35 200 149 306 424 82 270
299 63 279 190 460 318 357 326 43 11 87 430 202 303 40 315 335 36 91 339 334 123 244 237
333 419 97 327 278 135 338 157 276 261 386 439 211 81 257 260 364 18 290 70 212 6 274 170 99
192 95 343 236 189 293 56 385 456 44 110 391 27 418 413 178 258 46 302 381 166 417 124 227 213 153
393 245 185 296 193 160 184 50 68 203 350 372 342 144 423 438 451 130 331 273 65 336 294 406 253 264 377
347 394 388 41 291 242 19 250 230 218 75 404 21 277 201 448 425 12 98 196 60 172 133 454 148 422 105 115
437 128 445 67 416 235 440 74 24 379 382 61 346 462 458 365 266 37 450 240 92 267 321 39 85 204 380 383 298
66 366 73 286 390 64 449 26 165 351 464 151 20 171 316 69 71 49 143 254 113 246 322 48 256 461 198 370 116 459
