80
5 421
274 376 375
273 343 176 76
112 17 286 211 24
442 188 298 459 310 258
301 438 426 464 206 460 425
413 102 189 177 203 337 109 311
252 9 406 142 204 280 358 334 90
261 355 88 423 420 320 227 49 36 8
342 393 369 265 297 318 187 45 257 222 123
243 418 33 385 64 251 270 113 407 306 126 402
289 62 360 379 439 333 34 427 171 158 279 462 209
149 417 136 405 283 293 10 238 246 147 436 192 201 347
205 72 13 359 419 245 22 346 229 202 253 43 432 111 446
124 457 332 81 324 398 220 411 344 178 63 191 249 357 269 351
118 30 267 134 241 463 272 180 378 186 329 50 20 287 458 228 48
100 59 382 389 68 353 434 94 172 58 415 128 185 444 262 449 133 130
461 247 19 104 168 83 348 44 2 322 394 440 412 416 25 55 363 335 231
67 361 146 254 312 388 305 161 443 195 340 284 155 225 208 292 65 456 53 390
117 239 165 144 125 129 0 366 27 313 116 219 429 29 108 275 323 160 12 263 114
408 328 119 42 232 132 35 338 78 362 152 148 182 15 422 23 6 181 345 18 387 153
127 288 319 294 448 84 194 3 317 184 169 396 395 218 28 70 110 259 309 428 69 74 71
143 455 140 266 255 190 454 248 115 224 121 303 210 141 260 341 92 330 276 170 368 299 57 89
196 1 61 73 14 304 377 31 374 56 314 392 99 47 352 383 151 364 164 4 75 451 386 85 409
290 200 430 79 391 431 321 66 424 139 223 166 26 452 120 82 295 135 207 97 410 240 447 215 372 350
315 256 356 122 400 77 242 221 197 213 302 435 179 193 156 234 307 354 281 381 226 175 277 107 291 93 233
331 101 11 250 54 167 98 16 336 40 174 46 41 7 371 296 433 327 21 437 52 325 264 91 441 105 453 370
216 131 103 38 32 268 137 235 285 414 198 384 237 399 236 367 51 373 282 173 326 401 365 96 37 106 154 278 339
157 349 183 380 308 300 214 159 217 397 445 86 150 95 403 244 316 271 87 39 212 145 60 230 138 450 199 162 163 404
