280
147 215
404 210 25
73 245 207 71
36 228 359 13 23
423 231 396 352 320 101
187 134 439 184 212 220 188
252 450 401 66 209 251 30 309
437 211 138 131 75 441 61 286 149
262 398 265 282 59 154 42 48 367 260
17 347 336 27 38 373 297 85 430 324 91
98 453 141 7 5 62 68 419 37 460 399 233
369 393 10 76 381 451 88 298 329 403 332 33 195
172 82 461 313 107 242 225 80 349 143 161 312 343 116
47 325 397 8 408 370 357 454 341 308 6 237 34 182 306
163 239 394 406 426 287 20 375 258 392 1 90 230 425 148 277
232 436 449 300 414 424 243 295 41 193 259 29 115 304 296 435 112
72 294 128 279 261 273 175 174 390 100 216 145 124 410 167 65 194 191
79 264 333 407 223 104 234 153 293 356 269 411 87 350 114 22 77 108 164
288 326 416 420 55 43 372 290 21 362 364 2 14 121 382 213 379 170 361 181
378 268 93 218 96 285 412 11 353 196 315 249 151 445 122 192 323 58 54 428 418
183 69 173 238 330 102 120 78 158 376 322 64 186 266 299 291 70 106 255 144 119 448
440 431 413 200 217 214 327 389 83 301 446 95 117 105 380 276 388 39 257 455 176 340 155
227 133 123 157 247 360 442 302 434 459 126 45 317 444 166 387 338 274 92 400 99 197 205 15
275 456 250 113 337 270 354 16 0 137 165 310 433 208 111 244 263 35 31 160 409 395 316 19 46
383 190 226 415 139 447 363 429 146 178 241 84 179 63 156 135 271 4 169 344 118 307 206 351 168 314
180 152 339 150 28 203 185 391 427 374 204 140 368 303 319 464 348 248 81 50 3 189 89 236 371 12 159
32 130 24 405 345 281 177 377 253 162 224 335 463 452 67 462 198 44 421 254 222 305 127 458 342 9 240 365
417 52 74 219 278 109 422 229 199 438 129 202 221 103 328 53 51 432 384 366 40 292 334 346 289 86 49 311 136
97 125 457 18 358 284 267 256 235 443 331 246 94 110 318 57 132 321 142 171 201 56 402 60 355 283 386 272 26 385
