132
61 405
439 290 145
327 98 94 14
289 421 128 365 87
377 245 424 60 36 274
328 312 364 176 307 138 436
459 402 81 174 197 178 43 67
464 3 202 171 324 85 408 318 330
265 362 24 337 381 450 389 261 264 280
451 243 73 172 370 373 70 120 387 160 192
273 31 150 127 383 221 349 62 198 41 117 9
149 52 56 355 331 109 352 82 84 91 267 398 168
57 426 317 406 384 353 235 334 184 108 368 343 20 30
314 196 256 157 74 425 206 285 33 86 116 269 339 371 423
137 4 278 203 155 407 162 230 163 1 401 236 64 460 297 404
260 253 449 167 247 148 190 369 2 303 218 447 302 114 258 232 361
313 222 26 27 463 141 42 156 456 325 151 293 18 187 446 358 143 412
23 357 89 454 54 306 45 59 394 105 308 40 326 234 388 164 299 227 103
354 418 211 288 363 63 107 445 332 111 420 97 78 147 194 139 240 287 29 350
378 204 251 347 271 315 92 121 0 65 185 461 19 397 305 106 292 340 201 11 268
277 113 213 200 110 126 360 136 90 16 32 375 95 215 395 374 188 304 135 199 320 283
323 10 183 115 226 428 255 169 123 154 7 262 457 165 440 158 346 341 166 231 345 193 411
207 321 322 144 83 335 455 47 39 443 186 233 99 399 96 379 266 8 419 351 93 179 88 244
376 417 386 391 279 380 102 430 223 433 205 410 79 431 118 319 429 276 209 224 237 210 344 146 15
270 5 80 366 453 58 263 286 248 25 44 284 129 72 359 348 444 191 53 342 432 170 119 177 259 130
100 122 159 238 242 153 275 51 225 189 400 372 282 228 142 22 413 336 310 294 452 21 181 173 367 38 35
216 435 333 458 254 220 140 6 69 180 17 46 175 71 272 416 104 208 300 112 125 356 427 438 12 133 219 385
295 291 390 246 462 257 441 28 434 403 34 329 409 124 296 316 448 195 396 37 437 131 77 250 442 382 414 311 249
212 229 101 48 134 68 252 49 298 161 55 13 415 75 309 241 217 392 301 338 66 393 182 281 422 214 152 76 239 50
