103
115 164
359 301 77
425 384 169 32
145 260 282 34 331
135 390 82 431 72 166
245 177 368 138 21 40 9
307 392 463 211 66 454 125 199
184 130 163 462 340 397 165 327 421
197 448 227 451 25 267 289 304 132 272
181 460 213 210 417 400 240 100 137 391 38
39 168 196 338 413 106 261 354 85 262 153 5
452 325 284 296 59 122 79 233 230 411 278 17 419
170 214 243 14 37 404 114 428 285 109 362 358 51 222
139 12 403 349 351 352 158 70 154 173 179 223 64 450 369
133 412 263 150 447 379 95 386 28 426 117 410 235 217 218 275
48 35 247 180 146 151 382 101 328 81 128 57 365 160 13 238 69
311 29 63 157 147 215 318 387 239 288 343 4 312 297 110 155 192 229
399 60 140 372 385 126 56 123 337 188 394 333 281 141 198 326 159 255 209
44 65 193 55 357 200 443 175 47 406 393 380 94 202 93 453 339 305 423 381
97 314 228 266 436 346 414 185 438 242 310 248 102 294 33 319 112 71 329 321 383
441 422 446 190 11 370 221 283 253 249 291 445 131 415 129 433 3 316 31 341 279 434
344 54 334 237 10 430 252 88 183 277 74 309 442 418 378 236 348 250 36 186 134 22 99
270 84 437 264 244 420 360 68 118 355 189 20 89 353 87 398 259 367 299 216 204 224 171 456
295 207 424 41 416 308 363 124 375 366 409 246 15 0 377 86 356 176 315 313 234 457 208 350 178
388 53 62 49 271 461 324 290 149 127 269 373 7 187 435 458 449 219 258 108 231 91 23 444 8 98
256 195 43 42 113 440 330 300 268 119 30 342 107 24 90 191 401 194 455 345 293 116 92 174 16 26 395
162 45 251 371 303 323 241 201 274 257 389 143 232 172 142 287 459 96 254 396 376 67 286 27 136 144 167 335
464 292 46 205 75 80 73 432 61 83 148 52 220 332 152 408 439 407 104 76 347 364 156 226 50 302 120 212 402
265 58 280 111 19 427 405 2 182 206 78 306 121 429 320 1 203 317 298 276 273 6 361 18 225 161 105 374 322 336
