92
90 279
391 282 412
233 458 268 442
56 96 66 81 383
368 17 129 269 205 273
145 41 15 251 69 436 40
415 98 325 26 189 330 57 270
115 290 297 338 352 287 244 393 403
128 377 164 275 327 456 323 281 151 455
9 82 354 86 105 148 4 404 10 286 247
36 23 154 299 210 313 198 406 152 228 225 110
200 437 211 314 39 326 106 111 157 432 427 373 278
398 68 21 371 59 193 444 218 285 435 389 316 293 38
192 428 320 460 464 358 337 0 308 28 240 139 117 322 76
44 355 177 259 16 124 291 239 375 126 175 439 374 100 94 71
433 7 64 425 43 58 125 54 272 298 87 310 19 245 256 147 65
107 257 264 185 429 188 392 438 351 384 446 334 353 37 223 302 419 121
183 52 141 346 116 5 137 399 387 366 103 363 396 357 424 84 72 248 280
53 118 93 168 30 417 434 180 283 174 440 454 161 25 112 234 46 395 80 413
224 135 73 394 178 131 328 450 265 317 416 397 190 250 212 348 144 409 173 226 462
367 380 453 411 160 31 445 222 146 364 217 312 258 300 422 169 11 155 311 191 342 33
345 176 379 207 97 20 243 461 365 231 340 263 430 91 50 199 336 34 359 60 3 350 274
376 12 318 18 382 194 108 249 83 343 306 79 241 143 304 202 165 150 187 27 74 62 159 356
6 195 443 246 362 13 229 332 95 136 315 24 386 184 253 277 14 260 55 63 204 329 156 301 441
203 49 220 162 213 400 102 130 347 45 134 208 238 289 120 370 186 114 339 309 196 381 122 369 149 335
447 431 221 401 418 142 276 127 113 333 216 42 75 360 104 172 235 372 426 305 109 85 321 414 8 67 267
209 219 51 457 349 29 449 266 101 48 88 166 405 255 307 420 421 451 182 201 206 77 119 294 261 89 237 378
99 408 32 230 271 78 407 2 319 22 463 344 388 452 61 324 140 214 232 1 385 423 167 158 227 361 138 47 215
262 123 341 448 236 163 295 331 171 292 410 70 181 35 303 296 252 242 179 459 197 132 170 133 153 390 284 288 254 402
