131
165 86
160 122 229
274 187 367 425
210 141 107 277 339
225 391 169 374 0 8
302 322 144 349 151 138 232
291 347 308 10 213 443 117 32
261 91 278 428 350 128 112 434 297
452 202 21 196 249 143 140 195 402 133
433 125 360 214 184 359 164 72 264 70 280
222 351 201 442 398 294 282 102 394 76 375 344
348 150 75 315 37 161 29 343 15 271 34 405 463
92 90 158 327 355 399 205 200 118 459 54 395 332 413
296 95 14 403 24 180 123 246 310 447 396 30 392 56 111
325 124 52 50 440 84 329 323 457 162 437 134 203 345 450 199
377 142 334 381 388 240 266 431 101 300 293 236 115 206 59 25 178
193 99 129 337 197 420 385 181 435 79 4 365 290 182 194 449 233 234
412 27 369 12 173 248 406 42 26 370 166 373 22 2 146 89 41 227 35
71 82 136 390 36 94 324 298 272 46 207 23 346 152 352 415 426 304 411 283
276 45 219 5 312 170 40 212 341 177 448 113 77 96 116 154 28 409 153 407 132
256 148 38 289 408 171 190 81 358 61 216 461 226 273 340 417 3 441 43 453 47 51
267 224 356 316 423 78 259 188 103 215 270 241 168 127 429 100 137 286 172 66 379 371 243
319 44 250 185 126 380 11 204 208 387 401 338 260 155 252 238 235 422 121 242 80 368 65 416
198 268 183 454 419 335 295 372 174 376 237 382 263 179 354 244 446 220 93 110 321 456 303 105 17
247 83 430 209 389 230 258 20 333 147 217 16 189 130 357 157 13 55 328 288 414 305 444 265 239 221
63 383 223 176 18 279 74 438 404 109 269 218 318 57 284 460 287 362 114 317 163 6 331 192 364 421 156
62 363 19 455 361 306 7 98 67 231 58 462 424 159 292 33 427 139 149 307 366 314 119 87 439 386 167 378
186 88 342 384 275 410 60 120 320 31 106 299 313 1 458 400 254 451 253 97 73 53 251 68 9 445 85 432 49
69 257 330 436 191 418 135 301 211 393 145 108 255 326 262 285 64 464 397 245 309 353 281 48 175 104 228 39 336 311
