291
411 138
155 249 224
387 449 460 290
89 167 101 37 426
352 143 389 427 221 22
275 423 205 0 445 103 6
122 419 116 293 358 366 150 279
174 277 66 208 271 196 259 164 238
328 341 152 80 318 129 310 372 144 414
127 282 309 154 84 173 324 417 140 9 47
443 59 274 2 235 58 365 109 107 450 353 139
87 311 439 36 374 334 81 281 252 314 51 349 188
463 177 199 90 203 379 422 77 296 166 219 239 28 306
202 170 13 18 15 364 266 461 85 88 132 225 339 74 246
65 429 118 176 385 179 297 181 302 125 390 193 286 369 159 378
57 34 180 25 163 218 330 200 331 250 295 388 231 260 338 285 102
335 61 226 228 14 146 402 264 346 301 190 356 149 421 220 254 305 156
359 404 10 19 115 361 60 304 191 135 79 223 194 440 63 121 70 29 265
31 62 44 123 300 98 399 24 448 373 52 186 340 362 416 376 242 93 405 412
136 273 320 433 21 438 161 400 187 49 227 261 67 158 8 435 437 403 78 243 380
39 215 401 272 17 216 237 255 213 325 229 434 151 406 214 230 368 415 298 424 394 284
345 322 247 162 294 27 287 447 329 408 206 212 55 23 182 33 431 53 336 354 375 292 240
347 384 251 432 283 319 308 326 30 289 267 459 160 7 1 425 133 236 241 270 94 350 383 4
464 153 268 413 456 95 299 178 168 397 244 337 313 141 42 68 367 392 360 458 307 106 217 20 343
344 72 442 120 100 398 451 386 172 148 257 396 165 126 454 233 222 111 263 38 73 209 112 201 278 71
211 457 262 407 45 171 169 32 256 157 64 317 327 312 192 54 409 50 5 35 175 124 204 46 430 104 110
189 114 197 395 12 48 462 86 119 370 391 420 83 113 3 253 117 41 371 303 128 183 315 455 436 323 184 355
76 26 452 131 105 382 332 130 258 321 357 134 92 446 245 210 428 142 232 248 11 342 453 348 363 97 288 99 418
441 333 56 351 393 137 145 195 75 234 43 198 207 381 269 280 185 276 40 377 410 316 82 147 444 96 108 91 69 16
