198
111 318
131 191 396
36 423 297 454
11 456 452 463 264
242 413 331 6 460 447
239 252 283 400 353 334 250
314 183 275 104 70 241 39 38
303 201 116 153 274 53 160 62 98
170 286 341 180 167 189 349 464 280 115
354 49 193 117 45 184 206 427 157 347 192
399 92 110 272 451 126 309 255 430 60 390 200
158 100 269 144 458 114 33 439 273 133 404 141 293
103 55 257 172 67 139 142 218 455 374 94 446 441 281
312 351 422 9 361 416 437 182 295 432 298 226 401 317 342
407 137 107 328 51 210 434 259 324 159 292 87 202 3 113 30
99 152 449 102 306 248 106 68 426 382 72 299 253 209 105 333 244
383 329 19 212 10 409 135 261 42 402 431 220 136 69 146 385 75 15
224 234 176 82 398 124 278 256 346 188 228 44 245 108 215 321 240 377 302
14 320 17 363 429 375 457 129 41 362 199 285 151 435 186 425 101 294 34 120
61 338 149 77 442 327 132 380 301 284 391 419 71 300 379 433 276 376 267 411 340
164 168 247 93 260 358 360 310 177 24 445 246 296 28 197 109 249 225 195 88 223 381
59 443 52 378 237 63 185 165 453 127 350 325 97 118 265 150 397 65 428 319 369 140 217
29 32 178 12 13 175 190 344 222 219 90 268 213 406 37 336 330 424 57 288 357 16 251 270
450 46 134 66 229 40 307 348 370 4 21 0 343 2 335 392 95 238 27 308 438 216 79 356 22
161 7 316 305 420 290 123 20 171 147 287 337 408 54 8 208 462 459 414 121 365 367 181 156 412 421
163 162 355 389 56 227 243 43 262 282 235 205 91 230 386 154 73 25 291 395 84 415 80 233 410 387 368
359 214 207 23 326 130 323 221 345 444 211 83 125 76 388 311 403 1 436 112 277 128 271 148 5 289 279 86
174 263 48 81 143 417 258 96 304 194 332 232 339 364 366 394 166 440 47 204 145 372 352 203 196 384 35 179 418
26 187 122 313 173 231 119 266 315 254 371 405 461 78 155 236 74 89 50 169 18 322 31 373 448 64 58 393 138 85
