332
451 55
233 289 464
375 131 121 23
125 129 14 414 228
111 303 166 238 342 310
363 39 456 88 133 200 292
102 127 402 390 132 416 117 366
207 259 97 240 1 110 40 277 63
458 329 297 186 341 27 260 99 424 436
430 22 327 306 56 32 347 198 199 106 113
213 270 399 218 422 52 404 440 328 362 9 215
428 37 276 359 463 386 128 307 262 13 38 93 227
155 448 275 78 396 265 447 261 242 381 429 2 59 441
202 300 118 140 405 319 349 53 460 383 288 126 290 395 326
89 438 41 177 130 176 391 252 317 67 85 160 282 254 16 107
91 372 86 401 112 425 208 235 178 151 79 279 222 51 5 443 144
170 159 36 304 77 398 437 124 45 194 450 449 168 376 142 247 104 101
71 157 393 95 321 271 203 20 311 10 394 141 412 80 255 34 409 6 325
346 333 190 313 48 12 462 382 50 60 273 294 268 105 418 19 26 146 244 348
309 350 138 361 114 229 432 11 408 28 360 42 4 420 356 165 136 278 181 164 266
75 231 8 68 7 193 453 431 454 305 189 314 351 423 312 446 115 64 364 258 25 410
368 145 455 387 298 293 284 148 237 167 172 108 320 46 180 337 43 295 109 150 406 74 373
171 90 98 308 219 330 30 245 103 58 100 302 61 392 274 179 92 286 323 210 354 365 195 62
226 413 457 3 209 269 29 185 31 411 257 120 201 217 435 206 119 82 256 188 149 379 123 281 81
299 225 18 339 236 380 442 291 70 187 83 24 250 169 73 400 352 0 183 267 403 96 212 163 216 369
385 116 433 196 162 156 338 331 461 253 214 280 221 72 417 444 174 336 283 370 427 47 204 192 147 17 355
344 415 15 191 54 345 154 197 49 223 243 353 241 397 211 421 134 389 246 358 232 357 452 285 65 87 33 264
57 94 21 324 234 434 35 296 343 374 287 334 459 184 439 152 66 173 251 84 122 143 135 182 388 69 367 158 272
220 335 175 445 205 239 263 137 249 139 407 378 426 161 44 322 76 377 316 384 224 419 318 340 301 153 315 371 248 230
