266
108 389
274 320 74
80 207 82 427
222 278 129 303 127
185 107 440 417 459 118
451 40 328 41 164 162 361
359 431 165 223 425 334 406 369
428 235 149 311 210 401 12 449 460
450 456 308 394 317 416 135 213 294 90
201 232 214 297 245 316 143 44 310 67 68
374 442 128 384 131 16 66 33 170 132 398 439
273 48 11 443 195 147 198 453 452 376 134 307 10
205 152 61 296 385 306 142 103 233 111 256 403 110 24
9 275 251 175 242 49 271 375 119 45 321 255 22 36 37
323 424 325 341 209 136 339 161 407 27 399 330 202 260 88 258
0 234 356 281 239 227 217 400 305 47 287 65 83 430 411 379 380
140 363 95 69 230 192 58 186 429 461 97 332 360 418 220 342 445 105
43 23 388 318 457 32 362 257 343 435 338 243 286 254 104 25 70 350 29
364 180 87 344 419 337 120 34 71 248 38 436 215 438 196 151 455 421 116 26
86 102 346 267 395 265 351 178 249 219 138 410 7 155 447 464 5 46 229 133 124
397 322 420 368 244 269 64 169 163 284 189 188 174 378 299 241 282 264 101 141 78 300
123 42 259 146 345 221 89 250 236 137 98 437 18 262 216 171 179 392 99 372 288 15 92
1 295 349 130 14 122 335 301 434 253 231 333 252 336 237 313 63 331 270 347 94 448 228 166
35 293 319 17 324 50 206 340 112 291 183 211 158 73 115 21 277 145 81 370 156 404 193 76 386
113 126 51 314 200 182 458 402 77 413 390 6 246 426 302 283 218 53 355 432 298 54 326 444 204 357
13 381 8 352 121 72 125 358 55 463 79 177 181 20 354 329 154 28 84 159 290 184 382 285 268 238 408
31 3 365 59 327 433 173 423 405 60 367 100 93 280 191 371 312 167 292 279 176 412 153 91 109 30 409 194
168 203 366 276 52 106 62 353 96 304 377 117 4 187 393 462 157 199 387 2 172 190 272 383 446 441 144 240 415
373 212 422 148 19 247 289 396 39 197 225 75 414 85 391 139 150 263 454 348 208 315 226 224 57 114 56 160 261 309
