336
159 211
37 253 111
378 284 300 293
142 232 89 61 128
155 432 104 412 55 134
444 461 164 234 370 206 238
352 438 186 395 222 231 368 283
191 237 427 131 57 451 221 4 6
49 301 263 413 299 380 281 434 39 289
143 16 335 84 92 345 63 190 357 79 226
271 424 251 420 145 381 317 73 66 35 414 296
58 314 25 149 83 135 441 258 464 78 43 382 51
183 7 235 8 233 220 452 392 447 123 422 176 323 379
339 184 65 209 398 387 367 175 137 151 33 218 304 90 192
406 324 21 56 453 359 372 103 70 338 171 15 150 34 214 373
19 433 122 355 428 259 397 216 67 332 160 236 305 101 9 99 144
29 207 202 133 358 310 463 270 344 405 48 32 288 319 42 52 391 415
347 168 250 91 256 423 121 337 140 292 114 267 311 141 227 156 47 205 17
45 41 225 252 439 27 343 437 107 75 266 163 173 462 113 119 409 365 435 442
194 285 384 419 242 354 243 22 80 93 402 117 185 10 189 212 275 351 349 325 215
408 334 295 268 62 178 346 95 126 152 394 429 393 130 278 330 217 260 312 71 280 361
318 124 199 316 138 97 81 386 146 302 188 53 389 31 1 326 208 440 425 50 363 246 193
229 247 132 286 446 44 127 11 40 328 290 350 273 307 115 13 170 3 219 430 269 331 249 276
388 158 46 102 257 38 407 321 105 313 195 356 294 371 411 177 327 239 28 228 383 418 291 431 376
12 264 59 166 417 287 454 390 100 455 240 241 210 196 265 230 198 87 458 88 341 179 147 223 136 248
182 118 309 120 445 403 404 362 340 2 24 298 456 108 106 399 85 187 282 449 14 369 172 329 426 348 244
68 377 203 167 342 322 72 96 315 69 396 364 261 64 181 277 400 109 272 308 174 153 306 180 410 169 139 36
224 416 375 60 0 94 255 77 86 401 274 448 157 165 421 129 110 201 303 148 197 204 213 162 262 5 112 245 74
20 200 26 450 82 116 366 161 125 30 254 54 459 436 360 443 457 374 154 279 460 98 23 297 385 333 76 353 18 320
