319
108 33
254 249 270
172 462 150 367
312 209 325 105 68
212 17 348 55 324 379
1 251 132 153 384 258 4
0 303 301 337 293 231 59 75
356 461 42 450 67 305 47 416 152
174 464 389 69 414 329 145 7 256 308
399 37 106 134 156 371 171 165 144 27 406
123 269 13 300 294 349 113 102 311 355 240 43
195 407 366 353 243 121 333 378 268 292 221 376 373
61 177 192 112 163 151 166 149 234 136 246 193 266 18
334 52 291 248 81 387 417 354 182 62 446 404 118 142 3
148 413 278 80 321 271 201 285 88 160 388 191 73 169 289 104
458 241 186 206 427 140 441 223 279 204 261 36 202 336 25 35 343
9 24 161 275 197 178 370 196 60 213 227 135 32 273 116 54 410 424
230 247 299 38 71 65 396 257 340 205 328 455 66 323 435 236 331 264 400
382 252 288 119 198 120 78 58 8 459 125 217 215 16 11 401 393 290 28 316
200 297 358 107 287 199 162 15 167 361 12 456 89 368 39 57 352 437 253 445 34
390 309 127 365 351 425 442 457 157 77 173 228 84 375 176 317 318 357 326 429 130 141
451 64 314 421 296 190 419 262 226 335 377 342 20 255 74 452 49 218 183 394 409 392 281
97 380 239 137 189 383 402 412 267 95 164 440 21 19 168 101 263 194 76 138 280 70 359 283
187 433 395 180 91 245 96 242 133 14 211 369 284 338 448 170 31 453 188 307 330 304 179 233 139
385 438 29 22 306 344 430 30 210 381 63 322 403 250 208 207 159 181 10 114 431 90 82 432 415 48
26 447 117 111 341 310 422 83 364 185 129 5 272 405 23 265 449 158 216 286 408 56 146 345 363 259 454
224 229 423 463 332 110 320 313 99 434 92 428 398 443 298 444 100 203 222 436 225 219 53 460 40 339 237 282
411 94 302 103 147 154 274 214 87 72 327 45 232 439 155 6 93 175 128 244 315 85 131 372 184 374 418 143 220
350 86 46 260 122 295 126 2 386 362 347 360 98 235 44 51 41 420 346 124 238 50 277 276 397 115 79 391 109 426
