401
447 183
24 446 65
106 392 432 228
111 120 439 151 155
18 46 170 73 343 428
185 173 365 279 341 180 460
93 347 126 42 352 333 191 289
184 145 167 143 372 70 281 181 0
309 461 274 464 125 69 386 327 127 294
371 60 132 429 192 271 421 277 356 362 129
37 3 358 149 350 172 247 136 100 422 119 299
64 423 20 43 201 269 209 128 124 213 203 443 276
297 160 189 324 57 81 400 450 355 364 230 222 376 316
113 383 77 282 84 147 197 257 176 19 404 76 193 217 72
377 58 243 138 225 75 212 237 142 414 238 224 49 308 266 227
426 13 10 345 406 278 17 53 216 85 206 339 304 25 44 27 253
456 249 229 319 431 395 105 12 390 200 174 214 378 202 408 240 368 367
140 171 156 275 434 92 359 337 159 412 438 331 357 411 332 194 387 290 417
239 204 255 242 51 321 402 52 135 115 366 236 74 39 449 397 41 436 5 455
292 300 38 219 245 122 256 291 40 374 375 430 373 280 112 208 454 61 427 83 96
318 116 162 285 9 107 448 91 177 29 97 90 11 199 110 62 283 298 144 139 462 99
336 405 338 78 114 314 4 380 442 207 424 190 334 394 15 452 195 211 166 262 150 79 161
169 360 80 420 250 388 342 313 55 1 385 94 157 418 146 101 441 340 384 349 56 244 241 188
221 175 459 286 382 86 288 2 272 317 398 320 34 265 263 26 71 226 45 82 235 399 293 152 445
220 306 322 158 6 218 14 258 370 63 396 248 131 98 302 67 103 348 303 102 259 346 369 95 410 165
108 133 231 187 393 453 163 47 323 141 416 270 326 223 252 433 196 301 287 246 435 134 8 335 363 312 261
59 330 437 117 89 87 32 16 264 164 153 351 415 440 379 31 381 305 444 21 419 353 23 137 33 310 233 22
325 344 268 28 307 254 451 109 182 54 407 273 458 315 457 154 7 361 198 267 215 66 104 425 354 50 205 186 121
391 123 168 296 251 260 210 178 295 403 311 30 88 232 130 463 35 409 48 234 179 148 68 36 329 284 389 118 413 328
