129
73 280
9 56 95
24 402 292 206
391 112 426 295 321
316 411 416 238 373 92
270 374 397 252 181 229 359
19 284 265 438 380 175 71 165
231 328 222 396 355 80 119 99 2
103 195 27 120 110 174 276 330 124 42
317 157 423 446 445 220 41 460 3 361 132
331 8 141 183 158 156 442 201 452 184 421 439
224 358 136 432 109 219 133 128 462 288 430 144 434
243 365 63 58 461 193 363 451 18 118 370 360 307 55
398 191 419 274 347 151 351 93 449 0 259 318 200 143 401
279 153 285 369 338 436 294 327 59 371 319 199 301 198 315 383
368 94 134 329 342 97 257 30 1 78 289 190 230 435 202 40 83
305 14 47 349 179 192 23 425 81 314 458 116 393 367 54 115 241 105
450 310 409 148 113 312 70 244 21 348 417 85 10 207 260 22 389 266 86
214 138 172 44 161 304 429 379 258 37 400 453 408 123 343 114 52 385 101 254
271 205 225 405 282 268 377 273 15 108 32 303 399 335 264 375 16 61 152 403 364
415 208 366 293 339 48 390 440 65 82 376 204 464 163 344 263 28 291 454 441 456 345
164 150 167 130 66 218 127 308 272 246 406 228 162 154 51 96 382 309 286 297 176 381 275
350 98 31 125 173 168 182 353 431 107 89 234 215 4 337 395 84 299 91 171 29 422 418 149
227 212 283 126 5 33 372 392 352 221 189 45 68 53 255 77 104 177 166 261 354 424 357 170 210
407 324 311 277 131 346 233 203 334 386 159 102 79 74 69 235 76 410 306 296 62 362 278 60 147 211
356 25 325 34 323 394 194 169 447 187 90 248 67 50 38 340 35 420 448 232 326 240 39 72 251 49 57
457 196 413 100 145 87 332 247 217 404 414 459 135 146 387 290 186 269 300 17 12 13 333 20 384 26 43 388
455 239 75 256 226 433 185 267 223 428 122 139 444 443 155 197 250 46 64 437 427 341 88 213 249 253 322 242 111
180 237 209 378 160 336 298 117 320 11 262 7 36 106 302 140 178 188 287 216 281 6 142 245 236 313 121 412 463 137
