290
333 53
83 407 164
317 298 345 120
214 141 323 89 270
288 386 456 312 245 453
114 452 280 419 196 31 293
421 159 88 216 20 105 202 324
200 461 54 289 284 367 76 233 106
80 3 385 34 384 441 2 227 338 332
235 254 132 187 222 276 339 97 98 320 242
239 86 165 403 262 62 416 328 363 69 123 15
122 277 140 84 378 299 337 220 396 103 329 151 128
319 171 43 457 226 47 146 33 322 36 75 357 309 72
321 21 347 414 362 334 149 42 166 232 13 238 344 462 365
331 271 444 185 259 22 390 253 199 113 260 296 168 23 154 131
325 451 268 300 179 111 266 134 160 442 95 311 335 364 1 346 138
178 297 382 148 63 68 215 352 273 327 44 130 182 150 428 463 211 336
330 201 194 129 48 183 377 375 195 398 418 376 405 251 64 393 231 269 411
38 56 294 108 82 412 392 14 101 19 401 257 87 369 313 119 50 218 224 152
126 434 278 49 351 169 67 153 176 124 137 256 6 4 156 40 305 221 340 348 174
65 186 439 263 402 45 248 240 258 244 287 431 341 32 342 24 286 18 281 372 356 173
316 107 93 314 291 209 100 445 74 109 389 400 380 374 425 435 460 102 267 190 192 5 198
433 7 25 135 283 66 353 420 366 219 26 70 213 394 16 379 440 0 90 399 155 408 383 426
417 391 438 99 388 292 355 57 406 397 229 409 387 96 180 279 243 413 437 9 371 308 39 181 447
71 52 315 205 163 249 85 104 436 427 310 81 184 41 410 136 208 306 170 464 118 177 430 234 307 79
361 255 228 158 172 349 424 264 133 110 236 12 77 203 370 189 458 161 422 37 285 188 94 197 429 175 350
162 241 295 368 252 58 358 381 449 360 117 144 326 61 246 10 29 55 78 157 318 446 121 423 46 143 454 193
191 125 210 343 261 450 301 127 359 404 223 395 237 28 59 51 145 250 8 167 304 443 448 35 207 206 27 60 275
217 17 302 73 303 274 282 230 415 265 116 272 247 432 142 459 11 91 92 139 212 204 115 112 373 455 30 147 354 225
