223
5 264
335 124 405
283 78 149 139
121 287 367 430 377
239 26 320 150 31 135
464 97 299 282 43 90 262
7 58 79 344 235 136 145 84
406 98 186 54 359 451 120 313 225
107 71 295 448 433 161 112 184 147 446
253 179 386 92 279 50 76 298 154 47 368
362 6 143 263 414 453 42 394 416 246 310 373
249 113 317 408 402 20 211 274 125 237 203 389 443
176 292 421 77 437 325 214 388 460 384 243 193 119 275
205 48 156 266 442 412 366 289 391 290 190 61 219 175 332
24 291 93 13 241 450 4 311 222 233 85 216 138 127 316 66
429 116 380 375 17 397 56 44 308 181 458 252 261 342 352 259 87
459 415 115 379 399 392 336 258 401 213 349 449 374 11 339 441 306 331
365 417 341 46 198 321 128 10 57 91 19 209 180 32 227 271 357 160 33
435 269 238 382 38 83 432 220 60 168 423 199 28 37 82 123 185 144 285 204
457 215 177 81 189 242 387 75 294 428 188 195 400 14 363 142 338 3 278 0 419
212 202 55 110 158 111 434 102 307 100 129 29 358 101 404 218 315 70 322 240 383 250
439 396 256 361 182 155 73 410 393 88 376 45 251 304 191 413 228 224 117 25 207 62 140
23 114 16 146 436 108 334 329 312 165 196 152 353 280 462 131 272 105 281 86 319 148 234 438
323 69 40 126 9 231 411 157 210 284 172 162 94 346 72 350 103 80 390 169 174 49 164 293 217
454 385 463 232 30 137 254 354 422 153 247 286 63 355 452 173 356 403 288 447 104 59 326 134 444 303
270 273 200 34 229 245 151 381 301 95 133 67 424 51 318 418 15 130 53 297 35 398 440 347 12 276 170
343 41 328 39 327 122 99 167 265 337 267 8 360 27 268 371 65 461 18 36 22 409 345 314 277 68 244 197
426 226 348 300 425 194 257 221 395 456 248 309 96 118 206 52 109 255 420 163 178 230 369 159 192 260 187 132 351
89 324 106 166 333 296 171 21 407 305 302 1 74 201 372 364 427 445 183 64 378 340 330 455 141 431 2 208 370 236
