193
410 222
388 129 392
398 305 457 78
52 278 338 174 433
385 160 159 432 79 149
320 446 121 397 175 269 357
399 28 408 442 75 157 55 145
195 119 405 249 297 351 412 58 333
381 414 0 409 196 308 171 83 396 206
19 201 259 104 307 34 394 152 73 128 248
393 331 251 254 217 439 185 39 215 18 455 348
431 264 133 411 8 335 27 131 268 13 443 3 340
43 179 210 350 291 186 312 144 120 418 296 150 255 295
420 395 374 441 86 10 50 223 402 69 246 211 35 300 404
261 304 337 288 406 74 352 209 360 311 231 60 143 47 1 190
321 53 437 275 71 247 464 356 386 256 462 423 116 355 182 51 315
158 114 427 138 407 33 92 227 162 461 243 5 383 378 384 285 263 303
56 258 11 257 80 430 359 265 168 416 109 99 198 380 382 419 372 377 424
110 290 98 318 2 31 310 260 140 354 436 100 125 161 327 170 445 136 180 229
77 294 293 428 349 367 126 192 373 16 364 44 324 176 323 375 139 91 112 214 417
233 238 85 448 234 187 166 361 42 81 103 40 387 25 130 54 93 49 29 330 173 316
341 273 460 317 358 271 346 336 68 212 59 244 20 48 344 32 450 12 38 456 342 353 94
379 370 328 218 376 421 57 282 440 134 105 87 127 204 241 235 156 165 216 452 449 72 454 108
101 279 434 7 325 123 221 84 286 163 326 30 62 66 155 435 313 132 236 368 117 63 299 89 250
230 205 453 4 37 41 314 102 17 287 88 177 70 284 64 15 148 26 24 438 272 213 113 219 154 415
9 124 226 390 319 403 6 459 270 122 302 146 95 425 252 363 298 200 142 447 362 292 23 153 61 458 118
191 232 400 169 274 21 281 301 225 463 46 194 147 137 82 334 240 253 322 369 203 97 151 183 343 45 391 178
345 280 135 220 189 96 444 90 181 172 245 267 36 67 22 451 332 339 309 422 289 306 111 184 106 366 197 224 237
242 188 413 14 239 262 401 365 228 208 329 266 164 76 167 107 277 202 283 347 389 371 199 276 115 207 429 65 426 141
