349
251 448
168 71 385
257 153 304 286
104 66 207 324 267
5 245 277 354 288 164
219 369 152 264 235 261 441
435 335 256 110 51 252 365 327
54 384 45 47 461 95 310 212 140
220 93 143 446 62 178 360 148 49 431
9 419 181 249 76 273 317 67 244 203 130
157 191 200 82 341 454 113 430 370 255 121 275
232 208 375 399 162 417 386 260 155 315 305 293 452
179 344 72 378 198 43 307 83 394 345 127 451 328 460
190 193 326 84 406 48 436 306 433 16 70 90 456 15 289
397 407 52 120 291 387 57 410 300 135 128 36 418 453 347 115
243 301 171 246 34 379 209 463 429 462 69 132 105 23 4 31 382
337 103 53 361 188 240 440 142 388 37 237 169 279 318 392 323 165 40
325 340 383 233 42 100 77 174 368 229 86 205 393 278 302 357 159 12 231
63 271 85 216 450 319 92 320 270 211 81 351 144 102 295 172 272 262 26 391
284 356 423 107 308 222 400 133 274 150 415 236 290 299 55 182 210 422 46 259 247
147 137 118 185 99 96 117 445 158 27 396 339 358 75 180 416 183 353 428 283 374 114
238 266 303 0 380 438 151 263 389 371 377 413 403 58 439 230 312 442 366 68 80 122 64
457 225 309 342 170 213 434 298 254 224 218 24 184 35 411 437 97 412 421 239 334 355 175 73
458 197 331 226 297 201 186 101 98 287 285 116 276 123 241 59 405 364 464 138 330 94 292 444 50
321 88 363 38 248 187 398 146 414 281 204 332 346 119 352 395 161 282 129 61 373 39 408 455 258 217
381 409 376 25 425 156 322 8 11 108 22 269 176 432 125 136 124 424 74 228 294 149 194 195 145 362 28
17 65 6 242 109 87 32 338 336 404 223 234 214 390 296 21 280 10 56 18 253 141 41 154 316 311 29 420
13 177 3 19 202 134 33 167 44 14 166 268 199 402 426 314 221 131 250 189 459 443 348 449 359 196 447 79 30
126 7 215 78 329 160 2 206 401 20 1 427 173 112 192 91 372 89 350 343 333 139 367 265 111 60 313 163 227 106
