290
163 455
365 270 461
330 30 269 347
47 317 260 251 449
423 324 87 82 293 287
298 408 29 402 240 235 45
19 311 43 44 337 14 139 433
207 308 341 211 304 83 417 372 221
367 24 67 459 307 108 322 432 85 364
325 236 361 277 237 333 246 102 1 334 226
309 242 124 166 219 286 377 15 301 404 427 199
158 0 349 33 302 335 316 312 407 279 344 52 92
351 228 247 447 306 389 182 170 442 13 75 391 111 134
271 176 183 250 227 127 114 257 411 89 405 159 153 303 266
76 203 431 185 348 374 400 10 184 151 196 254 419 121 66 363
297 214 444 428 25 378 418 218 314 296 152 3 63 155 190 109 34
359 197 258 113 208 154 450 186 294 217 412 28 382 96 366 248 133 172
253 421 395 97 284 36 6 128 16 238 175 422 453 256 388 41 164 460 376
21 2 101 234 229 143 48 381 103 424 383 274 138 39 167 60 223 369 384 122
360 343 126 62 171 130 37 224 136 116 145 90 198 156 339 380 206 371 243 179 420
426 132 370 137 414 210 318 225 149 441 375 354 452 356 440 135 74 392 201 319 398 73
61 165 129 429 38 200 169 181 173 289 268 88 94 416 263 267 95 105 406 49 50 413 161
148 230 299 160 142 425 241 345 216 11 98 69 106 350 31 386 288 188 209 368 233 107 18 437
445 393 327 331 5 191 56 35 249 22 358 259 362 32 346 320 146 26 379 310 202 7 117 456 55
430 278 9 283 91 401 261 168 193 115 245 118 394 17 20 387 27 4 448 399 264 434 40 265 86 315
390 79 321 54 352 80 144 147 195 178 104 305 338 281 231 112 51 8 355 78 410 141 222 291 192 213 252
273 57 340 162 458 439 323 336 464 262 451 342 157 272 446 77 204 295 42 244 385 70 396 84 194 415 131 93
397 457 187 12 328 100 280 275 65 285 326 438 300 110 177 212 150 68 119 120 64 23 232 123 409 140 255 357 58
276 220 454 462 332 329 53 180 215 282 443 72 59 125 239 71 292 81 436 353 403 463 46 435 99 313 373 205 189 174
