246
191 18
54 127 362
325 145 386 367
140 242 132 178 452
251 19 195 233 30 391
399 4 464 218 235 13 365
65 76 35 375 450 387 201 293
395 146 0 202 166 397 347 306 258
434 203 92 278 93 368 301 183 432 405
381 413 37 431 48 173 372 326 44 85 156
292 363 433 227 40 441 421 220 208 455 407 104
77 262 309 198 408 157 328 314 20 289 378 260 33
331 231 392 114 113 415 247 62 217 53 194 371 152 287
330 26 308 394 225 94 435 404 46 69 153 236 63 318 442
426 160 420 61 49 343 241 5 196 406 286 141 204 71 267 269
321 345 106 444 460 300 112 297 17 103 165 422 224 223 358 56 411
265 448 105 100 147 29 107 373 338 298 66 443 213 163 9 459 186 1
205 352 255 185 390 398 206 110 412 461 190 261 417 245 376 39 451 57 302
456 396 187 273 7 6 89 374 333 237 438 319 385 222 181 168 341 88 108 41
176 263 117 320 249 193 50 264 457 323 380 8 440 244 182 388 342 340 129 83 257
79 275 232 425 281 144 339 159 125 446 274 346 384 171 154 136 305 350 296 164 174 150
303 78 299 184 143 284 192 382 133 252 427 128 138 60 95 291 167 266 91 437 348 72 316
215 304 393 447 216 268 349 310 424 344 45 90 214 155 324 228 151 42 370 101 23 43 172 383
27 238 67 175 307 454 118 207 189 414 16 453 199 418 250 366 162 34 355 197 36 402 188 11 111
15 130 148 322 335 135 124 179 116 64 80 271 2 230 270 229 436 86 337 180 99 256 126 169 10 158
211 52 276 58 221 21 87 327 364 259 280 329 115 28 142 361 14 226 123 356 120 38 121 75 248 219 334
272 3 429 288 389 285 357 458 419 277 122 403 430 32 59 24 311 290 360 279 210 12 68 312 137 102 295 462
70 51 131 161 351 294 410 109 97 463 313 359 82 282 55 149 254 73 428 134 336 369 439 84 445 200 96 81 377
449 25 416 400 139 423 409 74 240 317 170 353 119 283 379 47 332 243 234 212 315 22 239 177 253 98 354 209 401 31
