328
144 57
436 153 302
411 350 209 406
248 24 216 356 322
128 187 459 186 220 65
58 354 158 22 89 46 19
204 396 340 183 295 463 338 95
215 249 50 27 151 333 15 232 52
63 305 455 300 178 275 223 321 366 331
277 253 287 266 112 113 291 448 247 91 74
389 20 76 335 139 373 282 279 428 435 306 207
395 167 447 185 383 303 28 401 154 6 64 108 136
292 147 10 238 387 11 288 37 433 425 97 410 289 413
404 189 374 325 25 105 192 378 376 375 157 229 55 342 309
66 218 106 397 234 371 310 269 1 421 53 367 110 293 352 175
438 257 161 148 405 362 81 236 155 225 181 75 127 363 370 18 164
116 70 180 100 171 344 290 449 71 82 17 377 417 200 107 174 59 398
313 137 304 115 152 460 123 336 125 77 9 54 243 385 4 120 217 263 285
228 316 230 357 184 416 260 213 254 166 78 172 214 35 391 462 131 34 440 453
343 163 381 307 199 317 203 412 111 259 264 274 427 265 84 337 415 210 258 67 165
29 133 256 109 441 26 379 380 339 280 242 182 138 85 135 301 250 272 255 346 119 419
319 83 392 134 386 68 142 45 219 188 202 235 222 30 206 439 227 208 456 69 72 454 312
359 451 443 48 212 121 252 444 132 21 143 364 62 403 320 129 430 426 334 384 308 93 241 418
124 327 276 326 117 73 351 267 318 315 281 434 445 86 458 176 261 99 126 358 394 94 8 190 355
31 361 461 348 160 224 16 393 197 201 141 314 226 262 271 41 5 88 414 51 13 442 450 98 168 23
422 365 145 12 80 38 432 39 146 118 244 437 368 60 297 193 14 294 103 284 464 0 104 431 49 273 61
246 221 240 43 268 286 156 446 270 102 324 408 36 245 169 2 369 283 114 251 205 195 296 40 349 162 159 409
347 407 173 399 140 170 452 382 32 457 191 311 329 44 90 353 231 56 3 101 400 33 237 92 42 194 122 87 211
424 198 388 360 150 7 330 390 79 323 96 345 341 402 278 179 429 332 47 299 130 233 420 423 177 239 372 298 196 149
