220
277 456
151 406 380
252 162 158 288
171 10 130 64 363
108 152 8 195 217 239
3 407 348 126 249 120 147
247 452 340 19 235 392 395 11
129 447 317 160 413 225 301 38 254
227 48 291 54 35 213 61 115 219 138
222 34 329 450 69 352 350 428 262 67 360
202 95 287 201 330 131 261 351 62 73 43 369
246 157 460 418 312 423 358 435 205 248 167 25 28
103 191 464 245 257 270 188 80 159 328 258 211 55 134
454 349 184 149 316 421 420 91 93 45 82 311 105 132 355
1 116 463 65 9 337 31 314 320 439 305 119 292 30 267 153
309 268 393 459 451 123 416 58 414 14 253 198 199 226 6 164 353
357 50 405 111 81 89 2 440 417 269 364 449 142 412 173 59 26 250
304 365 306 210 242 229 322 310 99 189 386 21 22 215 98 128 344 204 264
233 335 71 284 298 398 424 86 52 324 169 104 23 368 272 342 307 136 391 434
137 319 15 372 57 265 72 224 326 176 13 154 207 238 125 438 410 422 263 375 197
5 77 343 135 308 175 40 373 166 20 214 4 437 455 400 139 278 47 290 97 223 237
124 370 109 29 396 102 283 289 426 172 345 141 381 33 140 243 313 107 236 385 168 425 203
461 271 241 430 178 79 382 180 78 209 143 234 12 433 377 394 251 244 339 384 419 42 186 347
76 117 388 110 114 231 218 182 127 122 18 266 144 90 240 216 118 390 321 346 397 399 318 200 177
185 101 281 84 429 232 37 49 411 293 96 332 415 155 170 174 212 325 206 165 256 443 404 260 53 92
436 70 27 161 295 150 366 403 275 279 356 338 379 367 230 75 334 255 16 402 302 432 179 359 389 297 68
187 221 354 408 336 87 60 453 0 274 448 46 409 41 383 193 445 431 374 163 228 315 299 457 378 371 333 462
36 148 24 196 66 296 441 285 323 427 88 44 331 190 362 146 145 259 113 7 39 156 133 442 192 303 273 401 294
444 63 341 17 282 56 446 387 286 280 100 276 194 85 32 361 51 94 458 121 181 106 376 74 327 183 83 300 208 112
