435
11 426
324 46 187
374 169 395 39
304 454 430 393 254
263 47 308 71 72 98
380 110 338 198 236 307 420
134 173 407 452 334 191 251 81
245 85 4 297 377 92 67 440 358
403 127 421 262 423 159 357 214 396 318
29 157 12 172 20 322 128 171 77 335 447
384 280 277 376 114 409 353 425 298 207 40 330
182 94 163 88 53 116 8 145 78 244 349 6 379
456 60 64 83 340 343 443 285 414 23 14 76 204 389
95 281 306 311 433 42 210 271 139 155 141 287 455 286 419
362 156 364 2 147 107 323 270 50 410 213 19 184 35 320 31
406 422 154 457 310 442 437 242 257 232 183 268 388 58 186 208 104
266 431 189 248 222 73 211 223 450 89 348 216 200 199 3 441 57 55
18 13 243 32 195 175 355 276 215 279 405 80 201 181 458 429 354 290 368
255 390 192 289 221 160 26 84 45 168 48 21 37 332 392 108 278 219 16 424
228 370 188 120 238 115 117 258 295 91 412 401 415 150 283 129 196 291 164 272 284
180 445 226 361 259 325 123 101 209 17 152 133 312 250 193 328 113 321 462 461 404 225
93 70 79 345 102 273 436 153 418 246 459 339 103 264 38 315 138 136 408 346 178 25 373
96 105 331 237 130 167 249 5 344 41 62 372 52 197 428 82 75 316 179 463 369 413 386 109
176 121 294 399 185 165 402 360 59 438 151 74 385 302 174 347 417 148 303 341 68 366 63 97 125
234 252 446 7 111 61 231 24 387 230 391 137 212 432 206 416 342 265 261 439 351 22 375 217 293 444
140 146 220 274 292 269 161 43 350 87 233 333 194 229 397 203 56 299 247 241 15 317 427 383 451 0 300
240 10 367 305 327 365 352 51 382 36 378 99 118 1 453 319 464 158 337 166 202 309 449 9 218 314 142 90
106 190 282 162 65 296 33 275 144 356 69 239 267 235 434 326 122 66 205 143 288 124 54 313 30 34 27 119 86
371 44 381 448 135 227 28 256 411 100 363 224 131 394 329 253 149 359 126 398 301 336 460 112 260 49 400 132 170 177
