87
329 254
286 458 320
430 448 439 303
284 420 130 267 21
260 440 91 308 65 412
455 378 261 219 227 217 229
242 203 117 417 397 340 49 165
288 257 109 364 168 333 189 40 23
409 313 256 454 45 345 418 9 395 163
58 22 83 274 234 197 277 143 228 342 180
16 164 8 401 202 14 381 195 304 172 390 179
95 115 90 315 19 55 349 419 287 236 388 86 201
258 152 99 408 351 89 71 321 451 75 118 406 36 334
355 39 289 377 457 463 47 31 310 385 178 392 52 167 2
80 326 237 400 285 38 297 149 380 4 98 360 394 224 48 207
405 398 371 343 348 350 151 322 240 110 106 3 84 266 169 366 218
262 101 365 337 255 42 191 136 433 200 442 148 132 142 281 248 447 246
209 26 428 432 247 275 11 319 5 120 309 183 185 190 162 270 232 188 325
30 145 306 264 423 425 225 435 76 69 25 146 339 134 299 133 413 204 375 363
379 57 154 198 68 24 1 416 100 317 181 434 158 28 453 449 10 123 393 235 74
367 302 300 192 316 414 60 176 29 311 368 159 63 127 327 335 426 251 78 144 223 129
443 73 346 460 15 282 338 445 210 66 292 41 323 175 459 352 50 7 373 387 382 437 43
147 238 301 97 359 253 131 330 396 456 243 389 263 33 226 70 268 399 374 273 403 411 245 61
283 450 111 356 332 230 35 88 199 53 216 135 213 278 27 295 214 79 462 259 208 272 104 464 244
186 77 102 271 150 126 461 344 438 122 13 279 32 250 221 239 51 62 177 187 12 357 155 124 291 293
276 307 328 424 441 116 56 206 386 18 20 138 54 358 205 107 354 137 404 34 156 59 452 196 94 160 6
427 347 383 125 341 446 93 112 193 215 280 222 318 241 294 128 436 105 37 67 384 376 362 324 212 82 114 184
252 298 46 422 139 231 361 444 173 312 92 421 296 174 415 353 336 265 140 166 372 96 249 81 161 431 44 85 194
170 391 370 429 290 17 211 153 220 141 407 305 0 331 314 113 121 108 410 269 64 119 182 157 369 171 72 233 402 103
