401
327 232
224 177 159
415 277 419 116
268 17 65 274 89
453 235 94 460 44 196
241 3 464 250 313 145 249
212 275 236 66 101 430 185 333
39 152 372 323 320 439 36 260 307
41 190 124 302 64 384 211 342 228 444
217 206 20 373 278 319 317 188 5 182 153
312 160 366 33 255 461 86 136 175 32 187 203
22 50 407 43 396 139 69 179 234 290 126 399 272
85 264 222 200 88 374 173 332 47 83 367 12 296 285
35 138 398 144 231 121 358 216 226 455 198 409 108 135 256
412 385 245 174 405 413 205 74 417 420 21 123 72 111 112 118
408 310 13 192 4 93 119 459 68 376 298 104 166 81 92 184 359
163 167 189 295 240 281 382 416 276 128 441 446 336 348 31 147 45 51
16 410 251 148 95 157 24 90 369 40 97 435 352 354 282 316 80 194 314
397 180 429 423 269 338 48 400 375 361 130 151 451 436 346 353 311 402 324 355
181 258 433 37 463 141 456 301 9 10 265 19 377 102 52 28 438 134 26 247 263
291 378 356 53 14 219 15 79 178 257 168 328 254 445 143 391 158 221 253 357 252 149
110 150 284 207 70 210 380 343 259 457 162 286 379 30 248 114 146 100 368 424 425 25 23
91 340 300 390 215 387 308 233 96 414 280 331 54 432 403 55 244 117 193 129 426 273 418 49
270 62 329 186 431 164 225 389 381 335 71 107 223 127 27 42 98 303 393 422 18 7 120 218 171
59 337 365 113 38 242 229 364 176 326 46 201 293 115 447 122 239 183 133 165 243 105 283 169 370 76
87 330 392 287 2 262 266 386 454 0 434 220 125 363 279 214 57 63 395 11 132 289 103 421 443 388 156
56 261 195 321 309 462 99 292 204 213 29 191 383 371 345 448 208 306 230 161 360 325 8 427 154 60 238 347
334 341 155 58 197 78 322 315 77 106 450 82 131 288 304 449 318 34 109 75 84 339 362 458 67 237 440 170 351
202 1 209 137 437 73 299 267 61 246 344 406 140 199 227 294 142 172 297 394 6 349 350 442 428 411 452 404 271 305
