455
430 270
259 350 162
165 48 10 357
198 294 41 194 319
189 15 360 439 442 391
329 380 23 289 368 26 68
65 340 336 427 432 201 341 209
298 240 372 117 124 290 58 316 376
282 292 46 246 237 25 72 318 260 104
377 343 184 64 167 12 394 70 374 390 158
143 276 267 402 204 44 345 95 9 454 147 30
82 171 93 413 118 80 339 36 279 320 344 127 299
264 446 419 274 182 451 437 242 155 438 324 335 99 353
66 53 440 24 138 122 401 18 435 212 296 382 348 174 369
180 185 197 425 225 310 355 405 76 306 123 314 221 426 109 56
347 111 128 411 157 205 450 159 164 196 378 308 91 60 287 364 232
42 49 239 449 443 326 100 381 208 2 71 130 115 29 110 358 166 447
132 22 126 63 266 322 248 331 54 384 284 256 146 96 200 400 17 156 406
169 275 114 148 444 261 278 113 346 464 272 19 52 285 213 245 250 57 421 388
327 75 333 199 0 234 140 215 409 219 8 243 428 39 214 325 67 51 332 445 6
330 145 253 302 342 20 230 452 21 416 286 233 217 311 396 338 149 193 255 137 313 309
134 121 415 186 351 69 366 142 385 408 33 61 387 460 262 5 3 307 375 139 90 81 361
300 1 398 397 224 393 172 83 404 45 422 168 73 226 43 210 77 263 281 175 241 32 295 74
31 188 297 356 395 352 273 247 304 254 354 195 463 389 170 386 150 129 371 244 403 362 203 458 271
144 206 78 293 106 268 79 258 305 315 163 453 92 283 84 456 365 55 59 207 120 223 105 229 412 312
152 367 423 87 323 431 101 27 434 349 424 187 98 85 379 86 269 131 216 28 407 399 103 448 301 179 420
249 251 363 238 418 178 50 220 410 280 102 47 116 257 107 108 459 35 328 265 16 252 119 228 181 151 231 461
373 235 88 38 359 417 334 40 429 13 11 436 112 177 97 135 392 176 462 303 34 125 89 141 37 136 133 433 154
7 291 192 337 202 321 160 4 191 190 94 317 62 161 183 383 153 222 277 211 236 414 288 218 457 441 173 14 370 227
