168
174 68
20 258 364
77 253 320 464
438 427 306 362 65
308 307 81 323 219 348
361 309 349 213 288 3 208
312 195 125 223 177 41 445 392
6 67 50 222 31 91 287 224 441
171 243 367 59 458 230 397 29 217 449
116 215 421 336 40 395 45 369 102 63 267
7 172 382 205 337 363 413 64 430 314 111 371
183 414 35 381 334 383 27 90 221 118 304 394 187
87 241 295 0 386 433 368 234 457 88 22 329 261 338
281 18 416 290 189 370 79 286 51 425 305 107 450 129 270
422 133 439 245 152 460 387 359 132 344 324 328 432 184 148 291
47 226 420 8 248 372 345 431 182 200 233 374 156 346 384 28 101
313 366 89 310 419 48 271 43 311 210 39 365 252 166 214 331 72 339
406 317 297 202 326 92 170 134 145 178 342 428 453 131 285 402 354 442 163
120 209 138 232 33 137 264 151 32 227 278 343 399 135 251 462 34 180 165 147
247 122 275 206 141 426 409 146 244 159 385 42 443 126 360 203 411 379 240 378 12
451 80 85 1 423 30 37 262 207 26 277 96 181 117 235 380 436 109 284 316 212 173
228 153 52 176 149 301 330 322 269 55 452 62 404 229 201 54 70 83 456 164 418 417 260
114 440 204 355 60 106 199 254 25 99 266 142 127 186 86 220 299 2 389 407 144 429 82 73
136 115 461 105 353 292 282 15 412 193 332 239 46 257 128 112 38 398 188 192 296 405 53 403 396
94 444 388 123 400 265 340 185 325 143 236 298 58 158 447 100 318 347 249 121 16 49 315 358 333 350
272 56 377 161 150 93 455 11 69 157 140 246 104 124 259 237 5 216 273 24 279 373 289 283 294 76 169
108 242 71 448 44 162 303 196 393 198 352 390 13 375 225 256 191 97 95 459 280 130 17 167 463 424 268 231
238 190 415 14 103 78 401 36 175 321 84 408 194 435 437 302 197 356 446 300 61 211 276 155 9 110 351 335 376
179 434 154 119 391 21 4 19 293 454 160 218 319 263 98 255 57 357 139 74 75 274 327 250 113 10 341 66 23 410
