243
156 431
367 70 248
304 172 392 83
438 138 154 224 223
331 360 149 287 71 226
370 395 5 126 375 440 10
345 280 417 354 369 222 205 174
364 330 341 202 350 101 41 42 53
303 30 414 22 199 173 352 189 413 233
396 48 446 212 348 314 321 15 0 56 117
240 340 127 437 239 366 50 151 225 63 332 273
434 381 424 374 295 164 359 308 422 429 373 188 100
209 38 133 320 20 301 346 66 282 142 464 211 178 447
328 106 67 411 266 269 129 195 285 398 14 371 36 111 401
232 238 444 260 427 204 105 317 391 305 1 207 113 115 432 161
6 57 256 299 326 339 462 261 351 141 399 132 458 294 443 148 242
293 169 264 229 274 296 128 347 217 257 163 46 344 277 165 97 181 410
80 122 86 43 255 183 74 59 37 60 450 289 47 463 283 123 302 323 85
102 19 143 456 119 250 158 284 175 12 236 82 387 459 306 335 78 214 363 33
247 9 79 228 262 327 120 94 428 253 454 430 137 11 3 182 98 45 131 307 234
409 88 292 421 152 73 426 309 322 153 64 219 251 54 76 368 180 7 96 291 210 69
448 116 441 216 208 407 237 103 51 311 452 412 267 28 276 160 419 125 72 87 196 145 415
382 144 92 99 312 457 329 166 357 26 146 455 372 193 89 194 13 136 157 39 227 425 313 112
384 241 213 218 297 393 198 353 379 201 436 249 23 109 390 356 245 433 4 185 184 177 110 300 288
155 29 8 49 290 418 235 246 52 388 114 90 325 319 130 286 337 460 35 2 77 281 355 439 197 192
336 383 34 365 40 221 263 162 265 334 147 186 270 107 275 385 25 358 27 44 394 139 75 81 95 349 343
134 104 65 403 389 420 254 380 442 397 32 451 58 298 18 21 362 167 378 361 16 404 333 408 215 170 342 324
406 176 271 140 84 423 416 449 278 453 171 268 318 316 150 259 461 179 377 206 135 386 279 376 168 405 24 435 55
252 118 93 191 17 400 244 190 258 200 62 338 310 230 91 121 61 31 68 402 445 203 187 220 315 231 108 159 272 124
