11
214 257
373 374 394
94 412 103 14
19 302 388 255 59
29 415 37 294 444 309
435 208 379 91 375 58 55
124 155 5 372 90 447 410 247
267 350 88 221 93 140 453 436 222
179 189 206 429 310 292 331 411 63 139
22 237 170 89 218 95 15 159 316 448 47
329 39 235 231 45 327 74 264 358 377 288 144
130 272 417 215 404 50 220 33 10 459 440 278 446
152 75 252 240 17 73 367 67 125 116 391 305 34 169
347 111 351 409 21 191 180 460 393 423 128 256 382 207 456
98 345 313 168 123 226 70 312 188 362 200 236 408 224 31 276
266 325 118 133 51 101 265 390 238 69 227 332 334 62 279 330 177
250 261 213 407 251 100 182 270 428 72 421 352 338 24 105 197 400 0
384 455 85 339 324 381 361 211 413 454 26 199 360 166 458 167 399 171 27
368 242 76 380 452 117 102 175 246 363 320 333 378 228 198 337 369 80 416 25
269 54 12 274 190 420 202 239 340 205 86 263 397 241 192 42 8 289 109 229 223
353 328 232 396 187 217 275 354 300 293 71 439 4 326 422 46 450 426 143 56 184 285
112 286 154 322 283 209 219 201 298 296 183 115 84 282 281 383 357 81 129 3 273 78 371
306 147 392 36 136 114 77 431 427 389 243 259 365 60 53 49 203 153 402 335 318 461 438 107
161 23 212 165 44 303 406 314 148 336 225 234 401 6 343 364 442 291 398 61 79 304 137 319 110
57 30 32 157 321 253 299 366 308 156 13 40 2 445 385 146 432 150 122 376 280 341 297 349 395 311
68 1 28 126 106 419 430 317 451 355 145 96 142 258 121 359 164 287 162 97 38 441 348 344 346 315 284
216 43 425 141 160 254 158 82 149 134 127 174 387 20 449 424 249 386 230 464 186 233 307 301 181 323 244 135
342 437 196 356 7 457 176 18 248 35 194 443 271 193 99 290 418 268 83 172 185 108 48 462 113 9 64 414 52
262 138 405 370 195 119 434 245 204 66 131 41 463 120 151 16 403 210 163 277 260 104 87 92 178 132 433 295 65 173
