154
283 241
343 315 451
440 54 223 442
463 353 121 275 77
358 164 216 67 96 384
138 0 255 202 311 134 412
226 162 361 94 417 45 450 387
69 119 238 427 419 122 372 248 462
270 250 189 460 374 168 423 314 157 75
338 410 243 212 211 74 273 391 232 5 393
83 267 231 271 186 133 106 7 101 274 20 143
355 381 292 58 108 334 435 291 304 306 316 52 425
397 225 81 16 163 86 159 206 281 160 422 123 404 364
424 184 321 142 72 293 434 68 413 406 452 90 336 300 385
227 230 31 260 286 141 28 332 302 446 129 252 373 195 6 153
210 318 366 455 356 23 449 335 30 305 445 233 448 346 416 284 411
120 294 268 84 218 222 312 61 9 14 188 323 3 15 25 132 78 177
49 139 395 219 376 174 59 407 103 295 167 263 26 91 193 436 21 259 429
209 354 79 172 258 400 147 62 187 261 350 251 461 357 244 325 309 85 337 100
229 203 386 201 444 32 349 234 175 426 388 66 277 215 264 329 431 185 367 402 71
179 182 317 43 246 4 290 158 245 453 287 313 161 249 144 41 24 396 29 181 48 19
351 57 10 327 124 155 348 102 420 272 308 285 257 322 279 269 130 352 254 266 377 362 237
379 399 220 13 359 125 339 289 328 50 33 437 146 44 299 428 324 458 443 224 194 344 191 409
319 115 369 192 375 447 104 63 228 88 51 247 441 342 403 35 326 82 330 136 360 296 389 112 204
140 265 107 89 178 145 65 256 128 180 105 242 408 116 390 17 200 73 253 310 36 111 95 18 149 12
92 148 170 38 456 378 76 401 382 432 27 320 165 47 221 347 151 301 8 394 80 22 340 278 117 97 262
127 37 368 207 380 282 131 169 370 150 438 39 87 173 118 421 53 288 333 303 190 430 109 276 98 176 156 454
70 55 392 208 197 433 414 171 459 113 64 298 457 365 99 235 40 280 240 137 198 213 135 217 2 166 110 341 205
439 239 464 236 1 126 46 307 199 331 418 383 214 34 415 42 363 183 152 345 371 60 11 114 93 297 398 196 405 56
