249
209 337
2 285 60
309 37 14 408
142 74 25 205 62
434 169 262 77 198 341
441 444 31 304 158 319 87
5 449 407 458 18 109 336 42
301 396 412 165 114 239 410 68 358
330 379 254 24 173 71 240 135 212 279
119 380 111 394 123 66 222 267 129 270 288
321 247 131 207 361 377 144 393 312 259 292 402
363 26 149 316 456 90 439 413 252 223 243 10 280
383 28 431 269 464 462 218 156 257 414 130 450 360 303
92 186 33 213 289 53 445 435 159 153 324 65 98 80 392
401 438 234 366 86 355 429 391 339 442 19 425 334 172 13 143
104 166 457 422 15 163 97 139 219 140 57 386 208 83 403 196 56
46 347 107 253 8 105 199 315 372 48 50 217 327 34 160 463 21 420
345 390 93 183 272 124 136 364 108 201 126 244 454 161 85 335 231 214 405
59 7 328 45 428 225 118 202 268 41 369 343 318 150 78 346 194 17 67 388
206 89 350 451 424 242 177 320 384 415 120 323 302 448 27 307 298 23 61 70 73
374 385 357 99 9 54 300 29 216 3 397 293 36 138 188 84 274 256 373 122 58 417
137 96 100 271 266 348 265 382 189 227 287 94 453 141 333 121 338 220 88 406 193 12 151
127 103 409 232 238 20 224 95 353 381 344 30 282 248 6 116 176 311 134 204 236 115 241 263
291 368 443 416 52 314 306 440 255 75 367 329 447 49 210 261 399 371 76 430 203 411 365 164 38
419 432 168 362 351 91 44 352 185 82 281 359 340 308 117 179 310 51 378 228 326 152 39 79 0 192
273 128 4 313 235 276 81 400 101 181 43 133 11 455 370 190 342 72 125 215 389 110 16 195 286 395 197
221 356 290 1 332 155 184 297 264 404 226 148 106 230 200 170 237 146 132 154 35 191 211 354 305 260 258 63
387 175 180 452 296 278 167 427 147 251 40 245 331 295 246 460 187 433 162 32 55 349 174 426 436 325 437 421 275
277 178 284 112 461 418 102 64 171 229 299 233 423 283 317 446 47 157 376 398 459 69 113 182 250 322 294 375 22 145
