12
341 144
200 349 327
371 396 319 125
232 412 428 429 20
453 409 343 55 142 282
210 311 0 306 326 389 313
78 74 239 279 294 257 75 191
346 376 120 91 418 262 299 60 89
460 217 449 384 173 310 337 72 352 38
208 48 167 231 109 16 443 395 388 36 128
143 407 163 37 160 236 32 3 258 329 281 417
424 158 411 47 260 93 113 316 410 179 155 303 285
25 238 54 383 117 17 367 69 323 199 146 455 136 400
315 347 283 377 342 221 161 250 141 290 52 292 373 33 134
408 44 202 422 437 369 280 187 366 351 65 73 445 62 266 130
387 427 464 353 332 145 355 51 350 462 184 23 220 15 26 235 10
92 183 212 320 211 85 419 206 229 108 181 451 178 434 392 348 255 133
66 321 57 399 86 67 271 252 309 448 83 87 454 79 370 105 275 237 107
70 100 375 261 340 249 186 394 14 379 463 112 334 132 358 197 77 27 267 298
397 243 122 274 224 189 22 374 34 278 138 96 64 169 126 284 256 193 357 438 168
457 254 335 11 360 213 110 325 150 156 222 121 331 192 188 251 381 29 314 88 339 45
330 94 264 385 225 154 76 301 447 401 242 209 362 35 398 378 157 180 152 171 425 140 5
270 1 440 53 415 277 159 391 147 8 90 432 218 245 104 6 305 61 198 344 435 101 215 124
95 459 103 31 452 403 98 288 461 450 42 172 247 265 28 162 246 114 441 40 165 123 300 423 364
131 324 363 111 153 190 56 139 318 273 382 413 228 291 166 287 456 129 102 233 164 19 414 328 81 115
386 43 406 308 149 99 82 356 296 293 234 119 439 361 175 148 263 380 116 289 7 230 207 365 402 84 227
24 176 151 118 49 13 63 421 312 106 80 177 368 431 244 405 241 205 444 269 458 416 253 46 21 58 194 226
430 345 259 297 272 248 219 30 317 372 41 170 276 426 50 240 9 433 214 203 333 295 68 322 2 201 338 393 359
137 127 174 4 223 39 196 307 442 404 182 185 18 59 71 446 302 135 286 216 268 304 204 390 354 195 336 420 97 436
