259
98 119
248 149 297
279 320 7 253
232 57 316 264 133
274 151 237 347 54 331
449 345 402 111 432 313 381
401 23 217 43 374 379 17 8
412 291 296 286 229 312 50 310 52
360 333 361 268 270 44 408 383 452 424
380 2 176 405 391 218 317 69 82 134 136
370 457 72 371 233 3 403 179 342 196 152 121
239 445 411 14 238 194 19 186 265 76 267 182 281
10 369 302 81 352 376 113 406 115 236 413 129 95 363
430 195 150 230 261 83 142 419 326 350 356 122 431 421 336
434 249 247 30 231 144 309 166 242 210 78 139 251 118 438 414
85 18 227 443 263 145 415 59 138 96 225 124 11 399 394 157 63
429 459 344 48 168 337 155 461 346 228 84 224 458 334 212 71 211 68
453 353 169 245 28 440 441 282 4 314 66 154 189 292 428 315 359 276 199
433 158 303 109 56 423 41 272 94 301 321 209 386 254 246 141 97 159 390 137
417 393 215 426 311 6 77 257 308 130 375 451 89 173 86 198 146 24 108 384 343
87 187 216 51 387 180 357 385 197 258 392 285 223 165 120 289 75 294 348 147 235 293
418 91 67 35 446 338 32 131 13 425 404 362 62 416 219 70 161 454 132 318 99 327 323
102 27 358 389 463 378 464 167 460 422 252 103 436 79 190 273 16 47 193 450 163 37 205 33
462 437 21 244 395 203 365 220 382 185 174 26 39 40 222 447 300 400 171 444 9 455 88 304 60
100 162 340 410 110 409 396 213 241 22 201 153 36 127 184 262 341 299 325 92 106 80 234 305 420 156
280 288 256 101 295 202 20 364 367 277 448 330 339 125 123 287 456 269 65 178 164 126 105 260 112 266 407
114 172 226 188 332 175 25 328 140 135 275 442 128 290 283 368 435 31 250 349 207 49 240 55 208 74 107 355
255 278 206 191 148 170 377 53 221 398 298 61 192 439 319 143 58 93 204 0 38 307 214 351 73 160 5 104 29
181 271 366 373 354 200 324 183 177 388 1 284 372 12 427 42 335 243 15 329 34 117 397 46 45 306 116 64 90 322
