88
231 256
19 38 124
213 180 41 105
120 5 433 269 46
156 111 230 21 108 52
373 265 228 164 460 266 34
238 463 334 429 425 445 117 229
36 215 153 374 20 2 260 271 113
80 157 37 227 333 84 351 90 267 55
214 181 432 143 376 118 322 349 64 382 441
279 345 413 454 252 188 302 130 249 184 3 104
65 221 99 446 155 197 393 127 275 387 299 377 457
416 381 0 29 254 63 60 236 354 39 401 291 196 346
399 58 35 71 273 339 310 384 386 129 391 268 98 347 319
409 277 9 218 203 442 33 233 270 447 147 28 78 326 407 237
361 434 31 22 292 440 456 290 96 305 245 211 303 17 53 388 259
281 253 131 15 415 6 338 62 412 85 162 294 154 258 394 217 26 192
367 8 370 248 114 417 223 209 418 135 283 449 149 150 121 204 51 241 100
205 313 202 198 431 314 72 396 40 320 352 444 16 324 167 280 119 23 235 30
257 239 173 116 366 14 148 224 355 133 190 325 461 435 389 123 212 139 12 289 232
49 363 242 142 341 161 315 296 166 436 97 1 439 284 323 459 278 383 343 70 18 107
427 138 329 160 128 10 298 141 57 168 176 400 7 68 195 357 206 255 199 95 210 169 86
406 177 77 66 45 410 132 316 11 165 390 311 380 437 344 246 317 179 174 110 89 426 262 222
402 408 420 308 48 25 193 207 170 106 171 251 348 306 359 226 379 216 73 151 448 318 145 422 125
395 250 244 342 336 331 301 93 102 312 428 438 364 452 185 371 56 261 83 87 340 462 293 81 94 297
362 300 126 247 79 282 451 134 47 423 356 27 187 74 225 411 178 183 375 368 286 392 405 186 430 397 240
450 194 82 144 378 385 101 327 234 287 453 103 43 200 288 263 201 175 13 358 112 419 309 61 304 403 350 159
307 243 189 137 404 91 4 353 67 369 335 414 332 69 276 372 109 75 59 424 398 122 50 220 24 274 208 54 115
182 32 464 44 337 455 140 443 264 146 330 272 458 321 42 152 295 136 76 365 360 92 172 191 328 219 163 285 421 158
