134
389 290
188 189 293
248 242 215 238
163 21 221 269 203
399 50 326 45 133 408
174 442 157 323 300 53 289
56 27 167 109 333 330 380 4
122 1 344 197 432 377 321 112 365
317 142 324 245 440 82 12 255 110 18
276 302 403 294 176 451 204 228 376 455 198
279 329 10 363 390 93 162 22 338 281 146 48
425 35 313 24 360 177 282 113 350 61 223 339 354
231 67 297 205 115 107 37 65 385 291 143 319 252 131
66 234 347 433 256 60 138 270 83 450 173 79 438 328 239
57 195 86 14 273 217 457 243 105 463 446 104 393 414 232 426
397 151 306 400 23 206 369 42 119 341 224 253 166 464 47 145 439
230 49 410 102 159 94 280 58 149 117 212 295 246 72 320 366 454 358
298 175 229 118 91 28 271 40 7 391 121 235 353 421 419 387 398 172 127
211 299 275 352 96 200 254 420 357 184 77 337 322 124 373 210 388 318 359 26
266 305 63 449 193 396 424 257 137 46 456 225 262 191 258 226 240 263 286 169 310
395 288 100 54 116 418 411 17 452 296 80 342 437 202 84 233 103 460 135 132 362 384
312 179 214 249 152 429 5 74 99 415 412 274 308 434 209 6 196 332 236 187 407 284 374
129 183 158 383 55 268 194 16 30 386 75 208 277 87 178 267 78 43 447 458 185 148 136 379
41 19 219 199 327 444 29 168 20 336 394 416 71 261 349 303 114 171 89 427 160 375 222 331 32
126 250 311 343 70 423 285 259 207 402 405 164 381 278 417 38 453 355 459 251 364 345 182 441 287 247
186 0 370 371 430 33 141 314 69 190 378 435 13 220 128 356 154 97 260 413 283 401 59 340 147 348 392
264 73 367 68 216 335 81 101 201 292 301 153 25 34 265 31 428 108 436 15 307 382 3 422 272 39 304 52
44 125 150 155 334 325 111 98 120 445 95 130 237 165 11 2 139 90 51 144 244 8 431 181 309 406 443 404 316
88 346 106 351 123 462 62 64 227 92 368 192 156 76 372 218 315 409 36 213 140 9 361 161 241 180 448 170 85 461
