92
187 149
312 25 457
213 193 55 46
451 334 180 305 407
191 171 461 164 72 162
112 157 77 246 21 247 43
421 450 57 464 1 184 445 58
140 286 269 18 326 433 115 252 290
118 117 70 285 10 353 429 313 265 47
299 163 129 133 437 128 178 354 93 270 409
453 394 80 83 351 59 172 35 86 319 87 179
373 60 158 166 446 7 363 420 122 16 331 208 212
61 449 79 370 362 202 447 410 125 324 67 15 438 137
3 336 31 113 460 53 314 297 419 119 9 45 230 379 374
355 134 207 239 322 210 200 266 339 356 289 422 90 111 97 401
302 387 367 396 258 261 156 427 154 425 52 91 82 62 85 175 69
306 186 5 50 136 364 216 214 23 224 33 328 204 100 412 95 160 275
417 151 332 456 130 218 310 173 377 372 225 17 346 197 448 413 416 257 143
63 402 221 76 329 177 264 222 406 415 229 106 341 260 241 198 161 318 75 282
352 317 104 68 29 307 195 103 463 188 185 159 51 292 295 301 167 78 444 88 227
199 84 452 223 350 89 403 14 357 272 435 211 150 148 39 383 418 369 443 274 27 98
320 235 392 395 358 81 228 19 190 126 303 399 165 189 347 243 366 397 205 321 293 0 371
144 48 428 432 56 127 120 26 40 138 99 342 337 109 440 226 284 182 141 442 116 245 267 22
101 330 30 38 153 124 411 66 248 73 455 155 71 458 215 234 348 368 240 271 34 430 4 135 294
462 174 400 382 385 359 237 283 259 114 203 388 308 279 168 311 408 217 454 96 335 340 263 181 201 384
304 94 365 386 131 242 268 250 32 49 255 262 281 249 13 389 376 436 393 36 414 152 375 316 74 244 102
390 8 6 251 139 405 380 288 105 206 170 232 176 108 2 183 169 236 219 325 24 278 378 338 121 65 361 273
423 238 64 12 220 256 459 277 434 309 132 196 345 398 254 11 441 280 142 381 231 253 110 431 327 147 54 360 107
426 28 41 37 439 296 323 44 209 300 343 146 145 424 391 123 276 192 291 315 194 287 233 42 20 344 349 404 298 333
