308
290 464
341 241 463
42 178 191 137
453 336 16 355 379
31 410 271 177 105 258
169 26 234 199 414 333 46
334 164 247 50 356 432 115 174
202 447 340 408 75 322 61 17 442
4 238 368 184 457 117 433 396 288 402
207 144 425 8 130 11 201 302 67 212 141
230 176 391 2 437 3 323 210 401 217 223 424
106 384 143 342 170 282 349 259 216 213 318 310 205
338 56 320 203 369 389 181 361 138 462 286 91 20 387
269 71 423 330 163 97 415 315 37 370 411 70 73 153 400
229 185 215 276 128 260 426 18 192 189 296 173 251 380 204 124
395 365 194 167 324 96 274 114 48 25 69 450 272 86 188 242 273
451 266 446 225 150 142 280 233 24 102 103 416 374 388 119 275 381 198
10 45 303 364 54 47 240 180 297 81 160 74 392 224 430 52 179 94 444
436 222 129 413 68 456 460 40 352 172 66 59 250 187 316 195 443 220 152 298
227 165 366 407 265 461 231 313 378 134 110 5 87 136 36 417 211 101 140 347 319
55 7 427 254 350 235 28 441 429 9 57 107 200 39 6 360 385 314 406 459 412 154
309 339 158 161 44 219 104 386 146 328 109 449 79 422 335 299 145 43 440 278 289 197 358
35 376 33 182 32 149 232 159 405 221 113 49 12 162 398 30 345 445 354 256 284 196 325 421
277 209 420 363 326 125 53 294 353 76 291 239 403 168 218 99 206 236 22 92 343 452 157 51 307
72 15 214 175 90 65 111 95 409 372 23 21 301 237 448 312 148 88 262 264 359 62 293 193 428 156
454 155 394 139 321 38 226 116 458 332 147 362 306 348 300 58 439 77 78 393 64 19 438 255 329 390 82
373 190 208 14 287 29 171 371 434 337 132 131 80 331 249 317 292 283 397 304 252 27 166 268 60 41 243 121
122 327 261 244 83 118 399 84 267 377 126 311 351 133 98 279 285 248 418 257 63 100 382 344 120 263 404 419 270
85 108 34 245 346 383 295 367 93 127 375 135 435 183 13 186 246 0 228 455 1 305 357 123 89 281 253 151 112 431
