144
453 250
369 401 279
346 177 101 59
72 223 241 51 76
159 152 252 463 7 123
190 95 288 356 282 178 355
63 74 429 161 146 45 163 296
435 39 54 316 58 450 236 79 443
218 93 6 187 351 43 49 444 220 44
167 168 210 240 441 367 246 47 285 90 14
121 186 56 35 260 204 348 84 16 389 442 293
196 30 166 417 411 97 294 395 256 297 342 247 169
452 232 154 259 433 430 22 17 33 66 216 199 185 317
393 290 10 414 131 42 3 326 209 195 295 357 439 385 52
315 432 62 104 135 366 286 396 189 21 298 446 383 239 343 4
321 99 106 289 5 12 11 120 160 277 399 332 158 347 458 127 180
147 89 198 73 255 362 215 20 363 457 150 464 181 200 272 65 379 337
171 117 28 18 38 422 206 202 23 125 67 2 233 269 371 421 426 258 424
339 361 264 447 96 349 449 108 329 231 302 413 368 320 172 92 82 263 151 382
270 451 427 403 68 137 415 80 338 32 314 105 419 98 273 287 228 387 184 262 409
309 113 100 207 134 188 257 165 145 129 328 156 319 164 323 283 299 217 335 334 197 304
305 336 365 358 374 24 36 201 118 445 194 208 244 124 312 212 292 408 143 275 322 390 300
352 254 381 88 103 410 261 111 412 85 176 222 425 253 388 205 174 436 139 53 179 13 416 291
307 462 46 301 341 77 440 340 230 9 249 83 431 405 268 373 41 265 406 136 60 345 359 281 219
325 141 333 193 170 57 122 327 132 437 40 226 119 55 364 376 402 214 420 245 203 128 391 278 29 276
221 71 384 149 370 229 377 375 454 392 303 372 91 271 64 148 280 331 31 116 109 318 438 142 397 243 242
114 407 423 354 50 87 284 61 26 213 107 306 86 183 378 173 394 78 224 37 191 456 266 350 133 237 386 0
15 460 225 140 248 344 27 235 311 1 102 34 94 380 234 81 274 428 324 153 8 353 19 192 126 398 162 211 182
461 313 455 459 130 138 70 157 360 110 155 175 330 48 448 251 227 400 69 112 75 238 115 25 267 310 308 434 418 404
