232
258 268
427 184 237
273 80 243 351
358 282 82 425 12
274 44 76 55 370 84
40 150 395 242 293 31 462
174 107 406 303 229 368 390 295
137 261 164 407 256 437 447 204 332
4 275 183 152 181 443 307 83 435 315
283 402 216 200 90 451 128 92 173 452 51
291 267 230 103 125 392 110 121 28 300 35 318
17 396 2 211 162 23 309 246 169 433 446 47 38
71 212 36 163 191 13 381 457 210 367 209 177 249 217
227 398 448 336 378 338 48 305 455 341 394 221 302 411 118
317 259 15 192 423 73 223 400 335 117 115 165 360 356 143 245
364 296 287 228 106 357 222 108 384 449 414 166 74 328 86 410 316
312 418 354 171 362 52 429 205 337 251 0 120 206 153 454 195 85 186
142 18 343 100 393 297 271 63 57 372 30 72 34 91 77 119 46 262 310
306 97 130 131 231 187 236 224 265 241 102 431 239 386 359 377 207 404 365 190
19 399 234 238 269 198 385 419 21 95 99 387 88 158 308 22 133 214 175 326 409
366 255 182 24 382 325 252 185 412 363 112 161 89 58 123 276 426 122 132 345 421 313
339 26 277 9 225 340 397 244 42 304 54 144 98 301 321 344 279 329 41 323 168 202 408
146 135 280 14 29 439 235 380 220 270 388 201 353 379 45 361 294 422 253 65 64 401 70 176
319 278 157 69 298 215 330 331 127 371 352 263 78 75 233 250 327 219 389 6 260 322 311 288 383
62 456 248 172 81 436 434 104 154 347 441 430 438 334 403 67 445 5 314 189 286 257 458 147 124 136
87 333 349 254 464 342 194 391 213 178 39 196 111 7 376 113 208 159 348 193 417 203 299 292 155 459 27
126 197 160 3 138 416 1 33 444 37 289 218 114 355 415 350 139 129 66 247 375 10 96 94 188 68 79 346
432 25 226 148 199 413 11 369 463 59 16 32 167 284 61 324 156 461 240 116 405 453 56 149 105 180 50 20 450
320 264 290 8 179 60 141 420 442 266 49 145 440 43 272 428 285 53 373 374 134 424 151 170 281 101 109 93 140 460
