372
23 463
109 190 394
339 174 418 361
417 254 298 406 104
176 449 76 173 185 355
220 375 446 258 424 253 102
390 430 90 179 159 333 59 148
111 376 411 122 245 135 378 263 153
300 35 271 310 434 316 124 51 99 344
441 240 422 435 116 447 41 189 221 214 0
225 3 36 85 19 55 210 414 2 123 152 162
387 168 358 105 405 192 448 112 261 317 142 26 328
327 140 46 384 226 315 70 381 266 91 351 391 165 284
223 382 193 139 222 282 377 241 363 213 388 115 8 386 207
58 401 50 274 129 348 64 38 172 6 183 379 408 341 367 138
248 182 191 399 45 292 251 288 433 458 267 188 412 42 285 17 170
117 141 275 389 291 52 66 336 299 343 250 200 53 238 134 264 96 44
187 12 385 33 452 146 400 100 232 365 283 62 130 199 61 354 398 18 180
404 427 39 143 464 234 443 407 409 419 84 279 425 79 380 131 455 156 442 114
330 247 147 281 290 252 212 402 460 459 11 395 60 43 432 56 198 269 75 374 311
78 92 206 255 353 195 83 155 325 169 236 218 273 280 369 205 270 82 181 28 177 276
224 54 256 106 366 157 244 227 73 307 439 272 160 215 338 21 9 34 326 438 461 260 228
184 349 233 151 126 150 314 149 345 360 167 24 334 95 462 216 352 47 286 243 29 319 178 415
197 329 392 324 235 437 68 161 364 30 456 347 318 202 101 429 86 368 186 337 63 4 25 48 71
340 312 454 136 359 393 373 416 246 303 259 217 108 57 27 421 396 137 356 321 453 80 420 103 81 457
171 293 277 309 93 74 72 1 294 128 31 118 125 297 231 370 166 362 306 450 289 13 94 145 423 342 262
7 403 445 229 323 287 237 242 278 14 320 69 268 322 313 87 305 230 88 332 211 296 121 436 440 208 133 331
431 163 164 219 444 397 371 204 413 203 196 77 32 249 194 16 127 154 346 10 209 383 304 350 428 239 67 265 65
302 335 107 22 20 144 119 357 257 49 175 15 98 295 120 37 40 132 201 113 5 301 451 110 158 97 410 426 89 308
