6
378 60
158 391 302
57 425 440 271
201 105 327 313 71
373 147 237 135 90 288
142 423 458 364 19 156 239
357 128 420 300 406 418 263 437
193 49 172 303 262 318 371 175 421
160 341 410 416 402 409 18 15 407 369
102 120 31 398 356 461 422 426 348 182 61
308 414 227 270 69 299 365 203 456 222 163 246
379 141 228 350 346 454 386 52 26 23 94 463 275
277 132 424 289 408 113 22 292 231 405 81 219 176 217
114 192 330 2 294 441 367 382 220 36 159 400 415 433 404
189 380 396 183 72 394 209 28 186 334 235 39 361 397 342 241
464 372 204 248 153 80 3 118 428 83 134 33 73 210 358 349 215
295 151 46 273 44 45 274 366 297 291 338 247 284 430 279 381 181 347
62 67 384 375 255 325 310 51 171 307 34 109 179 245 265 92 343 7 37
240 451 47 266 58 14 64 164 123 129 89 115 184 173 9 27 75 97 296 368
223 427 10 56 450 432 236 445 29 53 329 311 290 157 205 70 417 208 98 439 281
267 199 351 401 226 280 345 306 260 137 218 355 0 121 230 243 140 214 168 392 5 319
412 253 444 196 287 393 54 435 362 110 127 195 213 250 337 20 185 100 344 170 1 244 198
232 4 354 333 276 339 130 370 254 399 143 446 101 77 187 233 317 91 211 315 413 419 17 449
200 126 82 103 360 138 42 174 148 197 411 41 169 395 65 278 257 229 225 431 259 377 194 282 68
324 383 249 387 216 340 150 234 167 87 314 352 336 321 144 269 35 32 66 177 286 256 261 434 38 429
320 224 149 447 86 462 335 122 191 125 298 63 85 312 161 133 206 403 165 452 88 285 374 111 25 251 455
385 162 443 106 376 436 453 107 55 131 16 238 264 24 13 145 124 84 79 460 96 139 43 154 353 136 212 332
272 76 457 178 93 146 12 242 283 448 389 95 21 390 301 40 309 221 190 316 323 59 116 180 112 202 50 328 188
459 322 363 99 108 305 104 78 119 331 11 388 166 438 152 117 207 48 268 293 304 8 30 258 155 326 74 252 359 442
