164
37 396
86 346 82
440 134 128 444
350 22 145 39 398
259 105 318 362 45 84
24 133 285 372 98 330 163
407 109 142 225 401 247 226 216
366 279 152 215 291 230 217 282 237
431 455 305 231 421 240 77 51 264 49
140 433 6 383 438 310 297 151 143 80 199
268 44 7 283 354 78 361 220 270 239 154 168
385 299 75 162 301 319 155 348 426 180 25 418 148
59 174 432 445 27 246 380 313 442 256 241 63 62 404
364 97 448 76 165 420 309 402 90 167 85 295 161 212 345
91 64 374 83 93 198 430 437 422 202 46 41 275 287 449 400
179 185 23 419 395 47 181 190 260 387 308 144 48 175 425 172 58
129 103 447 278 153 324 461 390 88 236 68 304 298 342 176 5 30 321
183 106 20 356 117 289 81 344 156 146 416 31 458 303 352 12 306 288 343
15 209 454 267 411 203 369 277 219 150 16 314 417 242 61 188 248 229 312 157
204 171 107 399 42 210 9 257 69 18 238 384 186 252 50 74 100 253 228 368 340
92 382 28 370 357 131 213 79 311 54 224 192 72 166 214 302 255 71 195 456 102 17
206 403 70 452 14 40 359 55 136 450 118 32 388 56 323 464 327 293 409 66 29 218 250
258 222 121 160 36 269 453 170 67 158 446 334 434 108 391 4 3 191 194 281 412 351 223 205
122 261 207 339 132 389 1 355 460 276 335 94 116 265 13 428 123 65 234 35 307 271 336 53 435
19 322 316 424 439 349 227 177 138 341 89 457 286 331 441 406 414 353 358 325 11 363 124 429 375 173
360 386 292 284 52 249 200 187 328 125 254 296 365 274 141 290 113 43 294 266 8 201 159 96 114 104 326
367 197 459 413 33 60 300 333 2 208 232 463 235 101 320 110 392 410 178 405 38 196 393 373 381 280 149 99
379 111 337 347 376 423 87 451 21 243 408 182 338 332 397 427 443 263 315 233 262 95 317 112 139 130 184 169 221
120 211 147 127 0 10 251 34 135 371 378 415 462 436 193 73 115 137 329 273 377 272 126 394 245 119 26 189 244 57
