231
9 81
163 279 416
53 73 412 336
463 355 111 322 148
113 260 462 399 85 156
13 448 435 375 204 298 86
460 76 329 138 384 456 210 147
362 396 405 369 195 331 254 14 271
371 317 312 175 407 37 457 285 208 168
186 188 390 96 297 5 8 193 215 100 80
62 376 20 403 353 392 42 395 3 266 235 219
263 433 326 124 154 1 200 95 49 417 324 239 130
236 351 31 226 187 293 434 55 343 174 276 311 107 28
245 44 294 88 203 205 221 373 445 342 56 452 192 424 394
316 101 247 19 181 126 441 401 402 67 34 125 357 57 374 15
284 309 386 251 122 157 380 446 166 356 146 137 97 143 437 413 212
145 142 389 129 314 400 387 252 310 419 177 428 30 131 43 414 50 272
21 256 209 197 337 280 341 305 243 410 303 151 46 83 339 383 75 370 110
265 165 144 224 227 411 105 149 240 363 447 90 391 202 16 39 104 422 229 171
444 439 2 70 41 440 287 117 65 225 423 255 127 58 23 94 78 257 442 242 164
340 141 408 288 404 93 268 455 335 366 425 352 264 32 458 295 379 382 306 60 438 217
381 179 361 307 234 320 12 385 6 283 91 176 359 135 349 246 158 182 17 180 133 213 77
273 426 345 420 262 196 128 308 184 249 274 102 71 418 368 52 24 92 292 388 330 299 333 397
427 115 450 443 134 72 136 347 183 106 199 367 82 459 291 33 116 66 300 170 26 328 237 201 36
325 61 139 360 277 436 327 118 304 358 173 167 84 218 222 0 338 461 51 238 150 323 296 48 232 216
114 301 228 378 421 178 449 269 121 207 120 206 286 169 432 354 429 334 69 87 348 99 220 27 162 47 350
430 161 241 282 185 364 191 270 346 132 89 233 194 248 112 159 7 25 155 454 290 153 63 315 223 152 38 377
431 108 119 211 250 11 302 189 172 59 29 190 281 451 98 321 319 313 393 40 64 415 45 140 406 259 103 22 123
289 464 398 74 453 10 258 35 261 318 253 18 344 275 214 198 160 267 109 68 230 365 332 244 4 409 54 79 278 372
