322
354 332
248 79 78
102 200 334 278
267 175 272 277 306
35 301 341 280 203 11
56 205 379 416 425 303 374
401 223 40 63 144 269 64 231
264 260 457 39 257 375 369 124 207
245 188 141 149 50 2 463 170 61 168
13 145 405 129 336 107 209 51 236 5 241
444 254 4 398 217 392 44 448 148 106 407 337
290 147 442 286 111 237 311 172 222 220 331 342 114
67 65 464 202 298 14 462 384 33 390 382 373 28 23
89 357 266 225 206 146 330 77 296 359 52 363 199 10 161
412 192 435 377 315 244 358 68 356 400 166 312 215 420 221 186
452 455 413 360 95 93 275 49 273 190 160 176 353 193 156 429 184
454 164 418 391 62 383 21 155 288 432 438 461 365 292 130 1 171 32
304 180 381 219 366 243 424 54 380 282 139 343 242 307 96 426 105 411 433
167 159 268 118 430 258 456 250 153 409 446 110 240 338 431 323 346 289 232 73
305 92 91 76 460 15 388 60 271 19 18 169 459 47 224 317 274 16 362 451 104
201 325 136 350 208 127 427 389 74 125 347 393 71 195 204 308 163 27 103 422 247 293
108 255 132 265 415 120 119 46 349 197 345 352 294 394 314 283 211 252 59 134 86 36 177
368 87 154 151 214 423 3 173 115 256 302 249 378 174 227 238 179 12 319 9 371 396 284 287
128 281 276 70 30 445 212 198 235 253 367 41 142 327 143 43 98 447 295 263 279 261 300 42 121
53 6 112 133 441 37 24 361 291 189 385 436 406 335 328 321 439 428 410 181 7 116 34 38 138 182
419 395 399 126 109 137 351 370 99 187 25 285 333 97 17 270 20 229 440 434 66 84 251 397 22 297 55
329 90 233 158 404 183 228 82 376 402 344 213 162 0 150 458 408 194 80 58 364 313 94 414 57 113 8 140
45 299 320 262 259 226 31 117 72 348 443 387 88 318 339 135 316 386 310 48 178 69 403 165 26 372 324 83 100
355 449 210 185 453 218 326 196 234 239 216 29 81 85 246 157 131 191 437 122 450 75 101 123 152 309 340 230 421 417
