292
85 371
38 269 323
219 157 67 3
224 116 340 377 189
138 103 196 382 386 266
410 111 456 378 171 239 172
320 457 436 155 15 420 380 143
193 249 247 452 291 368 337 390 263
254 437 293 231 235 107 401 13 442 362
180 451 459 446 141 27 258 423 215 440 202
236 154 1 114 275 425 306 74 174 393 328 273
284 404 117 430 458 105 391 429 281 170 8 82 218
409 30 59 152 230 287 72 112 461 73 106 359 426 45
101 348 225 173 21 58 267 406 109 16 211 98 241 233 244
242 381 11 397 12 367 158 55 139 206 167 444 95 151 312 131
222 2 351 334 210 71 282 181 47 300 245 163 176 246 213 354 336
454 330 403 40 360 243 383 252 295 439 214 375 87 185 221 402 194 270
226 162 325 156 50 365 449 130 182 201 94 78 353 232 424 57 240 299 366
169 347 81 253 63 250 369 146 311 43 115 64 199 6 150 68 304 129 204 464
207 65 160 69 89 220 460 385 192 321 216 28 324 168 350 33 80 229 24 331 265
195 317 142 308 10 414 264 274 42 355 256 279 35 7 60 228 364 438 200 276 132 179
223 133 428 39 134 434 463 307 327 361 136 296 453 288 166 370 135 86 462 268 127 398 91
108 310 372 191 14 286 164 49 432 37 316 271 332 25 396 9 66 441 4 405 283 342 48 41
118 422 443 100 104 433 290 26 322 149 392 119 394 19 159 412 315 77 208 52 23 5 237 346 120
318 260 309 188 349 301 70 248 416 280 31 417 343 96 411 20 395 110 234 22 363 34 289 56 29 399
298 326 140 305 165 272 32 102 36 186 294 51 278 358 113 99 121 148 17 0 76 93 238 153 314 79 413
177 388 357 61 18 259 125 408 376 62 90 128 84 126 145 303 92 147 44 374 345 161 341 262 203 431 144 335
227 122 54 415 338 183 389 379 329 455 356 445 319 255 88 97 261 257 419 421 339 123 352 217 178 75 400 387 175
251 46 137 407 448 344 212 427 197 209 333 435 198 373 184 302 285 447 297 384 190 83 124 313 450 53 205 187 418 277
