81
97 426
220 145 116
36 66 463 360
452 250 2 393 191
30 395 179 17 239 255
419 342 33 154 350 374 331
55 400 338 231 447 167 198 143
104 382 301 35 53 377 155 398 173
60 180 297 251 122 305 392 238 222 6
156 31 77 184 72 0 193 316 131 270 86
366 347 443 435 326 207 20 78 186 303 127 152
43 357 311 215 325 302 194 150 137 201 379 413 409
162 453 304 12 56 299 293 287 190 359 185 418 219 407
410 289 23 195 48 85 320 404 373 200 133 278 401 134 343
172 213 406 321 385 126 308 380 370 318 212 386 68 445 38 277
109 292 333 464 45 280 211 440 206 168 458 67 434 216 75 11 227
257 128 457 315 102 64 249 337 260 37 149 396 241 163 10 446 118 371
169 187 282 274 266 32 101 298 233 451 40 340 330 15 160 26 307 139 183
132 394 381 174 431 369 290 58 349 352 18 113 209 355 384 295 159 328 214 279
176 79 405 317 27 111 54 391 403 144 335 98 332 368 210 408 256 19 285 107 397
117 76 272 438 106 88 267 237 95 441 65 244 383 432 423 203 375 354 390 175 430 294
141 358 157 428 205 181 164 460 351 197 323 271 306 230 99 334 324 336 148 125 437 362 110
84 339 361 425 90 389 235 51 281 166 309 112 124 364 171 62 265 73 399 170 248 417 232 448
217 444 427 345 439 225 416 57 243 424 199 310 28 261 91 229 82 319 462 202 16 234 49 236 41
264 63 254 121 178 120 429 161 283 449 322 3 74 42 372 123 415 253 269 259 263 223 276 182 34 461
22 87 136 80 327 100 388 119 177 455 348 44 1 5 165 92 246 52 147 456 412 218 286 83 221 344 402
59 24 8 240 4 114 411 89 273 291 146 226 450 314 151 115 245 138 242 421 70 414 208 341 433 71 158 365
130 268 29 376 50 356 9 420 105 262 96 353 252 61 378 247 188 25 204 422 387 329 367 7 142 275 189 459 284
140 153 313 14 94 69 296 300 346 312 47 192 442 454 103 288 436 196 21 135 224 108 363 46 13 228 258 129 93 39
