422
63 331
394 62 306
412 348 252 384
423 227 418 48 211
229 395 460 462 13 88
295 191 145 426 364 373 28
359 268 246 12 429 186 417 164
223 133 89 243 360 224 126 206 235
275 171 179 369 431 124 350 337 366 232
408 304 33 189 323 345 195 1 76 299 197
178 239 410 464 97 201 310 23 228 65 153 213
219 196 377 320 122 117 236 288 457 279 154 205 35
185 339 166 66 77 150 325 21 101 432 328 147 155 119
111 2 451 170 308 52 53 55 152 315 129 385 162 159 158
146 298 392 56 225 398 184 75 461 230 388 265 96 141 68 249
262 270 222 278 342 363 132 355 104 32 435 161 78 27 103 214 344
61 149 447 139 151 30 311 163 60 136 411 327 17 4 142 393 334 69
14 245 190 276 208 358 251 277 131 253 463 256 375 258 45 140 70 5 113
329 406 165 210 386 290 215 176 436 174 357 95 98 7 403 452 407 379 46 425
446 125 212 26 144 233 188 424 419 414 347 8 248 404 354 296 127 430 326 121 130
168 272 39 455 413 106 200 90 9 292 41 83 216 269 338 64 441 209 156 36 333 254
438 138 72 237 445 309 368 238 169 456 367 444 94 319 49 167 313 118 454 416 92 198 67
247 362 459 43 273 57 437 274 207 316 234 58 10 24 442 42 16 387 286 346 59 352 383 356
105 285 6 340 330 267 157 71 99 50 143 405 84 175 401 289 241 321 374 128 47 283 376 73 15
420 303 271 38 182 181 20 220 177 93 351 202 51 433 263 297 80 87 40 314 134 264 322 421 81 102
443 332 116 391 397 240 114 25 428 280 449 193 19 231 341 380 259 318 115 34 450 353 343 255 382 336 324
110 199 371 22 100 137 261 307 82 317 300 335 396 242 349 86 221 120 370 183 226 18 390 135 244 74 108 458
204 79 399 365 281 402 11 312 172 287 415 291 389 91 203 257 218 409 107 372 294 85 305 301 123 109 448 400 260
282 29 54 293 31 194 112 0 187 440 148 250 3 266 160 302 180 453 37 439 217 284 192 378 361 173 427 44 381 434
