17
327 21
106 339 441
184 281 316 352
365 274 358 98 104
384 111 257 8 435 167
30 411 361 280 406 108 296
155 23 16 303 353 397 132 72
181 185 159 63 419 271 182 138 107
148 69 438 404 13 242 114 323 173 136
272 15 234 319 28 32 192 220 348 191 460
91 231 146 246 324 129 415 151 103 346 439 374
288 235 260 381 152 420 337 422 10 212 38 355 39
197 22 133 334 11 18 183 5 436 61 393 48 268 198
52 230 26 314 42 333 322 233 331 177 51 50 125 315 37
20 297 369 308 354 70 425 158 6 97 170 344 291 306 391 362
196 295 209 379 456 201 285 169 64 188 53 121 457 282 450 218 300
409 241 388 351 318 9 189 347 244 172 342 317 115 57 421 214 395 239
359 60 262 430 463 74 451 399 378 142 264 78 102 232 205 345 113 118 41
174 398 35 75 405 139 82 367 71 43 222 73 276 278 401 414 99 116 464 4
258 267 402 154 203 229 254 364 380 376 171 290 462 253 403 149 59 79 269 210 424
126 418 453 343 58 326 80 49 336 426 341 105 446 340 84 131 186 330 400 179 221 150
164 36 357 273 45 101 81 112 445 175 219 447 40 135 157 134 208 383 163 226 160 338 137
407 311 47 363 294 301 180 206 66 434 455 55 370 62 312 117 65 252 249 371 427 216 245 207
428 433 292 124 270 394 144 225 305 432 166 321 19 86 194 168 100 161 128 7 458 14 95 283 156
266 366 25 459 329 3 449 200 143 256 193 277 429 356 279 293 223 385 349 309 431 377 88 437 386 202
31 325 413 204 123 176 92 443 448 67 147 187 89 109 56 199 93 90 77 387 96 2 289 444 34 145 284
213 350 255 94 286 122 375 310 44 307 83 416 0 29 195 85 33 162 120 46 261 298 423 417 396 1 190 389
178 302 250 119 251 372 76 390 87 335 68 382 237 461 127 313 440 263 54 243 265 24 238 110 215 408 299 373 392
320 240 454 224 332 153 140 368 328 217 141 130 259 211 360 410 452 165 442 27 227 248 12 304 412 247 287 228 236 275
