273
9 461
54 436 119
447 405 189 115
86 457 51 174 168
193 211 8 61 73 369
358 24 194 433 120 144 222
458 18 379 267 134 66 417 386
10 391 248 437 416 123 444 64 62
288 131 195 446 409 262 157 286 239 220
375 441 297 415 345 43 42 279 7 153 371
303 100 397 326 268 249 456 431 57 111 14 272
439 110 261 206 80 21 454 156 353 252 197 398 163
242 400 45 451 361 190 98 150 117 49 310 65 3 204
187 315 348 126 70 404 58 219 394 283 372 233 430 155 366
209 92 334 59 71 349 230 41 274 186 270 432 383 413 158 280
2 22 34 148 31 320 324 340 90 335 93 38 112 6 223 284 281
154 16 318 52 39 207 294 329 275 99 351 172 109 271 306 159 166 67
327 323 333 196 128 85 356 399 221 246 263 244 408 68 114 336 13 135 37
202 260 132 401 107 75 118 426 215 63 354 411 53 382 103 30 293 407 87 48
77 229 341 435 347 364 225 143 162 84 130 406 113 428 35 419 438 104 125 370 304
429 83 266 464 463 170 28 60 450 243 89 36 442 167 276 301 245 15 247 81 40 192
214 314 355 277 453 27 1 328 146 161 250 94 295 381 321 165 137 282 423 177 258 265 402
72 344 237 307 210 389 136 91 376 255 142 403 298 19 11 105 241 55 309 185 0 235 421 151
183 12 380 44 20 392 459 175 176 449 164 184 319 25 462 88 363 373 141 395 269 305 199 393 74
322 127 231 422 414 208 359 440 420 216 178 362 205 316 50 338 171 203 138 396 188 331 259 96 236 152
234 149 278 133 213 97 330 26 264 129 32 254 182 412 343 124 33 424 200 377 378 360 374 317 312 29 292
106 291 290 180 388 418 332 173 455 198 108 425 445 339 390 46 337 101 251 410 218 217 385 352 181 365 350 201
82 169 116 387 232 452 79 140 228 179 325 69 287 302 145 227 240 311 257 95 289 102 76 4 121 313 308 253 122
212 448 238 300 384 443 5 17 139 47 342 367 368 296 460 224 357 147 346 160 23 434 427 285 78 299 256 191 226 56
