171
152 104
383 31 217
82 446 229 412
157 445 53 12 155
30 355 67 73 231 230
275 214 165 135 267 264 462
106 372 191 208 257 142 115 239
86 158 346 393 291 292 151 102 69
404 356 424 221 163 273 220 285 120 375
233 335 249 329 250 103 91 415 453 289 380
54 199 242 369 398 401 187 139 377 172 37 311
88 186 197 16 130 435 297 265 236 72 22 338 33
8 324 288 20 202 52 376 464 39 337 427 6 456 176
326 209 71 336 431 334 107 277 344 316 58 321 99 113 90
234 101 330 407 226 438 313 189 284 51 439 203 367 309 238 458
60 450 28 441 347 387 109 331 353 366 258 290 211 411 332 24 414
363 260 351 7 340 399 2 298 389 323 200 100 3 423 243 406 287 333
261 343 222 117 282 440 166 371 227 55 283 70 253 228 210 167 81 128 307
149 300 112 269 204 38 92 48 245 192 9 416 358 129 388 175 170 426 240 223
460 177 62 303 131 368 449 443 328 254 98 27 11 430 194 124 374 21 215 164 127
168 94 89 148 248 23 432 216 47 17 452 111 198 84 74 314 361 341 262 10 218 140
379 385 444 251 83 78 160 85 281 116 271 87 434 146 327 232 318 195 105 181 68 173 419
1 95 19 322 436 35 421 350 40 378 182 413 184 133 44 286 46 304 63 41 97 64 266 93
317 29 110 190 319 153 224 461 119 365 241 454 422 169 256 272 437 134 381 15 428 114 417 259 36
418 174 26 403 205 50 13 43 188 66 279 180 392 18 354 280 138 42 360 162 49 359 310 306 278 420
80 125 25 433 364 59 252 178 219 308 0 315 212 276 442 342 274 429 295 325 61 408 348 147 320 145 179
4 75 293 394 156 122 56 396 305 390 397 183 136 79 451 357 339 463 154 255 425 137 77 34 296 14 263 294
32 235 225 207 457 312 213 345 409 201 132 386 405 362 448 193 76 400 108 196 244 459 270 384 447 373 299 118 161
123 121 391 65 402 237 159 268 302 96 185 370 301 143 144 126 349 57 246 247 150 5 352 141 455 395 382 410 206 45
