181
281 157
227 67 33
156 447 153 263
209 324 16 249 296
407 27 445 290 238 186
398 425 250 386 378 95 80
132 114 428 134 270 274 183 198
89 102 59 257 319 81 359 361 404
405 30 354 93 79 454 182 120 62 128
331 310 152 451 284 347 206 272 201 48 218
193 462 143 221 73 43 412 68 188 49 91 104
427 220 368 232 411 391 360 170 323 70 4 211 187
390 233 298 22 64 7 349 320 268 437 301 146 236 19
436 113 45 88 306 96 429 282 130 258 205 341 285 434 441
255 85 292 353 322 149 217 439 327 302 355 241 228 5 371 291
208 3 283 452 300 234 308 121 112 393 262 293 29 111 326 388 287
375 77 180 265 50 100 376 117 311 247 223 330 25 13 364 191 369 10
165 304 458 321 246 339 216 438 36 384 116 463 377 325 225 98 204 58 266
309 392 1 380 435 352 297 144 337 381 334 87 174 24 46 207 31 373 460 345
34 55 242 417 267 12 57 356 75 107 159 32 47 124 131 432 271 115 42 351 203
453 455 137 214 21 161 366 348 358 173 362 244 148 39 141 17 357 318 86 37 190 235
335 295 343 280 118 365 192 54 433 240 84 109 177 374 26 72 256 245 65 303 179 423 395
231 126 299 108 332 379 28 129 448 71 213 230 259 83 133 401 237 106 277 123 69 446 459 101
147 313 346 52 222 164 286 122 329 110 419 279 154 44 184 163 0 403 363 278 97 76 219 196 385
397 210 38 169 151 138 288 158 142 243 82 367 139 63 224 442 305 399 175 440 275 167 370 457 344 396
195 342 261 336 35 430 125 166 155 172 316 168 252 328 239 226 200 415 212 410 229 418 92 18 444 248 171
78 136 145 11 414 41 416 119 197 408 56 409 99 105 15 6 140 74 449 464 260 389 199 9 194 40 253 251
254 189 178 135 60 394 402 315 443 413 276 406 383 426 2 269 14 456 372 202 66 314 127 162 307 94 8 185 61
176 338 215 150 264 340 20 51 420 90 422 317 289 400 431 312 461 294 450 382 273 53 421 160 387 103 424 23 333 350
