432
202 319
263 251 347
308 317 343 299
320 290 315 462 390
413 361 369 406 3 7
38 375 397 135 391 12 42
48 396 60 57 274 418 23 268
151 217 30 292 82 322 225 118 1
456 223 309 294 122 66 325 123 209 33
353 171 187 149 245 148 360 459 14 220 131
22 255 80 90 115 266 124 74 443 298 160 81
226 267 297 28 17 91 316 152 161 8 40 193 449
241 20 113 287 334 150 165 88 53 310 179 422 84 231
441 211 178 354 324 163 271 137 62 395 79 36 110 392 99
43 436 356 452 210 25 346 275 283 235 399 117 13 289 321 172
136 367 296 46 279 450 357 408 405 435 130 134 349 116 444 127 234
104 388 270 70 95 93 9 133 240 454 120 242 314 335 280 24 427 214
73 32 258 71 247 177 44 332 374 352 378 37 434 35 145 146 15 83 197
101 329 176 140 109 423 238 229 398 407 366 201 64 312 252 182 27 261 344 306
4 302 246 256 167 463 50 437 153 272 350 376 63 426 348 205 351 65 433 286 184
445 284 2 339 76 230 333 393 125 424 291 237 96 373 132 6 379 67 341 401 327 411
276 253 139 189 383 295 34 453 336 59 277 114 438 77 455 192 273 175 394 126 162 195 288
259 39 31 281 377 107 386 358 385 26 461 216 232 425 72 212 447 384 381 311 215 415 307 428
431 250 102 227 221 448 143 194 440 328 156 282 331 206 300 222 200 78 380 180 208 190 183 264 249
304 29 89 355 164 364 188 414 389 430 16 228 460 303 400 18 219 204 108 92 61 198 224 5 429 154
342 412 159 112 359 218 111 457 243 141 47 75 285 257 318 168 371 382 362 254 121 10 170 420 387 85 417
421 196 416 199 305 128 419 410 174 138 265 260 58 203 313 464 248 129 233 402 404 301 119 166 41 0 439 293
56 55 21 147 51 278 451 236 87 69 365 103 207 11 157 372 169 68 105 106 173 262 363 340 19 98 213 326 158
54 144 244 368 100 155 49 142 446 52 409 345 458 186 185 442 370 403 338 94 97 181 330 323 86 239 269 191 337 45
