129
178 153
186 207 271
410 391 246 356
87 233 272 28 290
368 267 118 46 62 157
314 370 81 229 402 270 463
338 219 307 17 359 403 52 248
411 421 241 215 237 389 438 399 390
354 392 284 152 27 121 311 109 316 387
238 31 441 0 63 341 383 285 111 155 363
433 240 245 369 66 416 235 332 132 347 42 147
460 221 407 374 346 10 336 327 208 84 146 136 106
423 151 282 115 422 444 201 51 425 45 259 447 56 351
429 162 380 378 119 165 303 254 104 265 191 22 61 334 163
44 427 105 357 443 222 176 256 328 173 337 352 60 202 142 47
160 251 432 179 12 242 164 302 116 70 32 313 18 275 355 194 95
278 86 445 264 35 99 277 361 454 418 158 342 297 340 110 180 75 406
409 197 143 168 24 100 89 124 80 253 169 83 230 195 287 98 309 362 304
457 90 92 102 295 88 112 384 333 228 372 279 74 276 3 462 25 437 217 68
331 364 424 440 449 459 400 294 177 312 401 268 395 405 4 375 296 461 199 34 122
280 15 182 185 377 344 29 456 218 8 300 376 39 64 231 200 317 232 19 339 220 257
450 255 205 451 127 69 315 452 189 324 135 203 171 139 49 455 430 260 350 453 343 138 48
166 55 167 371 211 11 322 301 281 283 321 381 192 292 72 318 30 420 225 413 335 65 289 172
117 137 426 37 299 198 123 348 249 79 113 442 397 214 227 134 190 326 93 239 187 394 141 258 58
431 23 223 59 50 78 305 57 382 170 310 206 417 446 193 175 128 21 149 263 43 293 388 20 5 298
144 252 419 306 85 150 33 261 262 412 393 97 6 73 41 353 226 120 404 77 325 107 91 330 174 269 415
398 439 308 414 53 396 103 161 366 247 428 188 213 159 183 360 76 408 435 386 181 2 367 209 458 14 133 358
40 436 196 126 210 26 329 243 349 224 101 96 234 148 291 156 365 36 131 448 250 320 108 319 154 464 13 54 345
274 323 9 94 286 140 1 114 216 385 273 266 67 212 244 130 373 236 82 288 125 204 16 434 145 38 71 7 379 184
