256
234 207
151 218 59
127 80 185 274
170 342 0 71 180
145 209 237 261 229 459
79 427 25 191 420 287 351
46 53 262 410 83 402 93 114
438 173 423 263 346 110 68 347 353
36 264 448 16 39 23 409 141 314 272
121 260 455 178 184 28 35 454 29 100 9
349 316 150 305 62 283 115 348 228 223 104 296
116 161 30 315 341 364 169 138 360 278 164 206 352
326 239 327 340 368 133 226 122 289 311 334 422 232 177
58 444 176 433 384 197 323 231 189 271 258 162 460 120 343
432 31 97 157 171 132 60 227 201 221 280 18 205 268 243 66
439 251 142 92 137 379 200 101 336 462 56 48 148 249 125 309 378
443 76 181 333 450 117 139 166 267 174 461 179 78 213 195 361 241 86
355 152 366 233 6 158 331 222 225 224 276 15 255 421 17 286 308 107 119
175 431 281 47 37 413 382 136 111 339 318 416 202 365 21 370 372 135 357 350
99 383 428 458 434 106 3 130 429 118 390 324 345 67 103 19 204 51 63 329 131
376 411 32 94 8 269 275 52 354 307 11 359 403 392 91 50 211 407 306 193 134 108
165 294 246 253 22 396 238 199 75 325 155 244 154 84 186 386 330 214 290 192 338 41 69
73 190 81 1 96 344 105 279 284 442 45 49 453 337 304 254 369 295 248 126 400 242 446 123
55 259 335 167 38 146 266 377 235 4 381 457 293 90 217 257 33 358 397 156 236 301 265 129 452
2 317 42 449 5 302 187 285 194 374 240 40 441 77 451 389 388 128 74 385 387 65 12 44 208 394
437 220 445 292 10 216 245 252 24 7 149 87 417 14 398 401 319 153 112 210 393 300 310 109 456 61 367
464 82 144 88 414 64 212 288 54 371 303 196 188 147 312 282 399 424 270 159 436 172 160 380 320 299 34 415
297 447 27 332 430 426 328 247 26 20 57 219 412 419 98 435 291 425 395 72 124 408 391 440 143 230 313 321 70
406 95 168 183 215 277 298 356 113 405 89 362 43 375 322 363 203 273 102 404 85 182 250 140 13 163 463 373 418 198
