145
287 292
70 18 251
217 197 358 420
82 170 115 286 114
134 91 457 364 123 276
390 249 391 353 177 103 161
365 107 369 362 255 47 166 451
176 301 254 20 398 303 242 268 159
111 147 65 231 316 129 211 140 253 281
160 149 232 29 113 348 136 431 356 275 202
399 172 428 370 377 41 230 100 267 199 14 321
241 379 407 42 219 208 306 137 146 128 413 256 92
61 216 4 245 72 389 63 409 156 427 171 425 258 395
343 22 332 213 342 375 77 81 5 6 410 421 165 405 240
46 215 28 67 414 112 75 248 167 109 85 152 196 74 461 58
117 26 417 283 80 250 331 307 55 57 346 317 327 441 328 186 207
261 133 439 310 452 338 325 392 464 259 97 359 299 24 157 334 30 294
124 89 93 463 12 32 450 88 181 94 96 260 209 225 432 218 189 296 118
8 320 1 190 79 354 314 148 84 52 239 233 311 151 178 350 458 236 71 224
62 330 244 206 188 386 322 453 39 51 16 108 436 264 277 158 50 295 235 312 214
440 78 415 154 198 31 54 0 204 238 162 13 59 300 344 27 212 203 49 210 360 454
271 383 101 270 223 116 459 120 222 411 227 87 228 433 445 335 125 347 366 422 23 419 367
403 298 448 404 90 288 60 400 397 98 105 442 17 387 10 401 455 318 220 168 138 174 429 371
184 195 86 252 319 297 21 263 351 95 408 48 153 44 38 221 289 257 11 182 290 135 45 449 43
185 68 132 304 315 373 402 40 293 126 406 376 272 396 282 437 66 313 76 19 447 9 150 418 424 122
423 336 266 381 201 247 69 361 309 357 337 102 169 349 341 416 237 99 368 385 34 35 73 106 273 460 144
339 412 284 384 426 393 291 15 462 340 333 25 326 121 163 139 179 193 187 194 180 143 456 279 274 430 131 435
127 192 183 345 104 56 372 443 302 352 269 155 130 265 141 229 175 164 394 380 388 53 446 119 323 36 434 382 329
37 7 33 280 378 363 234 438 3 173 64 83 191 324 305 262 226 2 110 142 285 278 205 444 200 355 243 374 246 308
